-2.05977726596085 -1.88050332650428 2.06000785281223 -1.82930430749538 -2.0784342456998 2.0766320507264 -1.68490274156358 -1.94796497408604 2.30637542262053 -1.94134151853471 -1.72311909190256 2.29189665252351
-1.55203048485436 -2.19360389372871 2.19385112120648 -1.26324863127865 -2.09481165595547 2.45054288712078 -1.47424923796319 -1.75346808839801 2.59055494046947 -1.68490274156358 -1.94796497408604 2.30637542262053
-1.80443177642205 -1.52769984430336 2.53600789007926 -1.47424923796319 -1.75346808839801 2.59055494046947 -1.26304649985339 -1.61391781373922 2.79104468135453 -1.56612017898215 -1.32228871212644 2.79025035467351
-1.94134151853471 -1.72311909190256 2.29189665252351 -1.80443177642205 -1.52769984430336 2.53600789007926 -2.09443195142735 -1.25721601151035 2.45623602858178 -2.22275490725751 -1.44939236861786 2.22169787351555
-1.26324863127865 -2.09481165595547 2.45054288712078 -0.777925563615908 -2.38459914870327 2.38289016642262 -0.594784058904736 -2.17401010056383 2.62500056925644 -1.0536582226528 -1.85186359813668 2.7292642882302
-0.413374567373353 -2.43439206908917 2.43579531339722 8.48000143695219e-10 -2.24757895490199 2.62752546472592 -0.277695252756834 -1.89370208212712 2.88143948069949 -0.594784058904736 -2.17401010056383 2.62500056925644
-0.638549301253376 -1.5809351026578 3.01121067264823 -0.277695252756834 -1.89370208212712 2.88143948069949 -8.58999439117928e-16 -1.76786352032265 2.98430603250646 -0.321983292667007 -1.37724348491164 3.16181698369933
-1.0536582226528 -1.85186359813668 2.7292642882302 -0.638549301253376 -1.5809351026578 3.01121067264823 -0.957540188912515 -1.33270834170708 3.04308089122083 -1.26304649985339 -1.61391781373922 2.79104468135453
8.48000143695219e-10 -2.24757895490199 2.62752546472592 0.413374567373353 -2.43439206908917 2.43579531339722 0.594784058904736 -2.17401010056383 2.62500056925644 0.277695252756834 -1.89370208212712 2.88143948069949
0.777925563615908 -2.38459914870327 2.38289016642262 1.26324863127865 -2.09481165595547 2.45054288712078 1.0536582226528 -1.85186359813668 2.7292642882302 0.594784058904736 -2.17401010056383 2.62500056925644
0.638549301253376 -1.5809351026578 3.01121067264823 1.0536582226528 -1.85186359813668 2.7292642882302 1.26304649985339 -1.61391781373922 2.79104468135453 0.957540188912515 -1.33270834170708 3.04308089122083
0.277695252756834 -1.89370208212712 2.88143948069949 0.638549301253376 -1.5809351026578 3.01121067264823 0.321983292667007 -1.37724348491164 3.16181698369933 -8.58999439117928e-16 -1.76786352032265 2.98430603250646
1.26324863127865 -2.09481165595547 2.45054288712078 1.55203048485436 -2.19360389372871 2.19385112120648 1.68490274156358 -1.94796497408604 2.30637542262053 1.47424923796319 -1.75346808839801 2.59055494046947
1.82930430749538 -2.0784342456998 2.0766320507264 2.05977726596085 -1.88050332650428 2.06000785281223 1.94134151853471 -1.72311909190256 2.29189665252351 1.68490274156358 -1.94796497408604 2.30637542262053
1.80443177642205 -1.52769984430336 2.53600789007926 1.94134151853471 -1.72311909190256 2.29189665252351 2.22275490725751 -1.44939236861786 2.22169787351555 2.09443195142735 -1.25721601151035 2.45623602858178
1.47424923796319 -1.75346808839801 2.59055494046947 1.80443177642205 -1.52769984430336 2.53600789007926 1.56612017898215 -1.32228871212644 2.79025035467351 1.26304649985339 -1.61391781373922 2.79104468135453
-2.33257151151202 -1.06629442100957 2.33276770898256 -2.09443195142735 -1.25721601151035 2.45623602858178 -1.87171612185608 -0.887779775729712 2.76710287383889 -2.14179307176865 -0.628309923349295 2.64239380896351
-1.56612017898215 -1.32228871212644 2.79025035467351 -1.34451178446065 -1.04091585113029 3.01074928349301 -1.65124192576539 -0.630981397816272 2.97855293562088 -1.87171612185608 -0.887779775729712 2.76710287383889
-1.92804932526473 -0.372176068062036 2.85340964258341 -1.65124192576539 -0.630981397816272 2.97855293562088 -1.32681216072624 -0.297773084265078 3.18450903366756 -1.6066774174765 2.1147845273273e-17 3.06135934478901
-2.14179307176865 -0.628309923349295 2.64239380896351 -1.92804932526473 -0.372176068062036 2.85340964258341 -2.24515622979994 2.67499150250699e-17 2.63901441808643 -2.43928276868581 -0.292322724640072 2.43953557690702
-1.34451178446065 -1.04091585113029 3.01074928349301 -0.957540188912515 -1.33270834170708 3.04308089122083 -0.643401676226905 -1.00830118077747 3.251975379903 -1.02333663736186 -0.703818382842684 3.22610204666219
-0.321983292667007 -1.37724348491164 3.16181698369933 1.00250091613153e-16 -0.977181519535098 3.31688530150783 -0.306419971194399 -0.683260336869157 3.38439654336212 -0.643401676226905 -1.00830118077747 3.251975379903
-0.687206506123558 -0.380761911867037 3.36886075197686 -0.306419971194399 -0.683260336869157 3.38439654336212 -2.06655180304724e-17 -0.298642604197278 3.45349536891204 -0.37151219505976 2.60536153000603e-17 3.43866139832961
-1.02333663736186 -0.703818382842684 3.22610204666219 -0.687206506123558 -0.380761911867037 3.36886075197686 -1.00669184069026 3.11583969146558e-17 3.31922282145201 -1.32681216072624 -0.297773084265078 3.18450903366756
1.00250091613153e-16 -0.977181519535098 3.31688530150783 0.321983292667007 -1.37724348491164 3.16181698369933 0.643401676226905 -1.00830118077747 3.251975379903 0.306419971194399 -0.683260336869157 3.38439654336212
0.957540188912515 -1.33270834170708 3.04308089122083 1.34451178446065 -1.04091585113029 3.01074928349301 1.02333663736186 -0.703818382842684 3.22610204666219 0.643401676226905 -1.00830118077747 3.251975379903
0.687206506123558 -0.380761911867037 3.36886075197686 1.02333663736186 -0.703818382842684 3.22610204666219 1.32681216072624 -0.297773084265078 3.18450903366756 1.00669184069026 3.11583969146558e-17 3.31922282145201
0.306419971194399 -0.683260336869157 3.38439654336212 0.687206506123558 -0.380761911867037 3.36886075197686 0.37151219505976 2.60536153000603e-17 3.43866139832961 -2.06655180304724e-17 -0.298642604197278 3.45349536891204
1.34451178446065 -1.04091585113029 3.01074928349301 1.56612017898215 -1.32228871212644 2.79025035467351 1.87171612185608 -0.887779775729712 2.76710287383889 1.65124192576539 -0.630981397816272 2.97855293562088
2.09443195142735 -1.25721601151035 2.45623602858178 2.33257151151202 -1.06629442100957 2.33276770898256 2.14179307176865 -0.628309923349295 2.64239380896351 1.87171612185608 -0.887779775729712 2.76710287383889
1.92804932526473 -0.372176068062036 2.85340964258341 2.14179307176865 -0.628309923349295 2.64239380896351 2.43928276868581 -0.292322724640072 2.43953557690702 2.24515622979994 2.67499150250699e-17 2.63901441808643
1.65124192576539 -0.630981397816272 2.97855293562088 1.92804932526473 -0.372176068062036 2.85340964258341 1.6066774174765 2.1147845273273e-17 3.06135934478901 1.32681216072624 -0.297773084265078 3.18450903366756
-2.43928276868581 0.292322724640072 2.43953557690702 -2.24515622979994 2.67499150250699e-17 2.63901441808643 -1.92804932526473 0.372176068062036 2.85340964258341 -2.14179307176865 0.628309923349295 2.64239380896351
-1.6066774174765 2.1147845273273e-17 3.06135934478901 -1.32681216072624 0.297773084265078 3.18450903366756 -1.65124192576539 0.630981397816272 2.97855293562088 -1.92804932526473 0.372176068062036 2.85340964258341
-1.87171612185608 0.887779775729712 2.76710287383889 -1.65124192576539 0.630981397816272 2.97855293562088 -1.34451178446065 1.04091585113029 3.01074928349301 -1.56612017898215 1.32228871212644 2.79025035467351
-2.14179307176865 0.628309923349295 2.64239380896351 -1.87171612185608 0.887779775729712 2.76710287383889 -2.09443195142735 1.25721601151035 2.45623602858178 -2.33257151151202 1.06629442100957 2.33276770898256
-1.32681216072624 0.297773084265078 3.18450903366756 -1.00669184069026 3.11583969146558e-17 3.31922282145201 -0.687206506123558 0.380761911867037 3.36886075197686 -1.02333663736186 0.703818382842684 3.22610204666219
-0.37151219505976 2.60536153000603e-17 3.43866139832961 -2.06655180304724e-17 0.298642604197278 3.45349536891204 -0.306419971194399 0.683260336869157 3.38439654336212 -0.687206506123558 0.380761911867037 3.36886075197686
-0.643401676226905 1.00830118077747 3.251975379903 -0.306419971194399 0.683260336869157 3.38439654336212 1.00250091613153e-16 0.977181519535098 3.31688530150783 -0.321983292667007 1.37724348491164 3.16181698369933
-1.02333663736186 0.703818382842684 3.22610204666219 -0.643401676226905 1.00830118077747 3.251975379903 -0.957540188912515 1.33270834170708 3.04308089122083 -1.34451178446065 1.04091585113029 3.01074928349301
-2.06655180304724e-17 0.298642604197278 3.45349536891204 0.37151219505976 2.60536153000603e-17 3.43866139832961 0.687206506123558 0.380761911867037 3.36886075197686 0.306419971194399 0.683260336869157 3.38439654336212
1.00669184069026 3.11583969146558e-17 3.31922282145201 1.32681216072624 0.297773084265078 3.18450903366756 1.02333663736186 0.703818382842684 3.22610204666219 0.687206506123558 0.380761911867037 3.36886075197686
0.643401676226905 1.00830118077747 3.251975379903 1.02333663736186 0.703818382842684 3.22610204666219 1.34451178446065 1.04091585113029 3.01074928349301 0.957540188912515 1.33270834170708 3.04308089122083
0.306419971194399 0.683260336869157 3.38439654336212 0.643401676226905 1.00830118077747 3.251975379903 0.321983292667007 1.37724348491164 3.16181698369933 1.00250091613153e-16 0.977181519535098 3.31688530150783
1.32681216072624 0.297773084265078 3.18450903366756 1.6066774174765 2.1147845273273e-17 3.06135934478901 1.92804932526473 0.372176068062036 2.85340964258341 1.65124192576539 0.630981397816272 2.97855293562088
2.24515622979994 2.67499150250699e-17 2.63901441808643 2.43928276868581 0.292322724640072 2.43953557690702 2.14179307176865 0.628309923349295 2.64239380896351 1.92804932526473 0.372176068062036 2.85340964258341
1.87171612185608 0.887779775729712 2.76710287383889 2.14179307176865 0.628309923349295 2.64239380896351 2.33257151151202 1.06629442100957 2.33276770898256 2.09443195142735 1.25721601151035 2.45623602858178
1.65124192576539 0.630981397816272 2.97855293562088 1.87171612185608 0.887779775729712 2.76710287383889 1.56612017898215 1.32228871212644 2.79025035467351 1.34451178446065 1.04091585113029 3.01074928349301
-2.22275490725751 1.44939236861786 2.22169787351555 -2.09443195142735 1.25721601151035 2.45623602858178 -1.80443177642205 1.52769984430336 2.53600789007926 -1.94134151853471 1.72311909190256 2.29189665252351
-1.56612017898215 1.32228871212644 2.79025035467351 -1.26304649985339 1.61391781373922 2.79104468135453 -1.47424923796319 1.75346808839801 2.59055494046947 -1.80443177642205 1.52769984430336 2.53600789007926
-1.68490274156358 1.94796497408604 2.30637542262053 -1.47424923796319 1.75346808839801 2.59055494046947 -1.26324863127865 2.09481165595547 2.45054288712078 -1.55203048485436 2.19360389372871 2.19385112120648
-1.94134151853471 1.72311909190256 2.29189665252351 -1.68490274156358 1.94796497408604 2.30637542262053 -1.82930430749538 2.0784342456998 2.0766320507264 -2.05977726596085 1.88050332650428 2.06000785281223
-1.26304649985339 1.61391781373922 2.79104468135453 -0.957540188912515 1.33270834170708 3.04308089122083 -0.638549301253376 1.5809351026578 3.01121067264823 -1.0536582226528 1.85186359813668 2.7292642882302
-0.321983292667007 1.37724348491164 3.16181698369933 -8.58999439117928e-16 1.76786352032265 2.98430603250646 -0.277695252756834 1.89370208212712 2.88143948069949 -0.638549301253376 1.5809351026578 3.01121067264823
-0.594784058904736 2.17401010056383 2.62500056925644 -0.277695252756834 1.89370208212712 2.88143948069949 8.48000143695219e-10 2.24757895490199 2.62752546472592 -0.413374567373353 2.43439206908917 2.43579531339722
-1.0536582226528 1.85186359813668 2.7292642882302 -0.594784058904736 2.17401010056383 2.62500056925644 -0.777925563615908 2.38459914870327 2.38289016642262 -1.26324863127865 2.09481165595547 2.45054288712078
-8.58999439117928e-16 1.76786352032265 2.98430603250646 0.321983292667007 1.37724348491164 3.16181698369933 0.638549301253376 1.5809351026578 3.01121067264823 0.277695252756834 1.89370208212712 2.88143948069949
0.957540188912515 1.33270834170708 3.04308089122083 1.26304649985339 1.61391781373922 2.79104468135453 1.0536582226528 1.85186359813668 2.7292642882302 0.638549301253376 1.5809351026578 3.01121067264823
0.594784058904736 2.17401010056383 2.62500056925644 1.0536582226528 1.85186359813668 2.7292642882302 1.26324863127865 2.09481165595547 2.45054288712078 0.777925563615908 2.38459914870327 2.38289016642262
0.277695252756834 1.89370208212712 2.88143948069949 0.594784058904736 2.17401010056383 2.62500056925644 0.413374567373353 2.43439206908917 2.43579531339722 8.48000143695219e-10 2.24757895490199 2.62752546472592
1.26304649985339 1.61391781373922 2.79104468135453 1.56612017898215 1.32228871212644 2.79025035467351 1.80443177642205 1.52769984430336 2.53600789007926 1.47424923796319 1.75346808839801 2.59055494046947
2.09443195142735 1.25721601151035 2.45623602858178 2.22275490725751 1.44939236861786 2.22169787351555 1.94134151853471 1.72311909190256 2.29189665252351 1.80443177642205 1.52769984430336 2.53600789007926
1.68490274156358 1.94796497408604 2.30637542262053 1.94134151853471 1.72311909190256 2.29189665252351 2.05977726596085 1.88050332650428 2.06000785281223 1.82930430749538 2.0784342456998 2.0766320507264
1.47424923796319 1.75346808839801 2.59055494046947 1.68490274156358 1.94796497408604 2.30637542262053 1.55203048485436 2.19360389372871 2.19385112120648 1.26324863127865 2.09481165595547 2.45054288712078
