-1.7648415339293 -1.76482438275724 0 -1.46058703960966 -1.76482438570193 0 -1.42352578456065 -1.46602257281845 0 -1.76484154355223 -1.46057245044097 0
-1.46058703960966 -1.76482438570193 0 -1.06178174530596 -1.76482291326248 0 -1.039894254501 -1.34036914668327 0 -1.42352578456065 -1.46602257281845 0
-1.42352578456065 -1.46602257281845 0 -1.039894254501 -1.34036914668327 0 -1.01724253475823 -1.01823998966795 0 -1.43558853794955 -1.06169621677063 0
-1.76484154355223 -1.46057245044097 0 -1.42352578456065 -1.46602257281845 0 -1.43558853794955 -1.06169621677063 0 -1.76484022664069 -1.06176462360631 0
-1.06178174530596 -1.76482291326248 0 -0.492490816541781 -1.76482473156238 0 -0.472328949590323 -1.39590806858071 0 -1.039894254501 -1.34036914668327 0
-0.492490816541781 -1.76482473156238 0 -9.2775409146145e-06 -1.76482669975106 0 -9.03730334428031e-06 -1.24828452096279 0 -0.472328949590323 -1.39590806858071 0
-0.472328949590323 -1.39590806858071 0 -9.03730334428031e-06 -1.24828452096279 0 -6.73708627046999e-06 -0.926522267029048 0 -0.532072370413821 -0.994885932846041 0
-1.039894254501 -1.34036914668327 0 -0.472328949590323 -1.39590806858071 0 -0.532072370413821 -0.994885932846041 0 -1.01724253475823 -1.01823998966795 0
-9.2775409146145e-06 -1.76482669975106 0 0.492472318877346 -1.76482626857157 0 0.472310737260697 -1.39590850995554 0 -9.03730334428031e-06 -1.24828452096279 0
0.492472318877346 -1.76482626857157 0 1.0617631887841 -1.76482390440841 0 1.03987624815605 -1.34037310696279 0 0.472310737260697 -1.39590850995554 0
0.472310737260697 -1.39590850995554 0 1.03987624815605 -1.34037310696279 0 1.01722525975928 -1.01825014955288 0 0.532055734812529 -0.994888515511685 0
-9.03730334428031e-06 -1.24828452096279 0 0.472310737260697 -1.39590850995554 0 0.532055734812529 -0.994888515511685 0 -6.73708627046999e-06 -0.926522267029048 0
1.0617631887841 -1.76482390440841 0 1.46056831398541 -1.76482438570193 0 1.42350750691963 -1.46602389970071 0 1.03987624815605 -1.34037310696279 0
1.46056831398541 -1.76482438570193 0 1.76482297703996 -1.76482602751718 0 1.76482327100453 -1.46057409407877 0 1.42350750691963 -1.46602389970071 0
1.42350750691963 -1.46602389970071 0 1.76482327100453 -1.46057409407877 0 1.76482395304212 -1.06177128974152 0 1.43557220982153 -1.06169966240555 0
1.03987624815605 -1.34037310696279 0 1.42350750691963 -1.46602389970071 0 1.43557220982153 -1.06169966240555 0 1.01722525975928 -1.01825014955288 0
-1.76484022664069 -1.06176462360631 0 -1.43558853794955 -1.06169621677063 0 -1.37226232997394 -0.533763020321575 0 -1.76483523846374 -0.492471065512536 0
-1.43558853794955 -1.06169621677063 0 -1.01724253475823 -1.01823998966795 0 -0.974079911617893 -0.507061954930385 0 -1.37226232997394 -0.533763020321575 0
-1.37226232997394 -0.533763020321575 0 -0.974079911617893 -0.507061954930385 0 -0.934387780941456 1.09188193958971e-05 0 -1.36118894329947 1.08030879833321e-05 0
-1.76483523846374 -0.492471065512536 0 -1.37226232997394 -0.533763020321575 0 -1.36118894329947 1.08030879833321e-05 0 -1.76483420404016 1.14009571295254e-05 0
-1.01724253475823 -1.01823998966795 0 -0.532072370413821 -0.994885932846041 0 -0.486556903006504 -0.499421423947272 0 -0.974079911617893 -0.507061954930385 0
-0.532072370413821 -0.994885932846041 0 -6.73708627046999e-06 -0.926522267029048 0 -2.10286659416952e-06 -0.496591123005398 0 -0.486556903006504 -0.499421423947272 0
-0.486556903006504 -0.499421423947272 0 -2.10286659416952e-06 -0.496591123005398 0 5.2215915843201e-06 -5.08456592219773e-06 0 -0.47688970629188 -1.06735487528479e-06 0
-0.974079911617893 -0.507061954930385 0 -0.486556903006504 -0.499421423947272 0 -0.47688970629188 -1.06735487528479e-06 0 -0.934387780941456 1.09188193958971e-05 0
-6.73708627046999e-06 -0.926522267029048 0 0.532055734812529 -0.994888515511685 0 0.486541610122141 -0.499420673048326 0 -2.10286659416952e-06 -0.496591123005398 0
0.532055734812529 -0.994888515511685 0 1.01722525975928 -1.01825014955288 0 0.974056954770142 -0.507073573259925 0 0.486541610122141 -0.499420673048326 0
0.486541610122141 -0.499420673048326 0 0.974056954770142 -0.507073573259925 0 0.934373492828982 -6.31624496595556e-06 0 0.476887283279319 1.30856677445731e-07 0
-2.10286659416952e-06 -0.496591123005398 0 0.486541610122141 -0.499420673048326 0 0.476887283279319 1.30856677445731e-07 0 5.2215915843201e-06 -5.08456592219773e-06 0
1.01722525975928 -1.01825014955288 0 1.43557220982153 -1.06169966240555 0 1.37225116568783 -0.533765846588179 0 0.974056954770142 -0.507073573259925 0
1.43557220982153 -1.06169966240555 0 1.76482395304212 -1.06177128974152 0 1.76482447804519 -0.492477731598029 0 1.37225116568783 -0.533765846588179 0
1.37225116568783 -0.533765846588179 0 1.76482447804519 -0.492477731598029 0 1.76481947570716 1.13113494012503e-05 0 1.36117463795592 -1.24677881810655e-05 0
0.974056954770142 -0.507073573259925 0 1.37225116568783 -0.533765846588179 0 1.36117463795592 -1.24677881810655e-05 0 0.934373492828982 -6.31624496595556e-06 0
-1.76483420404016 1.14009571295254e-05 0 -1.36118894329947 1.08030879833321e-05 0 -1.37226061141543 0.533784673743205 0 -1.76483377955822 0.492493867427714 0
-1.36118894329947 1.08030879833321e-05 0 -0.934387780941456 1.09188193958971e-05 0 -0.974077570600598 0.507085951676158 0 -1.37226061141543 0.533784673743205 0
-1.37226061141543 0.533784673743205 0 -0.974077570600598 0.507085951676158 0 -1.01722127631264 1.01824777068162 0 -1.43556830527828 1.06169655497731 0
-1.76483377955822 0.492493867427714 0 -1.37226061141543 0.533784673743205 0 -1.43556830527828 1.06169655497731 0 -1.76482004900244 1.0617676055402 0
-0.934387780941456 1.09188193958971e-05 0 -0.47688970629188 -1.06735487528479e-06 0 -0.486547959742372 0.499419977344642 0 -0.974077570600598 0.507085951676158 0
-0.47688970629188 -1.06735487528479e-06 0 5.2215915843201e-06 -5.08456592219773e-06 0 8.29442625444485e-06 0.496581913567729 0 -0.486547959742372 0.499419977344642 0
-0.486547959742372 0.499419977344642 0 8.29442625444485e-06 0.496581913567729 0 1.35603488953453e-05 0.926520777384312 0 -0.532051709990088 0.994886987705519 0
-0.974077570600598 0.507085951676158 0 -0.486547959742372 0.499419977344642 0 -0.532051709990088 0.994886987705519 0 -1.01722127631264 1.01824777068162 0
5.2215915843201e-06 -5.08456592219773e-06 0 0.476887283279319 1.30856677445731e-07 0 0.48655578778472 0.499420751823637 0 8.29442625444485e-06 0.496581913567729 0
0.476887283279319 1.30856677445731e-07 0 0.934373492828982 -6.31624496595556e-06 0 0.974070420210983 0.507067949133263 0 0.48655578778472 0.499420751823637 0
0.48655578778472 0.499420751823637 0 0.974070420210983 0.507067949133263 0 1.01724359819654 1.01824533208093 0 0.53207404268222 0.994886679056787 0
8.29442625444485e-06 0.496581913567729 0 0.48655578778472 0.499420751823637 0 0.53207404268222 0.994886679056787 0 1.35603488953453e-05 0.926520777384312 0
0.934373492828982 -6.31624496595556e-06 0 1.36117463795592 -1.24677881810655e-05 0 1.37225483426985 0.53376205075931 0 0.974070420210983 0.507067949133263 0
1.36117463795592 -1.24677881810655e-05 0 1.76481947570716 1.13113494012503e-05 0 1.76482710708321 0.492464052640277 0 1.37225483426985 0.53376205075931 0
1.37225483426985 0.53376205075931 0 1.76482710708321 0.492464052640277 0 1.76483972088487 1.06175761038702 0 1.43558911644507 1.06169383169916 0
0.974070420210983 0.507067949133263 0 1.37225483426985 0.53376205075931 0 1.43558911644507 1.06169383169916 0 1.01724359819654 1.01824533208093 0
-1.76482004900244 1.0617676055402 0 -1.43556830527828 1.06169655497731 0 -1.42350430995498 1.46602081249221 0 -1.76481590324884 1.46057543233515 0
-1.43556830527828 1.06169655497731 0 -1.01722127631264 1.01824777068162 0 -1.0398728298166 1.34037068990719 0 -1.42350430995498 1.46602081249221 0
-1.42350430995498 1.46602081249221 0 -1.0398728298166 1.34037068990719 0 -1.06176051354428 1.76482144882862 0 -1.46056563716049 1.76482123186311 0
-1.76481590324884 1.46057543233515 0 -1.42350430995498 1.46602081249221 0 -1.46056563716049 1.76482123186311 0 -1.76482029972227 1.7648223469234 0
-1.01722127631264 1.01824777068162 0 -0.532051709990088 0.994886987705519 0 -0.472307416036377 1.39590708658778 0 -1.0398728298166 1.34037068990719 0
-0.532051709990088 0.994886987705519 0 1.35603488953453e-05 0.926520777384312 0 1.26173298926713e-05 1.24828392710856 0 -0.472307416036377 1.39590708658778 0
-0.472307416036377 1.39590708658778 0 1.26173298926713e-05 1.24828392710856 0 1.19539190866169e-05 1.7648261047023 0 -0.49246964377527 1.76482480969741 0
-1.0398728298166 1.34037068990719 0 -0.472307416036377 1.39590708658778 0 -0.49246964377527 1.76482480969741 0 -1.06176051354428 1.76482144882862 0
1.35603488953453e-05 0.926520777384312 0 0.53207404268222 0.994886679056787 0 0.472332271068716 1.39590830239379 0 1.26173298926713e-05 1.24828392710856 0
0.53207404268222 0.994886679056787 0 1.01724359819654 1.01824533208093 0 1.03989452992703 1.34036922709491 0 0.472332271068716 1.39590830239379 0
0.472332271068716 1.39590830239379 0 1.03989452992703 1.34036922709491 0 1.06178442655542 1.7648198721031 0 0.492493497928303 1.76482512396756 0
1.26173298926713e-05 1.24828392710856 0 0.472332271068716 1.39590830239379 0 0.492493497928303 1.76482512396756 0 1.19539190866169e-05 1.7648261047023 0
1.01724359819654 1.01824533208093 0 1.43558911644507 1.06169383169916 0 1.42353628621174 1.46602028919645 0 1.03989452992703 1.34036922709491 0
1.43558911644507 1.06169383169916 0 1.76483972088487 1.06175761038702 0 1.76484772825531 1.46056543765053 0 1.42353628621174 1.46602028919645 0
1.42353628621174 1.46602028919645 0 1.76484772825531 1.46056543765053 0 1.76485199269721 1.7648173710592 0 1.46059749926776 1.76482164810469 0
1.03989452992703 1.34036922709491 0 1.42353628621174 1.46602028919645 0 1.46059749926776 1.76482164810469 0 1.06178442655542 1.7648198721031 0
