0 2 1 3
0 3 3 0
0 1 63 2
1 2 2 1
1 1 4 0
1 0 62 3
2 0 3 1
2 2 7 3
2 3 13 0
3 2 12 1
4 2 5 3
4 3 7 0
4 1 67 2
5 2 6 1
5 1 8 0
5 0 66 3
6 0 7 1
6 2 11 3
6 3 17 0
7 2 16 1
8 2 9 3
8 3 11 0
8 1 71 2
9 2 10 1
9 0 70 3
10 0 11 1
10 3 21 0
11 2 20 1
12 2 13 3
12 3 15 0
13 2 14 1
13 1 16 0
14 0 15 1
14 2 19 3
14 3 25 0
15 2 24 1
16 2 17 3
16 3 19 0
17 2 18 1
17 1 20 0
18 0 19 1
18 2 23 3
18 3 29 0
19 2 28 1
20 2 21 3
20 3 23 0
21 2 22 1
22 0 23 1
22 3 33 0
23 2 32 1
24 2 25 3
24 3 27 0
25 2 26 1
25 1 28 0
26 0 27 1
26 2 31 3
26 3 134 1
27 2 135 2
28 2 29 3
28 3 31 0
29 2 30 1
29 1 32 0
30 0 31 1
30 2 35 3
30 3 138 1
31 2 139 2
32 2 33 3
32 3 35 0
33 2 34 1
34 0 35 1
34 3 142 1
35 2 143 2
36 2 37 3
36 3 39 0
36 1 72 3
36 0 180 0
37 2 38 1
37 1 40 0
37 0 73 0
38 0 39 1
38 2 43 3
38 3 49 0
39 2 48 1
39 3 183 1
40 2 41 3
40 3 43 0
40 1 76 3
41 2 42 1
41 1 44 0
41 0 77 0
42 0 43 1
42 2 47 3
42 3 53 0
43 2 52 1
44 2 45 3
44 3 47 0
44 1 80 3
45 2 46 1
45 0 81 0
45 1 144 0
46 0 47 1
46 3 57 0
46 2 147 3
47 2 56 1
48 2 49 3
48 3 51 0
48 0 192 0
49 2 50 1
49 1 52 0
50 0 51 1
50 2 55 3
50 3 61 0
51 2 60 1
51 3 195 1
52 2 53 3
52 3 55 0
53 2 54 1
53 1 56 0
54 0 55 1
54 2 59 3
54 3 65 0
55 2 64 1
56 2 57 3
56 3 59 0
57 2 58 1
57 1 156 0
58 0 59 1
58 3 69 0
58 2 159 3
59 2 68 1
60 2 61 3
60 3 63 0
60 0 204 0
61 2 62 1
61 1 64 0
62 0 63 1
62 2 67 3
63 3 207 1
64 2 65 3
64 3 67 0
65 2 66 1
65 1 68 0
66 0 67 1
66 2 71 3
68 2 69 3
68 3 71 0
69 2 70 1
69 1 168 0
70 0 71 1
70 2 171 3
72 2 73 1
72 1 75 0
73 2 74 3
73 3 76 0
74 0 75 3
74 2 79 1
74 1 85 0
75 2 84 3
76 2 77 1
76 1 79 0
77 2 78 3
77 3 80 0
78 0 79 3
78 2 83 1
78 1 89 0
79 2 88 3
80 2 81 1
80 1 83 0
81 2 82 3
82 0 83 3
82 1 93 0
83 2 92 3
84 2 85 1
84 1 87 0
85 2 86 3
85 3 88 0
86 0 87 3
86 2 91 1
86 1 97 0
87 2 96 3
88 2 89 1
88 1 91 0
89 2 90 3
89 3 92 0
90 0 91 3
90 2 95 1
90 1 101 0
91 2 100 3
92 2 93 1
92 1 95 0
93 2 94 3
94 0 95 3
94 1 105 0
95 2 104 3
96 2 97 1
96 1 99 0
97 2 98 3
97 3 100 0
98 0 99 3
98 2 103 1
98 1 109 0
99 2 108 3
100 2 101 1
100 1 103 0
101 2 102 3
101 3 104 0
102 0 103 3
102 2 107 1
102 1 113 0
103 2 112 3
104 2 105 1
104 1 107 0
105 2 106 3
106 0 107 3
106 1 117 0
107 2 116 3
108 2 109 1
108 1 111 0
108 0 189 3
109 2 110 3
109 3 112 0
110 0 111 3
110 2 115 1
110 1 121 0
111 2 120 3
111 1 190 2
112 2 113 1
112 1 115 0
113 2 114 3
113 3 116 0
114 0 115 3
114 2 119 1
114 1 125 0
115 2 124 3
116 2 117 1
116 1 119 0
117 2 118 3
117 3 153 1
118 0 119 3
118 1 129 0
118 2 154 2
119 2 128 3
120 2 121 1
120 1 123 0
120 0 201 3
121 2 122 3
121 3 124 0
122 0 123 3
122 2 127 1
122 1 133 0
123 2 132 3
123 1 202 2
124 2 125 1
124 1 127 0
125 2 126 3
125 3 128 0
126 0 127 3
126 2 131 1
126 1 137 0
127 2 136 3
128 2 129 1
128 1 131 0
129 2 130 3
129 3 165 1
130 0 131 3
130 1 141 0
130 2 166 2
131 2 140 3
132 2 133 1
132 1 135 0
132 0 213 3
133 2 134 3
133 3 136 0
134 0 135 3
134 2 139 1
135 1 214 2
136 2 137 1
136 1 139 0
137 2 138 3
137 3 140 0
138 0 139 3
138 2 143 1
140 2 141 1
140 1 143 0
141 2 142 3
141 3 177 1
142 0 143 3
142 2 178 2
144 2 145 3
144 3 147 0
145 2 146 1
145 1 148 0
146 0 147 1
146 2 151 3
146 3 157 0
147 2 156 1
148 2 149 3
148 3 151 0
149 2 150 1
149 1 152 0
150 0 151 1
150 2 155 3
150 3 161 0
151 2 160 1
152 2 153 3
152 3 155 0
153 2 154 1
154 0 155 1
154 3 165 0
155 2 164 1
156 2 157 3
156 3 159 0
157 2 158 1
157 1 160 0
158 0 159 1
158 2 163 3
158 3 169 0
159 2 168 1
160 2 161 3
160 3 163 0
161 2 162 1
161 1 164 0
162 0 163 1
162 2 167 3
162 3 173 0
163 2 172 1
164 2 165 3
164 3 167 0
165 2 166 1
166 0 167 1
166 3 177 0
167 2 176 1
168 2 169 3
168 3 171 0
169 2 170 1
169 1 172 0
170 0 171 1
170 2 175 3
172 2 173 3
172 3 175 0
173 2 174 1
173 1 176 0
174 0 175 1
174 2 179 3
176 2 177 3
176 3 179 0
177 2 178 1
178 0 179 1
180 2 181 1
180 1 183 0
181 2 182 3
181 3 184 0
182 0 183 3
182 2 187 1
182 1 193 0
183 2 192 3
184 2 185 1
184 1 187 0
185 2 186 3
185 3 188 0
186 0 187 3
186 2 191 1
186 1 197 0
187 2 196 3
188 2 189 1
188 1 191 0
189 2 190 3
190 0 191 3
190 1 201 0
191 2 200 3
192 2 193 1
192 1 195 0
193 2 194 3
193 3 196 0
194 0 195 3
194 2 199 1
194 1 205 0
195 2 204 3
196 2 197 1
196 1 199 0
197 2 198 3
197 3 200 0
198 0 199 3
198 2 203 1
198 1 209 0
199 2 208 3
200 2 201 1
200 1 203 0
201 2 202 3
202 0 203 3
202 1 213 0
203 2 212 3
204 2 205 1
204 1 207 0
205 2 206 3
205 3 208 0
206 0 207 3
206 2 211 1
208 2 209 1
208 1 211 0
209 2 210 3
209 3 212 0
210 0 211 3
210 2 215 1
212 2 213 1
212 1 215 0
213 2 214 3
214 0 215 3
