-2.02527547977962 -1.95410551699042 2.02912651836602 -1.86839997246961 -2.05482397174083 2.06695970997386 -1.78803475090281 -1.93235342652477 2.25150320569405 -1.98528460292858 -1.83743736691077 2.17389554026042
-1.76626191013909 -2.11372019061712 2.102697857238 -0.805437524685333 -2.16166408107705 2.57652968521578 -1.03260368750141 -1.8468715875389 2.73306522080623 -1.78803475090281 -1.93235342652477 2.25150320569405
-1.83545336677148 -1.76343423958977 2.33514261383895 -1.03260368750141 -1.8468715875389 2.73306522080623 -1.04548495042771 -1.13327965971403 3.1011861790638 -1.6194779746516 -0.844777162162242 2.93701716183824
-1.98528460292858 -1.83743736691077 2.17389554026042 -1.83545336677148 -1.76343423958977 2.33514261383895 -2.10363591976642 -0.724741432908276 2.65455455608205 -2.37316556618297 -0.856164618231528 2.36543289172952
-0.805437524685333 -2.16166408107705 2.57652968521578 -0.205872525606123 -2.44809884243611 2.44728523699996 -3.60313763751035e-17 -2.13956782259167 2.71855121723691 -0.761579933921461 -1.83608067099128 2.8359115619384
0.205872525606123 -2.44809884243611 2.44728523699996 0.805437524685333 -2.16166408107705 2.57652968521578 0.761579933921461 -1.83608067099128 2.8359115619384 -3.60313763751035e-17 -2.13956782259167 2.71855121723691
-2.66771538169236e-17 -1.60399002578917 3.06396744609094 0.761579933921461 -1.83608067099128 2.8359115619384 1.04548495042771 -1.13327965971403 3.1011861790638 0.207487189514328 -0.958677860494081 3.3162742208983
-0.761579933921461 -1.83608067099128 2.8359115619384 -2.66771538169236e-17 -1.60399002578917 3.06396744609094 -0.207487189514328 -0.958677860494081 3.3162742208983 -1.04548495042771 -1.13327965971403 3.1011861790638
0.805437524685333 -2.16166408107705 2.57652968521578 1.76626191013909 -2.11372019061712 2.102697857238 1.78803475090281 -1.93235342652477 2.25150320569405 1.03260368750141 -1.8468715875389 2.73306522080623
1.86839997246961 -2.05482397174083 2.06695970997386 2.02527547977962 -1.95410551699042 2.02912651836602 1.98528460292858 -1.83743736691077 2.17389554026042 1.78803475090281 -1.93235342652477 2.25150320569405
1.83545336677148 -1.76343423958977 2.33514261383895 1.98528460292858 -1.83743736691077 2.17389554026042 2.37316556618297 -0.856164618231528 2.36543289172952 2.10363591976642 -0.724741432908276 2.65455455608205
1.03260368750141 -1.8468715875389 2.73306522080623 1.83545336677148 -1.76343423958977 2.33514261383895 1.6194779746516 -0.844777162162242 2.93701716183824 1.04548495042771 -1.13327965971403 3.1011861790638
-2.4150827900857 -0.572927315643494 2.42333357471529 -2.10363591976642 -0.724741432908276 2.65455455608205 -1.81737606871859 -0.267020487774935 2.9400500392126 -2.17124708887791 1.18615623774753e-07 2.68890393988811
-1.6194779746516 -0.844777162162242 2.93701716183824 -1.04230924133645 -0.687761563964182 3.22318409347444 -1.33903687116689 -3.16159221530145e-12 3.19911916535979 -1.81737606871859 -0.267020487774935 2.9400500392126
-1.81737606871859 0.267020487774935 2.9400500392126 -1.33903687116689 -3.16159221530145e-12 3.19911916535979 -1.04230924133645 0.687761563964182 3.22318409347444 -1.6194779746516 0.844777162162242 2.93701716183824
-2.17124708887791 1.18615623774753e-07 2.68890393988811 -1.81737606871859 0.267020487774935 2.9400500392126 -2.10363591976642 0.724741432908276 2.65455455608205 -2.4150827900857 0.572927315643494 2.42333357471529
-1.04230924133645 -0.687761563964182 3.22318409347444 -0.207487189514328 -0.958677860494081 3.3162742208983 -6.46958253744882e-17 -0.244500867872586 3.45606910725965 -0.781898643544763 1.41319531978468e-13 3.36748928870598
0.207487189514328 -0.958677860494081 3.3162742208983 1.04230924133645 -0.687761563964182 3.22318409347444 0.781898643544763 1.41319531978468e-13 3.36748928870598 -6.46958253744882e-17 -0.244500867872586 3.45606910725965
-6.46958253744882e-17 0.244500867872586 3.45606910725965 0.781898643544763 1.41319531978468e-13 3.36748928870598 1.04230924133645 0.687761563964182 3.22318409347444 0.207487189514328 0.958677860494081 3.3162742208983
-0.781898643544763 1.41319531978468e-13 3.36748928870598 -6.46958253744882e-17 0.244500867872586 3.45606910725965 -0.207487189514328 0.958677860494081 3.3162742208983 -1.04230924133645 0.687761563964182 3.22318409347444
1.04230924133645 -0.687761563964182 3.22318409347444 1.6194779746516 -0.844777162162242 2.93701716183824 1.81737606871859 -0.267020487774935 2.9400500392126 1.33903687116689 -3.16159221530145e-12 3.19911916535979
2.10363591976642 -0.724741432908276 2.65455455608205 2.4150827900857 -0.572927315643494 2.42333357471529 2.17124708887791 1.18615623774753e-07 2.68890393988811 1.81737606871859 -0.267020487774935 2.9400500392126
1.81737606871859 0.267020487774935 2.9400500392126 2.17124708887791 1.18615623774753e-07 2.68890393988811 2.4150827900857 0.572927315643494 2.42333357471529 2.10363591976642 0.724741432908276 2.65455455608205
1.33903687116689 -3.16159221530145e-12 3.19911916535979 1.81737606871859 0.267020487774935 2.9400500392126 1.6194779746516 0.844777162162242 2.93701716183824 1.04230924133645 0.687761563964182 3.22318409347444
-2.37316556618297 0.856164618231528 2.36543289172952 -2.10363591976642 0.724741432908276 2.65455455608205 -1.83545336677148 1.76343423958977 2.33514261383895 -1.98528460292858 1.83743736691077 2.17389554026042
-1.6194779746516 0.844777162162242 2.93701716183824 -1.04548495042771 1.13327965971403 3.1011861790638 -1.03260368750141 1.8468715875389 2.73306522080623 -1.83545336677148 1.76343423958977 2.33514261383895
-1.78803475090281 1.93235342652477 2.25150320569405 -1.03260368750141 1.8468715875389 2.73306522080623 -0.805437524685333 2.16166408107705 2.57652968521578 -1.76626191013909 2.11372019061712 2.102697857238
-1.98528460292858 1.83743736691077 2.17389554026042 -1.78803475090281 1.93235342652477 2.25150320569405 -1.86839997246961 2.05482397174083 2.06695970997386 -2.02527547977962 1.95410551699042 2.02912651836602
-1.04548495042771 1.13327965971403 3.1011861790638 -0.207487189514328 0.958677860494081 3.3162742208983 -2.66771538169236e-17 1.60399002578917 3.06396744609094 -0.761579933921461 1.83608067099128 2.8359115619384
0.207487189514328 0.958677860494081 3.3162742208983 1.04548495042771 1.13327965971403 3.1011861790638 0.761579933921461 1.83608067099128 2.8359115619384 -2.66771538169236e-17 1.60399002578917 3.06396744609094
-3.60313763751035e-17 2.13956782259167 2.71855121723691 0.761579933921461 1.83608067099128 2.8359115619384 0.805437524685333 2.16166408107705 2.57652968521578 0.205872525606123 2.44809884243611 2.44728523699996
-0.761579933921461 1.83608067099128 2.8359115619384 -3.60313763751035e-17 2.13956782259167 2.71855121723691 -0.205872525606123 2.44809884243611 2.44728523699996 -0.805437524685333 2.16166408107705 2.57652968521578
1.04548495042771 1.13327965971403 3.1011861790638 1.6194779746516 0.844777162162242 2.93701716183824 1.83545336677148 1.76343423958977 2.33514261383895 1.03260368750141 1.8468715875389 2.73306522080623
2.10363591976642 0.724741432908276 2.65455455608205 2.37316556618297 0.856164618231528 2.36543289172952 1.98528460292858 1.83743736691077 2.17389554026042 1.83545336677148 1.76343423958977 2.33514261383895
1.78803475090281 1.93235342652477 2.25150320569405 1.98528460292858 1.83743736691077 2.17389554026042 2.02527547977962 1.95410551699042 2.02912651836602 1.86839997246961 2.05482397174083 2.06695970997386
1.03260368750141 1.8468715875389 2.73306522080623 1.78803475090281 1.93235342652477 2.25150320569405 1.76626191013909 2.11372019061712 2.102697857238 0.805437524685333 2.16166408107705 2.57652968521578
-2.02527547977962 -2.02912651836602 -1.95410551699042 -1.86839997246961 -2.06695970997386 -2.05482397174083 -1.78803475090281 -2.25150320569405 -1.93235342652477 -1.98528460292858 -2.17389554026042 -1.83743736691077
-1.76626191013909 -2.102697857238 -2.11372019061712 -0.805437524685333 -2.57652968521578 -2.16166408107705 -1.03260368750141 -2.73306522080623 -1.8468715875389 -1.78803475090281 -2.25150320569405 -1.93235342652477
-1.83545336677148 -2.33514261383895 -1.76343423958977 -1.03260368750141 -2.73306522080623 -1.8468715875389 -1.04548495042771 -3.1011861790638 -1.13327965971403 -1.6194779746516 -2.93701716183824 -0.844777162162242
-1.98528460292858 -2.17389554026042 -1.83743736691077 -1.83545336677148 -2.33514261383895 -1.76343423958977 -2.10363591976642 -2.65455455608205 -0.724741432908276 -2.37316556618297 -2.36543289172952 -0.856164618231528
-0.805437524685333 -2.57652968521578 -2.16166408107705 -0.205872525606123 -2.44728523699996 -2.44809884243611 -3.60313763751035e-17 -2.71855121723691 -2.13956782259167 -0.761579933921461 -2.8359115619384 -1.83608067099128
0.205872525606123 -2.44728523699996 -2.44809884243611 0.805437524685333 -2.57652968521578 -2.16166408107705 0.761579933921461 -2.8359115619384 -1.83608067099128 -3.60313763751035e-17 -2.71855121723691 -2.13956782259167
-2.66771538169236e-17 -3.06396744609094 -1.60399002578917 0.761579933921461 -2.8359115619384 -1.83608067099128 1.04548495042771 -3.1011861790638 -1.13327965971403 0.207487189514328 -3.3162742208983 -0.958677860494081
-0.761579933921461 -2.8359115619384 -1.83608067099128 -2.66771538169236e-17 -3.06396744609094 -1.60399002578917 -0.207487189514328 -3.3162742208983 -0.958677860494081 -1.04548495042771 -3.1011861790638 -1.13327965971403
0.805437524685333 -2.57652968521578 -2.16166408107705 1.76626191013909 -2.102697857238 -2.11372019061712 1.78803475090281 -2.25150320569405 -1.93235342652477 1.03260368750141 -2.73306522080623 -1.8468715875389
1.86839997246961 -2.06695970997386 -2.05482397174083 2.02527547977962 -2.02912651836602 -1.95410551699042 1.98528460292858 -2.17389554026042 -1.83743736691077 1.78803475090281 -2.25150320569405 -1.93235342652477
1.83545336677148 -2.33514261383895 -1.76343423958977 1.98528460292858 -2.17389554026042 -1.83743736691077 2.37316556618297 -2.36543289172952 -0.856164618231528 2.10363591976642 -2.65455455608205 -0.724741432908276
1.03260368750141 -2.73306522080623 -1.8468715875389 1.83545336677148 -2.33514261383895 -1.76343423958977 1.6194779746516 -2.93701716183824 -0.844777162162242 1.04548495042771 -3.1011861790638 -1.13327965971403
-2.4150827900857 -2.42333357471529 -0.572927315643494 -2.10363591976642 -2.65455455608205 -0.724741432908276 -1.81737606871859 -2.9400500392126 -0.267020487774935 -2.17124708887791 -2.68890393988811 1.18615623774753e-07
-1.6194779746516 -2.93701716183824 -0.844777162162242 -1.04230924133645 -3.22318409347444 -0.687761563964182 -1.33903687116689 -3.19911916535979 -3.16159221530145e-12 -1.81737606871859 -2.9400500392126 -0.267020487774935
-1.81737606871859 -2.9400500392126 0.267020487774935 -1.33903687116689 -3.19911916535979 -3.16159221530145e-12 -1.04230924133645 -3.22318409347444 0.687761563964182 -1.6194779746516 -2.93701716183824 0.844777162162242
-2.17124708887791 -2.68890393988811 1.18615623774753e-07 -1.81737606871859 -2.9400500392126 0.267020487774935 -2.10363591976642 -2.65455455608205 0.724741432908276 -2.4150827900857 -2.42333357471529 0.572927315643494
-1.04230924133645 -3.22318409347444 -0.687761563964182 -0.207487189514328 -3.3162742208983 -0.958677860494081 -6.46958253744882e-17 -3.45606910725965 -0.244500867872586 -0.781898643544763 -3.36748928870598 1.41319531978468e-13
0.207487189514328 -3.3162742208983 -0.958677860494081 1.04230924133645 -3.22318409347444 -0.687761563964182 0.781898643544763 -3.36748928870598 1.41319531978468e-13 -6.46958253744882e-17 -3.45606910725965 -0.244500867872586
-6.46958253744882e-17 -3.45606910725965 0.244500867872586 0.781898643544763 -3.36748928870598 1.41319531978468e-13 1.04230924133645 -3.22318409347444 0.687761563964182 0.207487189514328 -3.3162742208983 0.958677860494081
-0.781898643544763 -3.36748928870598 1.41319531978468e-13 -6.46958253744882e-17 -3.45606910725965 0.244500867872586 -0.207487189514328 -3.3162742208983 0.958677860494081 -1.04230924133645 -3.22318409347444 0.687761563964182
1.04230924133645 -3.22318409347444 -0.687761563964182 1.6194779746516 -2.93701716183824 -0.844777162162242 1.81737606871859 -2.9400500392126 -0.267020487774935 1.33903687116689 -3.19911916535979 -3.16159221530145e-12
2.10363591976642 -2.65455455608205 -0.724741432908276 2.4150827900857 -2.42333357471529 -0.572927315643494 2.17124708887791 -2.68890393988811 1.18615623774753e-07 1.81737606871859 -2.9400500392126 -0.267020487774935
1.81737606871859 -2.9400500392126 0.267020487774935 2.17124708887791 -2.68890393988811 1.18615623774753e-07 2.4150827900857 -2.42333357471529 0.572927315643494 2.10363591976642 -2.65455455608205 0.724741432908276
1.33903687116689 -3.19911916535979 -3.16159221530145e-12 1.81737606871859 -2.9400500392126 0.267020487774935 1.6194779746516 -2.93701716183824 0.844777162162242 1.04230924133645 -3.22318409347444 0.687761563964182
-2.37316556618297 -2.36543289172952 0.856164618231528 -2.10363591976642 -2.65455455608205 0.724741432908276 -1.83545336677148 -2.33514261383895 1.76343423958977 -1.98528460292858 -2.17389554026042 1.83743736691077
-1.6194779746516 -2.93701716183824 0.844777162162242 -1.04548495042771 -3.1011861790638 1.13327965971403 -1.03260368750141 -2.73306522080623 1.8468715875389 -1.83545336677148 -2.33514261383895 1.76343423958977
-1.78803475090281 -2.25150320569405 1.93235342652477 -1.03260368750141 -2.73306522080623 1.8468715875389 -0.805437524685333 -2.57652968521578 2.16166408107705 -1.76626191013909 -2.102697857238 2.11372019061712
-1.98528460292858 -2.17389554026042 1.83743736691077 -1.78803475090281 -2.25150320569405 1.93235342652477 -1.86839997246961 -2.06695970997386 2.05482397174083 -2.02527547977962 -2.02912651836602 1.95410551699042
-1.04548495042771 -3.1011861790638 1.13327965971403 -0.207487189514328 -3.3162742208983 0.958677860494081 -2.66771538169236e-17 -3.06396744609094 1.60399002578917 -0.761579933921461 -2.8359115619384 1.83608067099128
0.207487189514328 -3.3162742208983 0.958677860494081 1.04548495042771 -3.1011861790638 1.13327965971403 0.761579933921461 -2.8359115619384 1.83608067099128 -2.66771538169236e-17 -3.06396744609094 1.60399002578917
-3.60313763751035e-17 -2.71855121723691 2.13956782259167 0.761579933921461 -2.8359115619384 1.83608067099128 0.805437524685333 -2.57652968521578 2.16166408107705 0.205872525606123 -2.44728523699996 2.44809884243611
-0.761579933921461 -2.8359115619384 1.83608067099128 -3.60313763751035e-17 -2.71855121723691 2.13956782259167 -0.205872525606123 -2.44728523699996 2.44809884243611 -0.805437524685333 -2.57652968521578 2.16166408107705
1.04548495042771 -3.1011861790638 1.13327965971403 1.6194779746516 -2.93701716183824 0.844777162162242 1.83545336677148 -2.33514261383895 1.76343423958977 1.03260368750141 -2.73306522080623 1.8468715875389
2.10363591976642 -2.65455455608205 0.724741432908276 2.37316556618297 -2.36543289172952 0.856164618231528 1.98528460292858 -2.17389554026042 1.83743736691077 1.83545336677148 -2.33514261383895 1.76343423958977
1.78803475090281 -2.25150320569405 1.93235342652477 1.98528460292858 -2.17389554026042 1.83743736691077 2.02527547977962 -2.02912651836602 1.95410551699042 1.86839997246961 -2.06695970997386 2.05482397174083
1.03260368750141 -2.73306522080623 1.8468715875389 1.78803475090281 -2.25150320569405 1.93235342652477 1.76626191013909 -2.102697857238 2.11372019061712 0.805437524685333 -2.57652968521578 2.16166408107705
-2.02527547977962 -1.95410551699042 -2.02912651836602 -1.98528460292858 -1.83743736691077 -2.17389554026042 -1.78803475090281 -1.93235342652477 -2.25150320569405 -1.86839997246961 -2.05482397174083 -2.06695970997386
-1.76626191013909 -2.11372019061712 -2.102697857238 -1.78803475090281 -1.93235342652477 -2.25150320569405 -1.03260368750141 -1.8468715875389 -2.73306522080623 -0.805437524685333 -2.16166408107705 -2.57652968521578
-1.83545336677148 -1.76343423958977 -2.33514261383895 -1.6194779746516 -0.844777162162242 -2.93701716183824 -1.04548495042771 -1.13327965971403 -3.1011861790638 -1.03260368750141 -1.8468715875389 -2.73306522080623
-1.98528460292858 -1.83743736691077 -2.17389554026042 -2.37316556618297 -0.856164618231528 -2.36543289172952 -2.10363591976642 -0.724741432908276 -2.65455455608205 -1.83545336677148 -1.76343423958977 -2.33514261383895
-0.805437524685333 -2.16166408107705 -2.57652968521578 -0.761579933921461 -1.83608067099128 -2.8359115619384 -3.60313763751035e-17 -2.13956782259167 -2.71855121723691 -0.205872525606123 -2.44809884243611 -2.44728523699996
0.205872525606123 -2.44809884243611 -2.44728523699996 -3.60313763751035e-17 -2.13956782259167 -2.71855121723691 0.761579933921461 -1.83608067099128 -2.8359115619384 0.805437524685333 -2.16166408107705 -2.57652968521578
-2.66771538169236e-17 -1.60399002578917 -3.06396744609094 0.207487189514328 -0.958677860494081 -3.3162742208983 1.04548495042771 -1.13327965971403 -3.1011861790638 0.761579933921461 -1.83608067099128 -2.8359115619384
-0.761579933921461 -1.83608067099128 -2.8359115619384 -1.04548495042771 -1.13327965971403 -3.1011861790638 -0.207487189514328 -0.958677860494081 -3.3162742208983 -2.66771538169236e-17 -1.60399002578917 -3.06396744609094
0.805437524685333 -2.16166408107705 -2.57652968521578 1.03260368750141 -1.8468715875389 -2.73306522080623 1.78803475090281 -1.93235342652477 -2.25150320569405 1.76626191013909 -2.11372019061712 -2.102697857238
1.86839997246961 -2.05482397174083 -2.06695970997386 1.78803475090281 -1.93235342652477 -2.25150320569405 1.98528460292858 -1.83743736691077 -2.17389554026042 2.02527547977962 -1.95410551699042 -2.02912651836602
1.83545336677148 -1.76343423958977 -2.33514261383895 2.10363591976642 -0.724741432908276 -2.65455455608205 2.37316556618297 -0.856164618231528 -2.36543289172952 1.98528460292858 -1.83743736691077 -2.17389554026042
1.03260368750141 -1.8468715875389 -2.73306522080623 1.04548495042771 -1.13327965971403 -3.1011861790638 1.6194779746516 -0.844777162162242 -2.93701716183824 1.83545336677148 -1.76343423958977 -2.33514261383895
-2.4150827900857 -0.572927315643494 -2.42333357471529 -2.17124708887791 1.18615623774753e-07 -2.68890393988811 -1.81737606871859 -0.267020487774935 -2.9400500392126 -2.10363591976642 -0.724741432908276 -2.65455455608205
-1.6194779746516 -0.844777162162242 -2.93701716183824 -1.81737606871859 -0.267020487774935 -2.9400500392126 -1.33903687116689 -3.16159221530145e-12 -3.19911916535979 -1.04230924133645 -0.687761563964182 -3.22318409347444
-1.81737606871859 0.267020487774935 -2.9400500392126 -1.6194779746516 0.844777162162242 -2.93701716183824 -1.04230924133645 0.687761563964182 -3.22318409347444 -1.33903687116689 -3.16159221530145e-12 -3.19911916535979
-2.17124708887791 1.18615623774753e-07 -2.68890393988811 -2.4150827900857 0.572927315643494 -2.42333357471529 -2.10363591976642 0.724741432908276 -2.65455455608205 -1.81737606871859 0.267020487774935 -2.9400500392126
-1.04230924133645 -0.687761563964182 -3.22318409347444 -0.781898643544763 1.41319531978468e-13 -3.36748928870598 -6.46958253744882e-17 -0.244500867872586 -3.45606910725965 -0.207487189514328 -0.958677860494081 -3.3162742208983
0.207487189514328 -0.958677860494081 -3.3162742208983 -6.46958253744882e-17 -0.244500867872586 -3.45606910725965 0.781898643544763 1.41319531978468e-13 -3.36748928870598 1.04230924133645 -0.687761563964182 -3.22318409347444
-6.46958253744882e-17 0.244500867872586 -3.45606910725965 0.207487189514328 0.958677860494081 -3.3162742208983 1.04230924133645 0.687761563964182 -3.22318409347444 0.781898643544763 1.41319531978468e-13 -3.36748928870598
-0.781898643544763 1.41319531978468e-13 -3.36748928870598 -1.04230924133645 0.687761563964182 -3.22318409347444 -0.207487189514328 0.958677860494081 -3.3162742208983 -6.46958253744882e-17 0.244500867872586 -3.45606910725965
1.04230924133645 -0.687761563964182 -3.22318409347444 1.33903687116689 -3.16159221530145e-12 -3.19911916535979 1.81737606871859 -0.267020487774935 -2.9400500392126 1.6194779746516 -0.844777162162242 -2.93701716183824
2.10363591976642 -0.724741432908276 -2.65455455608205 1.81737606871859 -0.267020487774935 -2.9400500392126 2.17124708887791 1.18615623774753e-07 -2.68890393988811 2.4150827900857 -0.572927315643494 -2.42333357471529
1.81737606871859 0.267020487774935 -2.9400500392126 2.10363591976642 0.724741432908276 -2.65455455608205 2.4150827900857 0.572927315643494 -2.42333357471529 2.17124708887791 1.18615623774753e-07 -2.68890393988811
1.33903687116689 -3.16159221530145e-12 -3.19911916535979 1.04230924133645 0.687761563964182 -3.22318409347444 1.6194779746516 0.844777162162242 -2.93701716183824 1.81737606871859 0.267020487774935 -2.9400500392126
-2.37316556618297 0.856164618231528 -2.36543289172952 -1.98528460292858 1.83743736691077 -2.17389554026042 -1.83545336677148 1.76343423958977 -2.33514261383895 -2.10363591976642 0.724741432908276 -2.65455455608205
-1.6194779746516 0.844777162162242 -2.93701716183824 -1.83545336677148 1.76343423958977 -2.33514261383895 -1.03260368750141 1.8468715875389 -2.73306522080623 -1.04548495042771 1.13327965971403 -3.1011861790638
-1.78803475090281 1.93235342652477 -2.25150320569405 -1.76626191013909 2.11372019061712 -2.102697857238 -0.805437524685333 2.16166408107705 -2.57652968521578 -1.03260368750141 1.8468715875389 -2.73306522080623
-1.98528460292858 1.83743736691077 -2.17389554026042 -2.02527547977962 1.95410551699042 -2.02912651836602 -1.86839997246961 2.05482397174083 -2.06695970997386 -1.78803475090281 1.93235342652477 -2.25150320569405
-1.04548495042771 1.13327965971403 -3.1011861790638 -0.761579933921461 1.83608067099128 -2.8359115619384 -2.66771538169236e-17 1.60399002578917 -3.06396744609094 -0.207487189514328 0.958677860494081 -3.3162742208983
0.207487189514328 0.958677860494081 -3.3162742208983 -2.66771538169236e-17 1.60399002578917 -3.06396744609094 0.761579933921461 1.83608067099128 -2.8359115619384 1.04548495042771 1.13327965971403 -3.1011861790638
-3.60313763751035e-17 2.13956782259167 -2.71855121723691 0.205872525606123 2.44809884243611 -2.44728523699996 0.805437524685333 2.16166408107705 -2.57652968521578 0.761579933921461 1.83608067099128 -2.8359115619384
-0.761579933921461 1.83608067099128 -2.8359115619384 -0.805437524685333 2.16166408107705 -2.57652968521578 -0.205872525606123 2.44809884243611 -2.44728523699996 -3.60313763751035e-17 2.13956782259167 -2.71855121723691
1.04548495042771 1.13327965971403 -3.1011861790638 1.03260368750141 1.8468715875389 -2.73306522080623 1.83545336677148 1.76343423958977 -2.33514261383895 1.6194779746516 0.844777162162242 -2.93701716183824
2.10363591976642 0.724741432908276 -2.65455455608205 1.83545336677148 1.76343423958977 -2.33514261383895 1.98528460292858 1.83743736691077 -2.17389554026042 2.37316556618297 0.856164618231528 -2.36543289172952
1.78803475090281 1.93235342652477 -2.25150320569405 1.86839997246961 2.05482397174083 -2.06695970997386 2.02527547977962 1.95410551699042 -2.02912651836602 1.98528460292858 1.83743736691077 -2.17389554026042
1.03260368750141 1.8468715875389 -2.73306522080623 0.805437524685333 2.16166408107705 -2.57652968521578 1.76626191013909 2.11372019061712 -2.102697857238 1.78803475090281 1.93235342652477 -2.25150320569405
-2.02527547977962 2.02912651836602 -1.95410551699042 -1.98528460292858 2.17389554026042 -1.83743736691077 -1.78803475090281 2.25150320569405 -1.93235342652477 -1.86839997246961 2.06695970997386 -2.05482397174083
-1.76626191013909 2.102697857238 -2.11372019061712 -1.78803475090281 2.25150320569405 -1.93235342652477 -1.03260368750141 2.73306522080623 -1.8468715875389 -0.805437524685333 2.57652968521578 -2.16166408107705
-1.83545336677148 2.33514261383895 -1.76343423958977 -1.6194779746516 2.93701716183824 -0.844777162162242 -1.04548495042771 3.1011861790638 -1.13327965971403 -1.03260368750141 2.73306522080623 -1.8468715875389
-1.98528460292858 2.17389554026042 -1.83743736691077 -2.37316556618297 2.36543289172952 -0.856164618231528 -2.10363591976642 2.65455455608205 -0.724741432908276 -1.83545336677148 2.33514261383895 -1.76343423958977
-0.805437524685333 2.57652968521578 -2.16166408107705 -0.761579933921461 2.8359115619384 -1.83608067099128 -3.60313763751035e-17 2.71855121723691 -2.13956782259167 -0.205872525606123 2.44728523699996 -2.44809884243611
0.205872525606123 2.44728523699996 -2.44809884243611 -3.60313763751035e-17 2.71855121723691 -2.13956782259167 0.761579933921461 2.8359115619384 -1.83608067099128 0.805437524685333 2.57652968521578 -2.16166408107705
-2.66771538169236e-17 3.06396744609094 -1.60399002578917 0.207487189514328 3.3162742208983 -0.958677860494081 1.04548495042771 3.1011861790638 -1.13327965971403 0.761579933921461 2.8359115619384 -1.83608067099128
-0.761579933921461 2.8359115619384 -1.83608067099128 -1.04548495042771 3.1011861790638 -1.13327965971403 -0.207487189514328 3.3162742208983 -0.958677860494081 -2.66771538169236e-17 3.06396744609094 -1.60399002578917
0.805437524685333 2.57652968521578 -2.16166408107705 1.03260368750141 2.73306522080623 -1.8468715875389 1.78803475090281 2.25150320569405 -1.93235342652477 1.76626191013909 2.102697857238 -2.11372019061712
1.86839997246961 2.06695970997386 -2.05482397174083 1.78803475090281 2.25150320569405 -1.93235342652477 1.98528460292858 2.17389554026042 -1.83743736691077 2.02527547977962 2.02912651836602 -1.95410551699042
1.83545336677148 2.33514261383895 -1.76343423958977 2.10363591976642 2.65455455608205 -0.724741432908276 2.37316556618297 2.36543289172952 -0.856164618231528 1.98528460292858 2.17389554026042 -1.83743736691077
1.03260368750141 2.73306522080623 -1.8468715875389 1.04548495042771 3.1011861790638 -1.13327965971403 1.6194779746516 2.93701716183824 -0.844777162162242 1.83545336677148 2.33514261383895 -1.76343423958977
-2.4150827900857 2.42333357471529 -0.572927315643494 -2.17124708887791 2.68890393988811 1.18615623774753e-07 -1.81737606871859 2.9400500392126 -0.267020487774935 -2.10363591976642 2.65455455608205 -0.724741432908276
-1.6194779746516 2.93701716183824 -0.844777162162242 -1.81737606871859 2.9400500392126 -0.267020487774935 -1.33903687116689 3.19911916535979 -3.16159221530145e-12 -1.04230924133645 3.22318409347444 -0.687761563964182
-1.81737606871859 2.9400500392126 0.267020487774935 -1.6194779746516 2.93701716183824 0.844777162162242 -1.04230924133645 3.22318409347444 0.687761563964182 -1.33903687116689 3.19911916535979 -3.16159221530145e-12
-2.17124708887791 2.68890393988811 1.18615623774753e-07 -2.4150827900857 2.42333357471529 0.572927315643494 -2.10363591976642 2.65455455608205 0.724741432908276 -1.81737606871859 2.9400500392126 0.267020487774935
-1.04230924133645 3.22318409347444 -0.687761563964182 -0.781898643544763 3.36748928870598 1.41319531978468e-13 -6.46958253744882e-17 3.45606910725965 -0.244500867872586 -0.207487189514328 3.3162742208983 -0.958677860494081
0.207487189514328 3.3162742208983 -0.958677860494081 -6.46958253744882e-17 3.45606910725965 -0.244500867872586 0.781898643544763 3.36748928870598 1.41319531978468e-13 1.04230924133645 3.22318409347444 -0.687761563964182
-6.46958253744882e-17 3.45606910725965 0.244500867872586 0.207487189514328 3.3162742208983 0.958677860494081 1.04230924133645 3.22318409347444 0.687761563964182 0.781898643544763 3.36748928870598 1.41319531978468e-13
-0.781898643544763 3.36748928870598 1.41319531978468e-13 -1.04230924133645 3.22318409347444 0.687761563964182 -0.207487189514328 3.3162742208983 0.958677860494081 -6.46958253744882e-17 3.45606910725965 0.244500867872586
1.04230924133645 3.22318409347444 -0.687761563964182 1.33903687116689 3.19911916535979 -3.16159221530145e-12 1.81737606871859 2.9400500392126 -0.267020487774935 1.6194779746516 2.93701716183824 -0.844777162162242
2.10363591976642 2.65455455608205 -0.724741432908276 1.81737606871859 2.9400500392126 -0.267020487774935 2.17124708887791 2.68890393988811 1.18615623774753e-07 2.4150827900857 2.42333357471529 -0.572927315643494
1.81737606871859 2.9400500392126 0.267020487774935 2.10363591976642 2.65455455608205 0.724741432908276 2.4150827900857 2.42333357471529 0.572927315643494 2.17124708887791 2.68890393988811 1.18615623774753e-07
1.33903687116689 3.19911916535979 -3.16159221530145e-12 1.04230924133645 3.22318409347444 0.687761563964182 1.6194779746516 2.93701716183824 0.844777162162242 1.81737606871859 2.9400500392126 0.267020487774935
-2.37316556618297 2.36543289172952 0.856164618231528 -1.98528460292858 2.17389554026042 1.83743736691077 -1.83545336677148 2.33514261383895 1.76343423958977 -2.10363591976642 2.65455455608205 0.724741432908276
-1.6194779746516 2.93701716183824 0.844777162162242 -1.83545336677148 2.33514261383895 1.76343423958977 -1.03260368750141 2.73306522080623 1.8468715875389 -1.04548495042771 3.1011861790638 1.13327965971403
-1.78803475090281 2.25150320569405 1.93235342652477 -1.76626191013909 2.102697857238 2.11372019061712 -0.805437524685333 2.57652968521578 2.16166408107705 -1.03260368750141 2.73306522080623 1.8468715875389
-1.98528460292858 2.17389554026042 1.83743736691077 -2.02527547977962 2.02912651836602 1.95410551699042 -1.86839997246961 2.06695970997386 2.05482397174083 -1.78803475090281 2.25150320569405 1.93235342652477
-1.04548495042771 3.1011861790638 1.13327965971403 -0.761579933921461 2.8359115619384 1.83608067099128 -2.66771538169236e-17 3.06396744609094 1.60399002578917 -0.207487189514328 3.3162742208983 0.958677860494081
0.207487189514328 3.3162742208983 0.958677860494081 -2.66771538169236e-17 3.06396744609094 1.60399002578917 0.761579933921461 2.8359115619384 1.83608067099128 1.04548495042771 3.1011861790638 1.13327965971403
-3.60313763751035e-17 2.71855121723691 2.13956782259167 0.205872525606123 2.44728523699996 2.44809884243611 0.805437524685333 2.57652968521578 2.16166408107705 0.761579933921461 2.8359115619384 1.83608067099128
-0.761579933921461 2.8359115619384 1.83608067099128 -0.805437524685333 2.57652968521578 2.16166408107705 -0.205872525606123 2.44728523699996 2.44809884243611 -3.60313763751035e-17 2.71855121723691 2.13956782259167
1.04548495042771 3.1011861790638 1.13327965971403 1.03260368750141 2.73306522080623 1.8468715875389 1.83545336677148 2.33514261383895 1.76343423958977 1.6194779746516 2.93701716183824 0.844777162162242
2.10363591976642 2.65455455608205 0.724741432908276 1.83545336677148 2.33514261383895 1.76343423958977 1.98528460292858 2.17389554026042 1.83743736691077 2.37316556618297 2.36543289172952 0.856164618231528
1.78803475090281 2.25150320569405 1.93235342652477 1.86839997246961 2.06695970997386 2.05482397174083 2.02527547977962 2.02912651836602 1.95410551699042 1.98528460292858 2.17389554026042 1.83743736691077
1.03260368750141 2.73306522080623 1.8468715875389 0.805437524685333 2.57652968521578 2.16166408107705 1.76626191013909 2.102697857238 2.11372019061712 1.78803475090281 2.25150320569405 1.93235342652477
2.02912651836602 -2.02527547977962 -1.95410551699042 2.06695970997386 -1.86839997246961 -2.05482397174083 2.25150320569405 -1.78803475090281 -1.93235342652477 2.17389554026042 -1.98528460292858 -1.83743736691077
2.102697857238 -1.76626191013909 -2.11372019061712 2.57652968521578 -0.805437524685333 -2.16166408107705 2.73306522080623 -1.03260368750141 -1.8468715875389 2.25150320569405 -1.78803475090281 -1.93235342652477
2.33514261383895 -1.83545336677148 -1.76343423958977 2.73306522080623 -1.03260368750141 -1.8468715875389 3.1011861790638 -1.04548495042771 -1.13327965971403 2.93701716183824 -1.6194779746516 -0.844777162162242
2.17389554026042 -1.98528460292858 -1.83743736691077 2.33514261383895 -1.83545336677148 -1.76343423958977 2.65455455608205 -2.10363591976642 -0.724741432908276 2.36543289172952 -2.37316556618297 -0.856164618231528
2.57652968521578 -0.805437524685333 -2.16166408107705 2.44728523699996 -0.205872525606123 -2.44809884243611 2.71855121723691 -3.60313763751035e-17 -2.13956782259167 2.8359115619384 -0.761579933921461 -1.83608067099128
2.44728523699996 0.205872525606123 -2.44809884243611 2.57652968521578 0.805437524685333 -2.16166408107705 2.8359115619384 0.761579933921461 -1.83608067099128 2.71855121723691 -3.60313763751035e-17 -2.13956782259167
3.06396744609094 -2.66771538169236e-17 -1.60399002578917 2.8359115619384 0.761579933921461 -1.83608067099128 3.1011861790638 1.04548495042771 -1.13327965971403 3.3162742208983 0.207487189514328 -0.958677860494081
2.8359115619384 -0.761579933921461 -1.83608067099128 3.06396744609094 -2.66771538169236e-17 -1.60399002578917 3.3162742208983 -0.207487189514328 -0.958677860494081 3.1011861790638 -1.04548495042771 -1.13327965971403
2.57652968521578 0.805437524685333 -2.16166408107705 2.102697857238 1.76626191013909 -2.11372019061712 2.25150320569405 1.78803475090281 -1.93235342652477 2.73306522080623 1.03260368750141 -1.8468715875389
2.06695970997386 1.86839997246961 -2.05482397174083 2.02912651836602 2.02527547977962 -1.95410551699042 2.17389554026042 1.98528460292858 -1.83743736691077 2.25150320569405 1.78803475090281 -1.93235342652477
2.33514261383895 1.83545336677148 -1.76343423958977 2.17389554026042 1.98528460292858 -1.83743736691077 2.36543289172952 2.37316556618297 -0.856164618231528 2.65455455608205 2.10363591976642 -0.724741432908276
2.73306522080623 1.03260368750141 -1.8468715875389 2.33514261383895 1.83545336677148 -1.76343423958977 2.93701716183824 1.6194779746516 -0.844777162162242 3.1011861790638 1.04548495042771 -1.13327965971403
2.42333357471529 -2.4150827900857 -0.572927315643494 2.65455455608205 -2.10363591976642 -0.724741432908276 2.9400500392126 -1.81737606871859 -0.267020487774935 2.68890393988811 -2.17124708887791 1.18615623774753e-07
2.93701716183824 -1.6194779746516 -0.844777162162242 3.22318409347444 -1.04230924133645 -0.687761563964182 3.19911916535979 -1.33903687116689 -3.16159221530145e-12 2.9400500392126 -1.81737606871859 -0.267020487774935
2.9400500392126 -1.81737606871859 0.267020487774935 3.19911916535979 -1.33903687116689 -3.16159221530145e-12 3.22318409347444 -1.04230924133645 0.687761563964182 2.93701716183824 -1.6194779746516 0.844777162162242
2.68890393988811 -2.17124708887791 1.18615623774753e-07 2.9400500392126 -1.81737606871859 0.267020487774935 2.65455455608205 -2.10363591976642 0.724741432908276 2.42333357471529 -2.4150827900857 0.572927315643494
3.22318409347444 -1.04230924133645 -0.687761563964182 3.3162742208983 -0.207487189514328 -0.958677860494081 3.45606910725965 -6.46958253744882e-17 -0.244500867872586 3.36748928870598 -0.781898643544763 1.41319531978468e-13
3.3162742208983 0.207487189514328 -0.958677860494081 3.22318409347444 1.04230924133645 -0.687761563964182 3.36748928870598 0.781898643544763 1.41319531978468e-13 3.45606910725965 -6.46958253744882e-17 -0.244500867872586
3.45606910725965 -6.46958253744882e-17 0.244500867872586 3.36748928870598 0.781898643544763 1.41319531978468e-13 3.22318409347444 1.04230924133645 0.687761563964182 3.3162742208983 0.207487189514328 0.958677860494081
3.36748928870598 -0.781898643544763 1.41319531978468e-13 3.45606910725965 -6.46958253744882e-17 0.244500867872586 3.3162742208983 -0.207487189514328 0.958677860494081 3.22318409347444 -1.04230924133645 0.687761563964182
3.22318409347444 1.04230924133645 -0.687761563964182 2.93701716183824 1.6194779746516 -0.844777162162242 2.9400500392126 1.81737606871859 -0.267020487774935 3.19911916535979 1.33903687116689 -3.16159221530145e-12
2.65455455608205 2.10363591976642 -0.724741432908276 2.42333357471529 2.4150827900857 -0.572927315643494 2.68890393988811 2.17124708887791 1.18615623774753e-07 2.9400500392126 1.81737606871859 -0.267020487774935
2.9400500392126 1.81737606871859 0.267020487774935 2.68890393988811 2.17124708887791 1.18615623774753e-07 2.42333357471529 2.4150827900857 0.572927315643494 2.65455455608205 2.10363591976642 0.724741432908276
3.19911916535979 1.33903687116689 -3.16159221530145e-12 2.9400500392126 1.81737606871859 0.267020487774935 2.93701716183824 1.6194779746516 0.844777162162242 3.22318409347444 1.04230924133645 0.687761563964182
2.36543289172952 -2.37316556618297 0.856164618231528 2.65455455608205 -2.10363591976642 0.724741432908276 2.33514261383895 -1.83545336677148 1.76343423958977 2.17389554026042 -1.98528460292858 1.83743736691077
2.93701716183824 -1.6194779746516 0.844777162162242 3.1011861790638 -1.04548495042771 1.13327965971403 2.73306522080623 -1.03260368750141 1.8468715875389 2.33514261383895 -1.83545336677148 1.76343423958977
2.25150320569405 -1.78803475090281 1.93235342652477 2.73306522080623 -1.03260368750141 1.8468715875389 2.57652968521578 -0.805437524685333 2.16166408107705 2.102697857238 -1.76626191013909 2.11372019061712
2.17389554026042 -1.98528460292858 1.83743736691077 2.25150320569405 -1.78803475090281 1.93235342652477 2.06695970997386 -1.86839997246961 2.05482397174083 2.02912651836602 -2.02527547977962 1.95410551699042
3.1011861790638 -1.04548495042771 1.13327965971403 3.3162742208983 -0.207487189514328 0.958677860494081 3.06396744609094 -2.66771538169236e-17 1.60399002578917 2.8359115619384 -0.761579933921461 1.83608067099128
3.3162742208983 0.207487189514328 0.958677860494081 3.1011861790638 1.04548495042771 1.13327965971403 2.8359115619384 0.761579933921461 1.83608067099128 3.06396744609094 -2.66771538169236e-17 1.60399002578917
2.71855121723691 -3.60313763751035e-17 2.13956782259167 2.8359115619384 0.761579933921461 1.83608067099128 2.57652968521578 0.805437524685333 2.16166408107705 2.44728523699996 0.205872525606123 2.44809884243611
2.8359115619384 -0.761579933921461 1.83608067099128 2.71855121723691 -3.60313763751035e-17 2.13956782259167 2.44728523699996 -0.205872525606123 2.44809884243611 2.57652968521578 -0.805437524685333 2.16166408107705
3.1011861790638 1.04548495042771 1.13327965971403 2.93701716183824 1.6194779746516 0.844777162162242 2.33514261383895 1.83545336677148 1.76343423958977 2.73306522080623 1.03260368750141 1.8468715875389
2.65455455608205 2.10363591976642 0.724741432908276 2.36543289172952 2.37316556618297 0.856164618231528 2.17389554026042 1.98528460292858 1.83743736691077 2.33514261383895 1.83545336677148 1.76343423958977
2.25150320569405 1.78803475090281 1.93235342652477 2.17389554026042 1.98528460292858 1.83743736691077 2.02912651836602 2.02527547977962 1.95410551699042 2.06695970997386 1.86839997246961 2.05482397174083
2.73306522080623 1.03260368750141 1.8468715875389 2.25150320569405 1.78803475090281 1.93235342652477 2.102697857238 1.76626191013909 2.11372019061712 2.57652968521578 0.805437524685333 2.16166408107705
-2.02912651836602 -2.02527547977962 -1.95410551699042 -2.17389554026042 -1.98528460292858 -1.83743736691077 -2.25150320569405 -1.78803475090281 -1.93235342652477 -2.06695970997386 -1.86839997246961 -2.05482397174083
-2.102697857238 -1.76626191013909 -2.11372019061712 -2.25150320569405 -1.78803475090281 -1.93235342652477 -2.73306522080623 -1.03260368750141 -1.8468715875389 -2.57652968521578 -0.805437524685333 -2.16166408107705
-2.33514261383895 -1.83545336677148 -1.76343423958977 -2.93701716183824 -1.6194779746516 -0.844777162162242 -3.1011861790638 -1.04548495042771 -1.13327965971403 -2.73306522080623 -1.03260368750141 -1.8468715875389
-2.17389554026042 -1.98528460292858 -1.83743736691077 -2.36543289172952 -2.37316556618297 -0.856164618231528 -2.65455455608205 -2.10363591976642 -0.724741432908276 -2.33514261383895 -1.83545336677148 -1.76343423958977
-2.57652968521578 -0.805437524685333 -2.16166408107705 -2.8359115619384 -0.761579933921461 -1.83608067099128 -2.71855121723691 -3.60313763751035e-17 -2.13956782259167 -2.44728523699996 -0.205872525606123 -2.44809884243611
-2.44728523699996 0.205872525606123 -2.44809884243611 -2.71855121723691 -3.60313763751035e-17 -2.13956782259167 -2.8359115619384 0.761579933921461 -1.83608067099128 -2.57652968521578 0.805437524685333 -2.16166408107705
-3.06396744609094 -2.66771538169236e-17 -1.60399002578917 -3.3162742208983 0.207487189514328 -0.958677860494081 -3.1011861790638 1.04548495042771 -1.13327965971403 -2.8359115619384 0.761579933921461 -1.83608067099128
-2.8359115619384 -0.761579933921461 -1.83608067099128 -3.1011861790638 -1.04548495042771 -1.13327965971403 -3.3162742208983 -0.207487189514328 -0.958677860494081 -3.06396744609094 -2.66771538169236e-17 -1.60399002578917
-2.57652968521578 0.805437524685333 -2.16166408107705 -2.73306522080623 1.03260368750141 -1.8468715875389 -2.25150320569405 1.78803475090281 -1.93235342652477 -2.102697857238 1.76626191013909 -2.11372019061712
-2.06695970997386 1.86839997246961 -2.05482397174083 -2.25150320569405 1.78803475090281 -1.93235342652477 -2.17389554026042 1.98528460292858 -1.83743736691077 -2.02912651836602 2.02527547977962 -1.95410551699042
-2.33514261383895 1.83545336677148 -1.76343423958977 -2.65455455608205 2.10363591976642 -0.724741432908276 -2.36543289172952 2.37316556618297 -0.856164618231528 -2.17389554026042 1.98528460292858 -1.83743736691077
-2.73306522080623 1.03260368750141 -1.8468715875389 -3.1011861790638 1.04548495042771 -1.13327965971403 -2.93701716183824 1.6194779746516 -0.844777162162242 -2.33514261383895 1.83545336677148 -1.76343423958977
-2.42333357471529 -2.4150827900857 -0.572927315643494 -2.68890393988811 -2.17124708887791 1.18615623774753e-07 -2.9400500392126 -1.81737606871859 -0.267020487774935 -2.65455455608205 -2.10363591976642 -0.724741432908276
-2.93701716183824 -1.6194779746516 -0.844777162162242 -2.9400500392126 -1.81737606871859 -0.267020487774935 -3.19911916535979 -1.33903687116689 -3.16159221530145e-12 -3.22318409347444 -1.04230924133645 -0.687761563964182
-2.9400500392126 -1.81737606871859 0.267020487774935 -2.93701716183824 -1.6194779746516 0.844777162162242 -3.22318409347444 -1.04230924133645 0.687761563964182 -3.19911916535979 -1.33903687116689 -3.16159221530145e-12
-2.68890393988811 -2.17124708887791 1.18615623774753e-07 -2.42333357471529 -2.4150827900857 0.572927315643494 -2.65455455608205 -2.10363591976642 0.724741432908276 -2.9400500392126 -1.81737606871859 0.267020487774935
-3.22318409347444 -1.04230924133645 -0.687761563964182 -3.36748928870598 -0.781898643544763 1.41319531978468e-13 -3.45606910725965 -6.46958253744882e-17 -0.244500867872586 -3.3162742208983 -0.207487189514328 -0.958677860494081
-3.3162742208983 0.207487189514328 -0.958677860494081 -3.45606910725965 -6.46958253744882e-17 -0.244500867872586 -3.36748928870598 0.781898643544763 1.41319531978468e-13 -3.22318409347444 1.04230924133645 -0.687761563964182
-3.45606910725965 -6.46958253744882e-17 0.244500867872586 -3.3162742208983 0.207487189514328 0.958677860494081 -3.22318409347444 1.04230924133645 0.687761563964182 -3.36748928870598 0.781898643544763 1.41319531978468e-13
-3.36748928870598 -0.781898643544763 1.41319531978468e-13 -3.22318409347444 -1.04230924133645 0.687761563964182 -3.3162742208983 -0.207487189514328 0.958677860494081 -3.45606910725965 -6.46958253744882e-17 0.244500867872586
-3.22318409347444 1.04230924133645 -0.687761563964182 -3.19911916535979 1.33903687116689 -3.16159221530145e-12 -2.9400500392126 1.81737606871859 -0.267020487774935 -2.93701716183824 1.6194779746516 -0.844777162162242
-2.65455455608205 2.10363591976642 -0.724741432908276 -2.9400500392126 1.81737606871859 -0.267020487774935 -2.68890393988811 2.17124708887791 1.18615623774753e-07 -2.42333357471529 2.4150827900857 -0.572927315643494
-2.9400500392126 1.81737606871859 0.267020487774935 -2.65455455608205 2.10363591976642 0.724741432908276 -2.42333357471529 2.4150827900857 0.572927315643494 -2.68890393988811 2.17124708887791 1.18615623774753e-07
-3.19911916535979 1.33903687116689 -3.16159221530145e-12 -3.22318409347444 1.04230924133645 0.687761563964182 -2.93701716183824 1.6194779746516 0.844777162162242 -2.9400500392126 1.81737606871859 0.267020487774935
-2.36543289172952 -2.37316556618297 0.856164618231528 -2.17389554026042 -1.98528460292858 1.83743736691077 -2.33514261383895 -1.83545336677148 1.76343423958977 -2.65455455608205 -2.10363591976642 0.724741432908276
-2.93701716183824 -1.6194779746516 0.844777162162242 -2.33514261383895 -1.83545336677148 1.76343423958977 -2.73306522080623 -1.03260368750141 1.8468715875389 -3.1011861790638 -1.04548495042771 1.13327965971403
-2.25150320569405 -1.78803475090281 1.93235342652477 -2.102697857238 -1.76626191013909 2.11372019061712 -2.57652968521578 -0.805437524685333 2.16166408107705 -2.73306522080623 -1.03260368750141 1.8468715875389
-2.17389554026042 -1.98528460292858 1.83743736691077 -2.02912651836602 -2.02527547977962 1.95410551699042 -2.06695970997386 -1.86839997246961 2.05482397174083 -2.25150320569405 -1.78803475090281 1.93235342652477
-3.1011861790638 -1.04548495042771 1.13327965971403 -2.8359115619384 -0.761579933921461 1.83608067099128 -3.06396744609094 -2.66771538169236e-17 1.60399002578917 -3.3162742208983 -0.207487189514328 0.958677860494081
-3.3162742208983 0.207487189514328 0.958677860494081 -3.06396744609094 -2.66771538169236e-17 1.60399002578917 -2.8359115619384 0.761579933921461 1.83608067099128 -3.1011861790638 1.04548495042771 1.13327965971403
-2.71855121723691 -3.60313763751035e-17 2.13956782259167 -2.44728523699996 0.205872525606123 2.44809884243611 -2.57652968521578 0.805437524685333 2.16166408107705 -2.8359115619384 0.761579933921461 1.83608067099128
-2.8359115619384 -0.761579933921461 1.83608067099128 -2.57652968521578 -0.805437524685333 2.16166408107705 -2.44728523699996 -0.205872525606123 2.44809884243611 -2.71855121723691 -3.60313763751035e-17 2.13956782259167
-3.1011861790638 1.04548495042771 1.13327965971403 -2.73306522080623 1.03260368750141 1.8468715875389 -2.33514261383895 1.83545336677148 1.76343423958977 -2.93701716183824 1.6194779746516 0.844777162162242
-2.65455455608205 2.10363591976642 0.724741432908276 -2.33514261383895 1.83545336677148 1.76343423958977 -2.17389554026042 1.98528460292858 1.83743736691077 -2.36543289172952 2.37316556618297 0.856164618231528
-2.25150320569405 1.78803475090281 1.93235342652477 -2.06695970997386 1.86839997246961 2.05482397174083 -2.02912651836602 2.02527547977962 1.95410551699042 -2.17389554026042 1.98528460292858 1.83743736691077
-2.73306522080623 1.03260368750141 1.8468715875389 -2.57652968521578 0.805437524685333 2.16166408107705 -2.102697857238 1.76626191013909 2.11372019061712 -2.25150320569405 1.78803475090281 1.93235342652477
