-1.93951416374532 -1.93953193318355 1.93961845605009 -1.74928934331376 -1.93953160924932 1.93961845605009 -1.71115507178822 -1.70702422779479 1.93961845605009 -1.93951434333671 -1.74935097818446 1.93961845605009
-1.74928934331376 -1.93953160924932 1.93961845605009 -0.676908411033995 -1.9395252865977 1.93961845605009 -0.82535182033703 -1.54816010207865 1.93961845605009 -1.71115507178822 -1.70702422779479 1.93961845605009
-1.71115507178822 -1.70702422779479 1.93961845605009 -0.82535182033703 -1.54816010207865 1.93961845605009 -0.882561897344418 -0.747127885241808 1.93961845605009 -1.52966986088922 -0.602546781540191 1.93961845605009
-1.93951434333671 -1.74935097818446 1.93961845605009 -1.71115507178822 -1.70702422779479 1.93961845605009 -1.52966986088922 -0.602546781540191 1.93961845605009 -1.93951510480094 -0.676954407862216 1.93961845605009
-0.676908411033995 -1.9395252865977 1.93961845605009 1.63913111919491e-05 -1.93952574984182 1.93961845605009 1.7192758706489e-05 -1.48000413006864 1.93961845605009 -0.82535182033703 -1.54816010207865 1.93961845605009
1.63913111919491e-05 -1.93952574984182 1.93961845605009 0.676941193653876 -1.9395276477875 1.93961845605009 0.825388022619892 -1.54815756444851 1.93961845605009 1.7192758706489e-05 -1.48000413006864 1.93961845605009
1.7192758706489e-05 -1.48000413006864 1.93961845605009 0.825388022619892 -1.54815756444851 1.93961845605009 0.882564945101896 -0.747131883889602 1.93961845605009 1.35663104848149e-05 -0.756721712865554 1.93961845605009
-0.82535182033703 -1.54816010207865 1.93961845605009 1.7192758706489e-05 -1.48000413006864 1.93961845605009 1.35663104848149e-05 -0.756721712865554 1.93961845605009 -0.882561897344418 -0.747127885241808 1.93961845605009
0.676941193653876 -1.9395276477875 1.93961845605009 1.74932112516327 -1.93953160924932 1.93961845605009 1.71118866538134 -1.70703019645284 1.93961845605009 0.825388022619892 -1.54815756444851 1.93961845605009
1.74932112516327 -1.93953160924932 1.93961845605009 1.93954694553987 -1.93953869423425 1.93961845605009 1.93954778914527 -1.74935773521397 1.93961845605009 1.71118866538134 -1.70703019645284 1.93961845605009
1.71118866538134 -1.70703019645284 1.93961845605009 1.93954778914527 -1.74935773521397 1.93961845605009 1.93952527042366 -0.676956184079016 1.93961845605009 1.52967994069316 -0.602544559738641 1.93961845605009
0.825388022619892 -1.54815756444851 1.93961845605009 1.71118866538134 -1.70703019645284 1.93961845605009 1.52967994069316 -0.602544559738641 1.93961845605009 0.882564945101896 -0.747131883889602 1.93961845605009
-1.93951510480094 -0.676954407862216 1.93961845605009 -1.52966986088922 -0.602546781540191 1.93961845605009 -1.43000591208636 -2.87866780854467e-05 1.93961845605009 -1.93951456370176 -2.80796246415394e-05 1.93961845605009
-1.52966986088922 -0.602546781540191 1.93961845605009 -0.882561897344418 -0.747127885241808 1.93961845605009 -0.824036161927566 9.61363703164e-06 1.93961845605009 -1.43000591208636 -2.87866780854467e-05 1.93961845605009
-1.43000591208636 -2.87866780854467e-05 1.93961845605009 -0.824036161927566 9.61363703164e-06 1.93961845605009 -0.882555504367502 0.747108806990103 1.93961845605009 -1.52966855007655 0.602489445526822 1.93961845605009
-1.93951456370176 -2.80796246415394e-05 1.93961845605009 -1.43000591208636 -2.87866780854467e-05 1.93961845605009 -1.52966855007655 0.602489445526822 1.93961845605009 -1.93951385590662 0.676898091360173 1.93961845605009
-0.882561897344418 -0.747127885241808 1.93961845605009 1.35663104848149e-05 -0.756721712865554 1.93961845605009 1.00027779851927e-05 9.62698230087849e-06 1.93961845605009 -0.824036161927566 9.61363703164e-06 1.93961845605009
1.35663104848149e-05 -0.756721712865554 1.93961845605009 0.882564945101896 -0.747131883889602 1.93961845605009 0.824020043538199 1.34240089366228e-05 1.93961845605009 1.00027779851927e-05 9.62698230087849e-06 1.93961845605009
1.00027779851927e-05 9.62698230087849e-06 1.93961845605009 0.824020043538199 1.34240089366228e-05 1.93961845605009 0.882561873737007 0.747105094035429 1.93961845605009 -4.39732030060578e-06 0.75672362766715 1.93961845605009
-0.824036161927566 9.61363703164e-06 1.93961845605009 1.00027779851927e-05 9.62698230087849e-06 1.93961845605009 -4.39732030060578e-06 0.75672362766715 1.93961845605009 -0.882555504367502 0.747108806990103 1.93961845605009
0.882564945101896 -0.747131883889602 1.93961845605009 1.52967994069316 -0.602544559738641 1.93961845605009 1.43002165966264 -2.56275574338914e-05 1.93961845605009 0.824020043538199 1.34240089366228e-05 1.93961845605009
1.52967994069316 -0.602544559738641 1.93961845605009 1.93952527042366 -0.676956184079016 1.93961845605009 1.93953031133218 -2.97129930974729e-05 1.93961845605009 1.43002165966264 -2.56275574338914e-05 1.93961845605009
1.43002165966264 -2.56275574338914e-05 1.93961845605009 1.93953031133218 -2.97129930974729e-05 1.93961845605009 1.93953884133185 0.677040927051757 1.93961845605009 1.52969684138797 0.602615421894441 1.93961845605009
0.824020043538199 1.34240089366228e-05 1.93961845605009 1.43002165966264 -2.56275574338914e-05 1.93961845605009 1.52969684138797 0.602615421894441 1.93961845605009 0.882561873737007 0.747105094035429 1.93961845605009
-1.93951385590662 0.676898091360173 1.93961845605009 -1.52966855007655 0.602489445526822 1.93961845605009 -1.71117871155418 1.70697243702585 1.93961845605009 -1.93951029765417 1.74929461929422 1.93961845605009
-1.52966855007655 0.602489445526822 1.93961845605009 -0.882555504367502 0.747108806990103 1.93961845605009 -0.825401001699534 1.54812060028156 1.93961845605009 -1.71117871155418 1.70697243702585 1.93961845605009
-1.71117871155418 1.70697243702585 1.93961845605009 -0.825401001699534 1.54812060028156 1.93961845605009 -0.676972541479421 1.93949765037317 1.93961845605009 -1.74928483951061 1.93947479615349 1.93961845605009
-1.93951029765417 1.74929461929422 1.93961845605009 -1.71117871155418 1.70697243702585 1.93961845605009 -1.74928483951061 1.93947479615349 1.93961845605009 -1.93950965697219 1.93947557534596 1.93961845605009
-0.882555504367502 0.747108806990103 1.93961845605009 -4.39732030060578e-06 0.75672362766715 1.93961845605009 -2.84929371920792e-05 1.48000602930809 1.93961845605009 -0.825401001699534 1.54812060028156 1.93961845605009
-4.39732030060578e-06 0.75672362766715 1.93961845605009 0.882561873737007 0.747105094035429 1.93961845605009 0.825339600564499 1.54819259452567 1.93961845605009 -2.84929371920792e-05 1.48000602930809 1.93961845605009
-2.84929371920792e-05 1.48000602930809 1.93961845605009 0.825339600564499 1.54819259452567 1.93961845605009 0.676877061886855 1.93955671880411 1.93961845605009 -4.77398088221946e-05 1.93952752326165 1.93961845605009
-0.825401001699534 1.54812060028156 1.93961845605009 -2.84929371920792e-05 1.48000602930809 1.93961845605009 -4.77398088221946e-05 1.93952752326165 1.93961845605009 -0.676972541479421 1.93949765037317 1.93961845605009
0.882561873737007 0.747105094035429 1.93961845605009 1.52969684138797 0.602615421894441 1.93961845605009 1.71113386536248 1.7071007831918 1.93961845605009 0.825339600564499 1.54819259452567 1.93961845605009
1.52969684138797 0.602615421894441 1.93961845605009 1.93953884133185 0.677040927051757 1.93961845605009 1.93949129326099 1.74943749721722 1.93961845605009 1.71113386536248 1.7071007831918 1.93961845605009
1.71113386536248 1.7071007831918 1.93961845605009 1.93949129326099 1.74943749721722 1.93961845605009 1.93948280832736 1.93961845605009 1.93961845605009 1.74925699231977 1.9396037264686 1.93961845605009
0.825339600564499 1.54819259452567 1.93961845605009 1.71113386536248 1.7071007831918 1.93961845605009 1.74925699231977 1.9396037264686 1.93961845605009 0.676877061886855 1.93955671880411 1.93961845605009
-1.93951416374532 -1.93961845605009 -1.93953193318355 -1.74928934331376 -1.93961845605009 -1.93953160924932 -1.71115507178822 -1.93961845605009 -1.70702422779479 -1.93951434333671 -1.93961845605009 -1.74935097818446
-1.74928934331376 -1.93961845605009 -1.93953160924932 -0.676908411033995 -1.93961845605009 -1.9395252865977 -0.82535182033703 -1.93961845605009 -1.54816010207865 -1.71115507178822 -1.93961845605009 -1.70702422779479
-1.71115507178822 -1.93961845605009 -1.70702422779479 -0.82535182033703 -1.93961845605009 -1.54816010207865 -0.882561897344418 -1.93961845605009 -0.747127885241808 -1.52966986088922 -1.93961845605009 -0.602546781540191
-1.93951434333671 -1.93961845605009 -1.74935097818446 -1.71115507178822 -1.93961845605009 -1.70702422779479 -1.52966986088922 -1.93961845605009 -0.602546781540191 -1.93951510480094 -1.93961845605009 -0.676954407862216
-0.676908411033995 -1.93961845605009 -1.9395252865977 1.63913111919491e-05 -1.93961845605009 -1.93952574984182 1.7192758706489e-05 -1.93961845605009 -1.48000413006864 -0.82535182033703 -1.93961845605009 -1.54816010207865
1.63913111919491e-05 -1.93961845605009 -1.93952574984182 0.676941193653876 -1.93961845605009 -1.9395276477875 0.825388022619892 -1.93961845605009 -1.54815756444851 1.7192758706489e-05 -1.93961845605009 -1.48000413006864
1.7192758706489e-05 -1.93961845605009 -1.48000413006864 0.825388022619892 -1.93961845605009 -1.54815756444851 0.882564945101896 -1.93961845605009 -0.747131883889602 1.35663104848149e-05 -1.93961845605009 -0.756721712865554
-0.82535182033703 -1.93961845605009 -1.54816010207865 1.7192758706489e-05 -1.93961845605009 -1.48000413006864 1.35663104848149e-05 -1.93961845605009 -0.756721712865554 -0.882561897344418 -1.93961845605009 -0.747127885241808
0.676941193653876 -1.93961845605009 -1.9395276477875 1.74932112516327 -1.93961845605009 -1.93953160924932 1.71118866538134 -1.93961845605009 -1.70703019645284 0.825388022619892 -1.93961845605009 -1.54815756444851
1.74932112516327 -1.93961845605009 -1.93953160924932 1.93954694553987 -1.93961845605009 -1.93953869423425 1.93954778914527 -1.93961845605009 -1.74935773521397 1.71118866538134 -1.93961845605009 -1.70703019645284
1.71118866538134 -1.93961845605009 -1.70703019645284 1.93954778914527 -1.93961845605009 -1.74935773521397 1.93952527042366 -1.93961845605009 -0.676956184079016 1.52967994069316 -1.93961845605009 -0.602544559738641
0.825388022619892 -1.93961845605009 -1.54815756444851 1.71118866538134 -1.93961845605009 -1.70703019645284 1.52967994069316 -1.93961845605009 -0.602544559738641 0.882564945101896 -1.93961845605009 -0.747131883889602
-1.93951510480094 -1.93961845605009 -0.676954407862216 -1.52966986088922 -1.93961845605009 -0.602546781540191 -1.43000591208636 -1.93961845605009 -2.87866780854467e-05 -1.93951456370176 -1.93961845605009 -2.80796246415394e-05
-1.52966986088922 -1.93961845605009 -0.602546781540191 -0.882561897344418 -1.93961845605009 -0.747127885241808 -0.824036161927566 -1.93961845605009 9.61363703164e-06 -1.43000591208636 -1.93961845605009 -2.87866780854467e-05
-1.43000591208636 -1.93961845605009 -2.87866780854467e-05 -0.824036161927566 -1.93961845605009 9.61363703164e-06 -0.882555504367502 -1.93961845605009 0.747108806990103 -1.52966855007655 -1.93961845605009 0.602489445526822
-1.93951456370176 -1.93961845605009 -2.80796246415394e-05 -1.43000591208636 -1.93961845605009 -2.87866780854467e-05 -1.52966855007655 -1.93961845605009 0.602489445526822 -1.93951385590662 -1.93961845605009 0.676898091360173
-0.882561897344418 -1.93961845605009 -0.747127885241808 1.35663104848149e-05 -1.93961845605009 -0.756721712865554 1.00027779851927e-05 -1.93961845605009 9.62698230087849e-06 -0.824036161927566 -1.93961845605009 9.61363703164e-06
1.35663104848149e-05 -1.93961845605009 -0.756721712865554 0.882564945101896 -1.93961845605009 -0.747131883889602 0.824020043538199 -1.93961845605009 1.34240089366228e-05 1.00027779851927e-05 -1.93961845605009 9.62698230087849e-06
1.00027779851927e-05 -1.93961845605009 9.62698230087849e-06 0.824020043538199 -1.93961845605009 1.34240089366228e-05 0.882561873737007 -1.93961845605009 0.747105094035429 -4.39732030060578e-06 -1.93961845605009 0.75672362766715
-0.824036161927566 -1.93961845605009 9.61363703164e-06 1.00027779851927e-05 -1.93961845605009 9.62698230087849e-06 -4.39732030060578e-06 -1.93961845605009 0.75672362766715 -0.882555504367502 -1.93961845605009 0.747108806990103
0.882564945101896 -1.93961845605009 -0.747131883889602 1.52967994069316 -1.93961845605009 -0.602544559738641 1.43002165966264 -1.93961845605009 -2.56275574338914e-05 0.824020043538199 -1.93961845605009 1.34240089366228e-05
1.52967994069316 -1.93961845605009 -0.602544559738641 1.93952527042366 -1.93961845605009 -0.676956184079016 1.93953031133218 -1.93961845605009 -2.97129930974729e-05 1.43002165966264 -1.93961845605009 -2.56275574338914e-05
1.43002165966264 -1.93961845605009 -2.56275574338914e-05 1.93953031133218 -1.93961845605009 -2.97129930974729e-05 1.93953884133185 -1.93961845605009 0.677040927051757 1.52969684138797 -1.93961845605009 0.602615421894441
0.824020043538199 -1.93961845605009 1.34240089366228e-05 1.43002165966264 -1.93961845605009 -2.56275574338914e-05 1.52969684138797 -1.93961845605009 0.602615421894441 0.882561873737007 -1.93961845605009 0.747105094035429
-1.93951385590662 -1.93961845605009 0.676898091360173 -1.52966855007655 -1.93961845605009 0.602489445526822 -1.71117871155418 -1.93961845605009 1.70697243702585 -1.93951029765417 -1.93961845605009 1.74929461929422
-1.52966855007655 -1.93961845605009 0.602489445526822 -0.882555504367502 -1.93961845605009 0.747108806990103 -0.825401001699534 -1.93961845605009 1.54812060028156 -1.71117871155418 -1.93961845605009 1.70697243702585
-1.71117871155418 -1.93961845605009 1.70697243702585 -0.825401001699534 -1.93961845605009 1.54812060028156 -0.676972541479421 -1.93961845605009 1.93949765037317 -1.74928483951061 -1.93961845605009 1.93947479615349
-1.93951029765417 -1.93961845605009 1.74929461929422 -1.71117871155418 -1.93961845605009 1.70697243702585 -1.74928483951061 -1.93961845605009 1.93947479615349 -1.93950965697219 -1.93961845605009 1.93947557534596
-0.882555504367502 -1.93961845605009 0.747108806990103 -4.39732030060578e-06 -1.93961845605009 0.75672362766715 -2.84929371920792e-05 -1.93961845605009 1.48000602930809 -0.825401001699534 -1.93961845605009 1.54812060028156
-4.39732030060578e-06 -1.93961845605009 0.75672362766715 0.882561873737007 -1.93961845605009 0.747105094035429 0.825339600564499 -1.93961845605009 1.54819259452567 -2.84929371920792e-05 -1.93961845605009 1.48000602930809
-2.84929371920792e-05 -1.93961845605009 1.48000602930809 0.825339600564499 -1.93961845605009 1.54819259452567 0.676877061886855 -1.93961845605009 1.93955671880411 -4.77398088221946e-05 -1.93961845605009 1.93952752326165
-0.825401001699534 -1.93961845605009 1.54812060028156 -2.84929371920792e-05 -1.93961845605009 1.48000602930809 -4.77398088221946e-05 -1.93961845605009 1.93952752326165 -0.676972541479421 -1.93961845605009 1.93949765037317
0.882561873737007 -1.93961845605009 0.747105094035429 1.52969684138797 -1.93961845605009 0.602615421894441 1.71113386536248 -1.93961845605009 1.7071007831918 0.825339600564499 -1.93961845605009 1.54819259452567
1.52969684138797 -1.93961845605009 0.602615421894441 1.93953884133185 -1.93961845605009 0.677040927051757 1.93949129326099 -1.93961845605009 1.74943749721722 1.71113386536248 -1.93961845605009 1.7071007831918
1.71113386536248 -1.93961845605009 1.7071007831918 1.93949129326099 -1.93961845605009 1.74943749721722 1.93948280832736 -1.93961845605009 1.93961845605009 1.74925699231977 -1.93961845605009 1.9396037264686
0.825339600564499 -1.93961845605009 1.54819259452567 1.71113386536248 -1.93961845605009 1.7071007831918 1.74925699231977 -1.93961845605009 1.9396037264686 0.676877061886855 -1.93961845605009 1.93955671880411
-1.93951416374532 -1.93953193318355 -1.93961845605009 -1.93951434333671 -1.74935097818446 -1.93961845605009 -1.71115507178822 -1.70702422779479 -1.93961845605009 -1.74928934331376 -1.93953160924932 -1.93961845605009
-1.74928934331376 -1.93953160924932 -1.93961845605009 -1.71115507178822 -1.70702422779479 -1.93961845605009 -0.82535182033703 -1.54816010207865 -1.93961845605009 -0.676908411033995 -1.9395252865977 -1.93961845605009
-1.71115507178822 -1.70702422779479 -1.93961845605009 -1.52966986088922 -0.602546781540191 -1.93961845605009 -0.882561897344418 -0.747127885241808 -1.93961845605009 -0.82535182033703 -1.54816010207865 -1.93961845605009
-1.93951434333671 -1.74935097818446 -1.93961845605009 -1.93951510480094 -0.676954407862216 -1.93961845605009 -1.52966986088922 -0.602546781540191 -1.93961845605009 -1.71115507178822 -1.70702422779479 -1.93961845605009
-0.676908411033995 -1.9395252865977 -1.93961845605009 -0.82535182033703 -1.54816010207865 -1.93961845605009 1.7192758706489e-05 -1.48000413006864 -1.93961845605009 1.63913111919491e-05 -1.93952574984182 -1.93961845605009
1.63913111919491e-05 -1.93952574984182 -1.93961845605009 1.7192758706489e-05 -1.48000413006864 -1.93961845605009 0.825388022619892 -1.54815756444851 -1.93961845605009 0.676941193653876 -1.9395276477875 -1.93961845605009
1.7192758706489e-05 -1.48000413006864 -1.93961845605009 1.35663104848149e-05 -0.756721712865554 -1.93961845605009 0.882564945101896 -0.747131883889602 -1.93961845605009 0.825388022619892 -1.54815756444851 -1.93961845605009
-0.82535182033703 -1.54816010207865 -1.93961845605009 -0.882561897344418 -0.747127885241808 -1.93961845605009 1.35663104848149e-05 -0.756721712865554 -1.93961845605009 1.7192758706489e-05 -1.48000413006864 -1.93961845605009
0.676941193653876 -1.9395276477875 -1.93961845605009 0.825388022619892 -1.54815756444851 -1.93961845605009 1.71118866538134 -1.70703019645284 -1.93961845605009 1.74932112516327 -1.93953160924932 -1.93961845605009
1.74932112516327 -1.93953160924932 -1.93961845605009 1.71118866538134 -1.70703019645284 -1.93961845605009 1.93954778914527 -1.74935773521397 -1.93961845605009 1.93954694553987 -1.93953869423425 -1.93961845605009
1.71118866538134 -1.70703019645284 -1.93961845605009 1.52967994069316 -0.602544559738641 -1.93961845605009 1.93952527042366 -0.676956184079016 -1.93961845605009 1.93954778914527 -1.74935773521397 -1.93961845605009
0.825388022619892 -1.54815756444851 -1.93961845605009 0.882564945101896 -0.747131883889602 -1.93961845605009 1.52967994069316 -0.602544559738641 -1.93961845605009 1.71118866538134 -1.70703019645284 -1.93961845605009
-1.93951510480094 -0.676954407862216 -1.93961845605009 -1.93951456370176 -2.80796246415394e-05 -1.93961845605009 -1.43000591208636 -2.87866780854467e-05 -1.93961845605009 -1.52966986088922 -0.602546781540191 -1.93961845605009
-1.52966986088922 -0.602546781540191 -1.93961845605009 -1.43000591208636 -2.87866780854467e-05 -1.93961845605009 -0.824036161927566 9.61363703164e-06 -1.93961845605009 -0.882561897344418 -0.747127885241808 -1.93961845605009
-1.43000591208636 -2.87866780854467e-05 -1.93961845605009 -1.52966855007655 0.602489445526822 -1.93961845605009 -0.882555504367502 0.747108806990103 -1.93961845605009 -0.824036161927566 9.61363703164e-06 -1.93961845605009
-1.93951456370176 -2.80796246415394e-05 -1.93961845605009 -1.93951385590662 0.676898091360173 -1.93961845605009 -1.52966855007655 0.602489445526822 -1.93961845605009 -1.43000591208636 -2.87866780854467e-05 -1.93961845605009
-0.882561897344418 -0.747127885241808 -1.93961845605009 -0.824036161927566 9.61363703164e-06 -1.93961845605009 1.00027779851927e-05 9.62698230087849e-06 -1.93961845605009 1.35663104848149e-05 -0.756721712865554 -1.93961845605009
1.35663104848149e-05 -0.756721712865554 -1.93961845605009 1.00027779851927e-05 9.62698230087849e-06 -1.93961845605009 0.824020043538199 1.34240089366228e-05 -1.93961845605009 0.882564945101896 -0.747131883889602 -1.93961845605009
1.00027779851927e-05 9.62698230087849e-06 -1.93961845605009 -4.39732030060578e-06 0.75672362766715 -1.93961845605009 0.882561873737007 0.747105094035429 -1.93961845605009 0.824020043538199 1.34240089366228e-05 -1.93961845605009
-0.824036161927566 9.61363703164e-06 -1.93961845605009 -0.882555504367502 0.747108806990103 -1.93961845605009 -4.39732030060578e-06 0.75672362766715 -1.93961845605009 1.00027779851927e-05 9.62698230087849e-06 -1.93961845605009
0.882564945101896 -0.747131883889602 -1.93961845605009 0.824020043538199 1.34240089366228e-05 -1.93961845605009 1.43002165966264 -2.56275574338914e-05 -1.93961845605009 1.52967994069316 -0.602544559738641 -1.93961845605009
1.52967994069316 -0.602544559738641 -1.93961845605009 1.43002165966264 -2.56275574338914e-05 -1.93961845605009 1.93953031133218 -2.97129930974729e-05 -1.93961845605009 1.93952527042366 -0.676956184079016 -1.93961845605009
1.43002165966264 -2.56275574338914e-05 -1.93961845605009 1.52969684138797 0.602615421894441 -1.93961845605009 1.93953884133185 0.677040927051757 -1.93961845605009 1.93953031133218 -2.97129930974729e-05 -1.93961845605009
0.824020043538199 1.34240089366228e-05 -1.93961845605009 0.882561873737007 0.747105094035429 -1.93961845605009 1.52969684138797 0.602615421894441 -1.93961845605009 1.43002165966264 -2.56275574338914e-05 -1.93961845605009
-1.93951385590662 0.676898091360173 -1.93961845605009 -1.93951029765417 1.74929461929422 -1.93961845605009 -1.71117871155418 1.70697243702585 -1.93961845605009 -1.52966855007655 0.602489445526822 -1.93961845605009
-1.52966855007655 0.602489445526822 -1.93961845605009 -1.71117871155418 1.70697243702585 -1.93961845605009 -0.825401001699534 1.54812060028156 -1.93961845605009 -0.882555504367502 0.747108806990103 -1.93961845605009
-1.71117871155418 1.70697243702585 -1.93961845605009 -1.74928483951061 1.93947479615349 -1.93961845605009 -0.676972541479421 1.93949765037317 -1.93961845605009 -0.825401001699534 1.54812060028156 -1.93961845605009
-1.93951029765417 1.74929461929422 -1.93961845605009 -1.93950965697219 1.93947557534596 -1.93961845605009 -1.74928483951061 1.93947479615349 -1.93961845605009 -1.71117871155418 1.70697243702585 -1.93961845605009
-0.882555504367502 0.747108806990103 -1.93961845605009 -0.825401001699534 1.54812060028156 -1.93961845605009 -2.84929371920792e-05 1.48000602930809 -1.93961845605009 -4.39732030060578e-06 0.75672362766715 -1.93961845605009
-4.39732030060578e-06 0.75672362766715 -1.93961845605009 -2.84929371920792e-05 1.48000602930809 -1.93961845605009 0.825339600564499 1.54819259452567 -1.93961845605009 0.882561873737007 0.747105094035429 -1.93961845605009
-2.84929371920792e-05 1.48000602930809 -1.93961845605009 -4.77398088221946e-05 1.93952752326165 -1.93961845605009 0.676877061886855 1.93955671880411 -1.93961845605009 0.825339600564499 1.54819259452567 -1.93961845605009
-0.825401001699534 1.54812060028156 -1.93961845605009 -0.676972541479421 1.93949765037317 -1.93961845605009 -4.77398088221946e-05 1.93952752326165 -1.93961845605009 -2.84929371920792e-05 1.48000602930809 -1.93961845605009
0.882561873737007 0.747105094035429 -1.93961845605009 0.825339600564499 1.54819259452567 -1.93961845605009 1.71113386536248 1.7071007831918 -1.93961845605009 1.52969684138797 0.602615421894441 -1.93961845605009
1.52969684138797 0.602615421894441 -1.93961845605009 1.71113386536248 1.7071007831918 -1.93961845605009 1.93949129326099 1.74943749721722 -1.93961845605009 1.93953884133185 0.677040927051757 -1.93961845605009
1.71113386536248 1.7071007831918 -1.93961845605009 1.74925699231977 1.9396037264686 -1.93961845605009 1.93948280832736 1.93961845605009 -1.93961845605009 1.93949129326099 1.74943749721722 -1.93961845605009
0.825339600564499 1.54819259452567 -1.93961845605009 0.676877061886855 1.93955671880411 -1.93961845605009 1.74925699231977 1.9396037264686 -1.93961845605009 1.71113386536248 1.7071007831918 -1.93961845605009
-1.93951416374532 1.93961845605009 -1.93953193318355 -1.93951434333671 1.93961845605009 -1.74935097818446 -1.71115507178822 1.93961845605009 -1.70702422779479 -1.74928934331376 1.93961845605009 -1.93953160924932
-1.74928934331376 1.93961845605009 -1.93953160924932 -1.71115507178822 1.93961845605009 -1.70702422779479 -0.82535182033703 1.93961845605009 -1.54816010207865 -0.676908411033995 1.93961845605009 -1.9395252865977
-1.71115507178822 1.93961845605009 -1.70702422779479 -1.52966986088922 1.93961845605009 -0.602546781540191 -0.882561897344418 1.93961845605009 -0.747127885241808 -0.82535182033703 1.93961845605009 -1.54816010207865
-1.93951434333671 1.93961845605009 -1.74935097818446 -1.93951510480094 1.93961845605009 -0.676954407862216 -1.52966986088922 1.93961845605009 -0.602546781540191 -1.71115507178822 1.93961845605009 -1.70702422779479
-0.676908411033995 1.93961845605009 -1.9395252865977 -0.82535182033703 1.93961845605009 -1.54816010207865 1.7192758706489e-05 1.93961845605009 -1.48000413006864 1.63913111919491e-05 1.93961845605009 -1.93952574984182
1.63913111919491e-05 1.93961845605009 -1.93952574984182 1.7192758706489e-05 1.93961845605009 -1.48000413006864 0.825388022619892 1.93961845605009 -1.54815756444851 0.676941193653876 1.93961845605009 -1.9395276477875
1.7192758706489e-05 1.93961845605009 -1.48000413006864 1.35663104848149e-05 1.93961845605009 -0.756721712865554 0.882564945101896 1.93961845605009 -0.747131883889602 0.825388022619892 1.93961845605009 -1.54815756444851
-0.82535182033703 1.93961845605009 -1.54816010207865 -0.882561897344418 1.93961845605009 -0.747127885241808 1.35663104848149e-05 1.93961845605009 -0.756721712865554 1.7192758706489e-05 1.93961845605009 -1.48000413006864
0.676941193653876 1.93961845605009 -1.9395276477875 0.825388022619892 1.93961845605009 -1.54815756444851 1.71118866538134 1.93961845605009 -1.70703019645284 1.74932112516327 1.93961845605009 -1.93953160924932
1.74932112516327 1.93961845605009 -1.93953160924932 1.71118866538134 1.93961845605009 -1.70703019645284 1.93954778914527 1.93961845605009 -1.74935773521397 1.93954694553987 1.93961845605009 -1.93953869423425
1.71118866538134 1.93961845605009 -1.70703019645284 1.52967994069316 1.93961845605009 -0.602544559738641 1.93952527042366 1.93961845605009 -0.676956184079016 1.93954778914527 1.93961845605009 -1.74935773521397
0.825388022619892 1.93961845605009 -1.54815756444851 0.882564945101896 1.93961845605009 -0.747131883889602 1.52967994069316 1.93961845605009 -0.602544559738641 1.71118866538134 1.93961845605009 -1.70703019645284
-1.93951510480094 1.93961845605009 -0.676954407862216 -1.93951456370176 1.93961845605009 -2.80796246415394e-05 -1.43000591208636 1.93961845605009 -2.87866780854467e-05 -1.52966986088922 1.93961845605009 -0.602546781540191
-1.52966986088922 1.93961845605009 -0.602546781540191 -1.43000591208636 1.93961845605009 -2.87866780854467e-05 -0.824036161927566 1.93961845605009 9.61363703164e-06 -0.882561897344418 1.93961845605009 -0.747127885241808
-1.43000591208636 1.93961845605009 -2.87866780854467e-05 -1.52966855007655 1.93961845605009 0.602489445526822 -0.882555504367502 1.93961845605009 0.747108806990103 -0.824036161927566 1.93961845605009 9.61363703164e-06
-1.93951456370176 1.93961845605009 -2.80796246415394e-05 -1.93951385590662 1.93961845605009 0.676898091360173 -1.52966855007655 1.93961845605009 0.602489445526822 -1.43000591208636 1.93961845605009 -2.87866780854467e-05
-0.882561897344418 1.93961845605009 -0.747127885241808 -0.824036161927566 1.93961845605009 9.61363703164e-06 1.00027779851927e-05 1.93961845605009 9.62698230087849e-06 1.35663104848149e-05 1.93961845605009 -0.756721712865554
1.35663104848149e-05 1.93961845605009 -0.756721712865554 1.00027779851927e-05 1.93961845605009 9.62698230087849e-06 0.824020043538199 1.93961845605009 1.34240089366228e-05 0.882564945101896 1.93961845605009 -0.747131883889602
1.00027779851927e-05 1.93961845605009 9.62698230087849e-06 -4.39732030060578e-06 1.93961845605009 0.75672362766715 0.882561873737007 1.93961845605009 0.747105094035429 0.824020043538199 1.93961845605009 1.34240089366228e-05
-0.824036161927566 1.93961845605009 9.61363703164e-06 -0.882555504367502 1.93961845605009 0.747108806990103 -4.39732030060578e-06 1.93961845605009 0.75672362766715 1.00027779851927e-05 1.93961845605009 9.62698230087849e-06
0.882564945101896 1.93961845605009 -0.747131883889602 0.824020043538199 1.93961845605009 1.34240089366228e-05 1.43002165966264 1.93961845605009 -2.56275574338914e-05 1.52967994069316 1.93961845605009 -0.602544559738641
1.52967994069316 1.93961845605009 -0.602544559738641 1.43002165966264 1.93961845605009 -2.56275574338914e-05 1.93953031133218 1.93961845605009 -2.97129930974729e-05 1.93952527042366 1.93961845605009 -0.676956184079016
1.43002165966264 1.93961845605009 -2.56275574338914e-05 1.52969684138797 1.93961845605009 0.602615421894441 1.93953884133185 1.93961845605009 0.677040927051757 1.93953031133218 1.93961845605009 -2.97129930974729e-05
0.824020043538199 1.93961845605009 1.34240089366228e-05 0.882561873737007 1.93961845605009 0.747105094035429 1.52969684138797 1.93961845605009 0.602615421894441 1.43002165966264 1.93961845605009 -2.56275574338914e-05
-1.93951385590662 1.93961845605009 0.676898091360173 -1.93951029765417 1.93961845605009 1.74929461929422 -1.71117871155418 1.93961845605009 1.70697243702585 -1.52966855007655 1.93961845605009 0.602489445526822
-1.52966855007655 1.93961845605009 0.602489445526822 -1.71117871155418 1.93961845605009 1.70697243702585 -0.825401001699534 1.93961845605009 1.54812060028156 -0.882555504367502 1.93961845605009 0.747108806990103
-1.71117871155418 1.93961845605009 1.70697243702585 -1.74928483951061 1.93961845605009 1.93947479615349 -0.676972541479421 1.93961845605009 1.93949765037317 -0.825401001699534 1.93961845605009 1.54812060028156
-1.93951029765417 1.93961845605009 1.74929461929422 -1.93950965697219 1.93961845605009 1.93947557534596 -1.74928483951061 1.93961845605009 1.93947479615349 -1.71117871155418 1.93961845605009 1.70697243702585
-0.882555504367502 1.93961845605009 0.747108806990103 -0.825401001699534 1.93961845605009 1.54812060028156 -2.84929371920792e-05 1.93961845605009 1.48000602930809 -4.39732030060578e-06 1.93961845605009 0.75672362766715
-4.39732030060578e-06 1.93961845605009 0.75672362766715 -2.84929371920792e-05 1.93961845605009 1.48000602930809 0.825339600564499 1.93961845605009 1.54819259452567 0.882561873737007 1.93961845605009 0.747105094035429
-2.84929371920792e-05 1.93961845605009 1.48000602930809 -4.77398088221946e-05 1.93961845605009 1.93952752326165 0.676877061886855 1.93961845605009 1.93955671880411 0.825339600564499 1.93961845605009 1.54819259452567
-0.825401001699534 1.93961845605009 1.54812060028156 -0.676972541479421 1.93961845605009 1.93949765037317 -4.77398088221946e-05 1.93961845605009 1.93952752326165 -2.84929371920792e-05 1.93961845605009 1.48000602930809
0.882561873737007 1.93961845605009 0.747105094035429 0.825339600564499 1.93961845605009 1.54819259452567 1.71113386536248 1.93961845605009 1.7071007831918 1.52969684138797 1.93961845605009 0.602615421894441
1.52969684138797 1.93961845605009 0.602615421894441 1.71113386536248 1.93961845605009 1.7071007831918 1.93949129326099 1.93961845605009 1.74943749721722 1.93953884133185 1.93961845605009 0.677040927051757
1.71113386536248 1.93961845605009 1.7071007831918 1.74925699231977 1.93961845605009 1.9396037264686 1.93948280832736 1.93961845605009 1.93961845605009 1.93949129326099 1.93961845605009 1.74943749721722
0.825339600564499 1.93961845605009 1.54819259452567 0.676877061886855 1.93961845605009 1.93955671880411 1.74925699231977 1.93961845605009 1.9396037264686 1.71113386536248 1.93961845605009 1.7071007831918
1.93961845605009 -1.93951416374532 -1.93953193318355 1.93961845605009 -1.74928934331376 -1.93953160924932 1.93961845605009 -1.71115507178822 -1.70702422779479 1.93961845605009 -1.93951434333671 -1.74935097818446
1.93961845605009 -1.74928934331376 -1.93953160924932 1.93961845605009 -0.676908411033995 -1.9395252865977 1.93961845605009 -0.82535182033703 -1.54816010207865 1.93961845605009 -1.71115507178822 -1.70702422779479
1.93961845605009 -1.71115507178822 -1.70702422779479 1.93961845605009 -0.82535182033703 -1.54816010207865 1.93961845605009 -0.882561897344418 -0.747127885241808 1.93961845605009 -1.52966986088922 -0.602546781540191
1.93961845605009 -1.93951434333671 -1.74935097818446 1.93961845605009 -1.71115507178822 -1.70702422779479 1.93961845605009 -1.52966986088922 -0.602546781540191 1.93961845605009 -1.93951510480094 -0.676954407862216
1.93961845605009 -0.676908411033995 -1.9395252865977 1.93961845605009 1.63913111919491e-05 -1.93952574984182 1.93961845605009 1.7192758706489e-05 -1.48000413006864 1.93961845605009 -0.82535182033703 -1.54816010207865
1.93961845605009 1.63913111919491e-05 -1.93952574984182 1.93961845605009 0.676941193653876 -1.9395276477875 1.93961845605009 0.825388022619892 -1.54815756444851 1.93961845605009 1.7192758706489e-05 -1.48000413006864
1.93961845605009 1.7192758706489e-05 -1.48000413006864 1.93961845605009 0.825388022619892 -1.54815756444851 1.93961845605009 0.882564945101896 -0.747131883889602 1.93961845605009 1.35663104848149e-05 -0.756721712865554
1.93961845605009 -0.82535182033703 -1.54816010207865 1.93961845605009 1.7192758706489e-05 -1.48000413006864 1.93961845605009 1.35663104848149e-05 -0.756721712865554 1.93961845605009 -0.882561897344418 -0.747127885241808
1.93961845605009 0.676941193653876 -1.9395276477875 1.93961845605009 1.74932112516327 -1.93953160924932 1.93961845605009 1.71118866538134 -1.70703019645284 1.93961845605009 0.825388022619892 -1.54815756444851
1.93961845605009 1.74932112516327 -1.93953160924932 1.93961845605009 1.93954694553987 -1.93953869423425 1.93961845605009 1.93954778914527 -1.74935773521397 1.93961845605009 1.71118866538134 -1.70703019645284
1.93961845605009 1.71118866538134 -1.70703019645284 1.93961845605009 1.93954778914527 -1.74935773521397 1.93961845605009 1.93952527042366 -0.676956184079016 1.93961845605009 1.52967994069316 -0.602544559738641
1.93961845605009 0.825388022619892 -1.54815756444851 1.93961845605009 1.71118866538134 -1.70703019645284 1.93961845605009 1.52967994069316 -0.602544559738641 1.93961845605009 0.882564945101896 -0.747131883889602
1.93961845605009 -1.93951510480094 -0.676954407862216 1.93961845605009 -1.52966986088922 -0.602546781540191 1.93961845605009 -1.43000591208636 -2.87866780854467e-05 1.93961845605009 -1.93951456370176 -2.80796246415394e-05
1.93961845605009 -1.52966986088922 -0.602546781540191 1.93961845605009 -0.882561897344418 -0.747127885241808 1.93961845605009 -0.824036161927566 9.61363703164e-06 1.93961845605009 -1.43000591208636 -2.87866780854467e-05
1.93961845605009 -1.43000591208636 -2.87866780854467e-05 1.93961845605009 -0.824036161927566 9.61363703164e-06 1.93961845605009 -0.882555504367502 0.747108806990103 1.93961845605009 -1.52966855007655 0.602489445526822
1.93961845605009 -1.93951456370176 -2.80796246415394e-05 1.93961845605009 -1.43000591208636 -2.87866780854467e-05 1.93961845605009 -1.52966855007655 0.602489445526822 1.93961845605009 -1.93951385590662 0.676898091360173
1.93961845605009 -0.882561897344418 -0.747127885241808 1.93961845605009 1.35663104848149e-05 -0.756721712865554 1.93961845605009 1.00027779851927e-05 9.62698230087849e-06 1.93961845605009 -0.824036161927566 9.61363703164e-06
1.93961845605009 1.35663104848149e-05 -0.756721712865554 1.93961845605009 0.882564945101896 -0.747131883889602 1.93961845605009 0.824020043538199 1.34240089366228e-05 1.93961845605009 1.00027779851927e-05 9.62698230087849e-06
1.93961845605009 1.00027779851927e-05 9.62698230087849e-06 1.93961845605009 0.824020043538199 1.34240089366228e-05 1.93961845605009 0.882561873737007 0.747105094035429 1.93961845605009 -4.39732030060578e-06 0.75672362766715
1.93961845605009 -0.824036161927566 9.61363703164e-06 1.93961845605009 1.00027779851927e-05 9.62698230087849e-06 1.93961845605009 -4.39732030060578e-06 0.75672362766715 1.93961845605009 -0.882555504367502 0.747108806990103
1.93961845605009 0.882564945101896 -0.747131883889602 1.93961845605009 1.52967994069316 -0.602544559738641 1.93961845605009 1.43002165966264 -2.56275574338914e-05 1.93961845605009 0.824020043538199 1.34240089366228e-05
1.93961845605009 1.52967994069316 -0.602544559738641 1.93961845605009 1.93952527042366 -0.676956184079016 1.93961845605009 1.93953031133218 -2.97129930974729e-05 1.93961845605009 1.43002165966264 -2.56275574338914e-05
1.93961845605009 1.43002165966264 -2.56275574338914e-05 1.93961845605009 1.93953031133218 -2.97129930974729e-05 1.93961845605009 1.93953884133185 0.677040927051757 1.93961845605009 1.52969684138797 0.602615421894441
1.93961845605009 0.824020043538199 1.34240089366228e-05 1.93961845605009 1.43002165966264 -2.56275574338914e-05 1.93961845605009 1.52969684138797 0.602615421894441 1.93961845605009 0.882561873737007 0.747105094035429
1.93961845605009 -1.93951385590662 0.676898091360173 1.93961845605009 -1.52966855007655 0.602489445526822 1.93961845605009 -1.71117871155418 1.70697243702585 1.93961845605009 -1.93951029765417 1.74929461929422
1.93961845605009 -1.52966855007655 0.602489445526822 1.93961845605009 -0.882555504367502 0.747108806990103 1.93961845605009 -0.825401001699534 1.54812060028156 1.93961845605009 -1.71117871155418 1.70697243702585
1.93961845605009 -1.71117871155418 1.70697243702585 1.93961845605009 -0.825401001699534 1.54812060028156 1.93961845605009 -0.676972541479421 1.93949765037317 1.93961845605009 -1.74928483951061 1.93947479615349
1.93961845605009 -1.93951029765417 1.74929461929422 1.93961845605009 -1.71117871155418 1.70697243702585 1.93961845605009 -1.74928483951061 1.93947479615349 1.93961845605009 -1.93950965697219 1.93947557534596
1.93961845605009 -0.882555504367502 0.747108806990103 1.93961845605009 -4.39732030060578e-06 0.75672362766715 1.93961845605009 -2.84929371920792e-05 1.48000602930809 1.93961845605009 -0.825401001699534 1.54812060028156
1.93961845605009 -4.39732030060578e-06 0.75672362766715 1.93961845605009 0.882561873737007 0.747105094035429 1.93961845605009 0.825339600564499 1.54819259452567 1.93961845605009 -2.84929371920792e-05 1.48000602930809
1.93961845605009 -2.84929371920792e-05 1.48000602930809 1.93961845605009 0.825339600564499 1.54819259452567 1.93961845605009 0.676877061886855 1.93955671880411 1.93961845605009 -4.77398088221946e-05 1.93952752326165
1.93961845605009 -0.825401001699534 1.54812060028156 1.93961845605009 -2.84929371920792e-05 1.48000602930809 1.93961845605009 -4.77398088221946e-05 1.93952752326165 1.93961845605009 -0.676972541479421 1.93949765037317
1.93961845605009 0.882561873737007 0.747105094035429 1.93961845605009 1.52969684138797 0.602615421894441 1.93961845605009 1.71113386536248 1.7071007831918 1.93961845605009 0.825339600564499 1.54819259452567
1.93961845605009 1.52969684138797 0.602615421894441 1.93961845605009 1.93953884133185 0.677040927051757 1.93961845605009 1.93949129326099 1.74943749721722 1.93961845605009 1.71113386536248 1.7071007831918
1.93961845605009 1.71113386536248 1.7071007831918 1.93961845605009 1.93949129326099 1.74943749721722 1.93961845605009 1.93948280832736 1.93961845605009 1.93961845605009 1.74925699231977 1.9396037264686
1.93961845605009 0.825339600564499 1.54819259452567 1.93961845605009 1.71113386536248 1.7071007831918 1.93961845605009 1.74925699231977 1.9396037264686 1.93961845605009 0.676877061886855 1.93955671880411
-1.93961845605009 -1.93951416374532 -1.93953193318355 -1.93961845605009 -1.93951434333671 -1.74935097818446 -1.93961845605009 -1.71115507178822 -1.70702422779479 -1.93961845605009 -1.74928934331376 -1.93953160924932
-1.93961845605009 -1.74928934331376 -1.93953160924932 -1.93961845605009 -1.71115507178822 -1.70702422779479 -1.93961845605009 -0.82535182033703 -1.54816010207865 -1.93961845605009 -0.676908411033995 -1.9395252865977
-1.93961845605009 -1.71115507178822 -1.70702422779479 -1.93961845605009 -1.52966986088922 -0.602546781540191 -1.93961845605009 -0.882561897344418 -0.747127885241808 -1.93961845605009 -0.82535182033703 -1.54816010207865
-1.93961845605009 -1.93951434333671 -1.74935097818446 -1.93961845605009 -1.93951510480094 -0.676954407862216 -1.93961845605009 -1.52966986088922 -0.602546781540191 -1.93961845605009 -1.71115507178822 -1.70702422779479
-1.93961845605009 -0.676908411033995 -1.9395252865977 -1.93961845605009 -0.82535182033703 -1.54816010207865 -1.93961845605009 1.7192758706489e-05 -1.48000413006864 -1.93961845605009 1.63913111919491e-05 -1.93952574984182
-1.93961845605009 1.63913111919491e-05 -1.93952574984182 -1.93961845605009 1.7192758706489e-05 -1.48000413006864 -1.93961845605009 0.825388022619892 -1.54815756444851 -1.93961845605009 0.676941193653876 -1.9395276477875
-1.93961845605009 1.7192758706489e-05 -1.48000413006864 -1.93961845605009 1.35663104848149e-05 -0.756721712865554 -1.93961845605009 0.882564945101896 -0.747131883889602 -1.93961845605009 0.825388022619892 -1.54815756444851
-1.93961845605009 -0.82535182033703 -1.54816010207865 -1.93961845605009 -0.882561897344418 -0.747127885241808 -1.93961845605009 1.35663104848149e-05 -0.756721712865554 -1.93961845605009 1.7192758706489e-05 -1.48000413006864
-1.93961845605009 0.676941193653876 -1.9395276477875 -1.93961845605009 0.825388022619892 -1.54815756444851 -1.93961845605009 1.71118866538134 -1.70703019645284 -1.93961845605009 1.74932112516327 -1.93953160924932
-1.93961845605009 1.74932112516327 -1.93953160924932 -1.93961845605009 1.71118866538134 -1.70703019645284 -1.93961845605009 1.93954778914527 -1.74935773521397 -1.93961845605009 1.93954694553987 -1.93953869423425
-1.93961845605009 1.71118866538134 -1.70703019645284 -1.93961845605009 1.52967994069316 -0.602544559738641 -1.93961845605009 1.93952527042366 -0.676956184079016 -1.93961845605009 1.93954778914527 -1.74935773521397
-1.93961845605009 0.825388022619892 -1.54815756444851 -1.93961845605009 0.882564945101896 -0.747131883889602 -1.93961845605009 1.52967994069316 -0.602544559738641 -1.93961845605009 1.71118866538134 -1.70703019645284
-1.93961845605009 -1.93951510480094 -0.676954407862216 -1.93961845605009 -1.93951456370176 -2.80796246415394e-05 -1.93961845605009 -1.43000591208636 -2.87866780854467e-05 -1.93961845605009 -1.52966986088922 -0.602546781540191
-1.93961845605009 -1.52966986088922 -0.602546781540191 -1.93961845605009 -1.43000591208636 -2.87866780854467e-05 -1.93961845605009 -0.824036161927566 9.61363703164e-06 -1.93961845605009 -0.882561897344418 -0.747127885241808
-1.93961845605009 -1.43000591208636 -2.87866780854467e-05 -1.93961845605009 -1.52966855007655 0.602489445526822 -1.93961845605009 -0.882555504367502 0.747108806990103 -1.93961845605009 -0.824036161927566 9.61363703164e-06
-1.93961845605009 -1.93951456370176 -2.80796246415394e-05 -1.93961845605009 -1.93951385590662 0.676898091360173 -1.93961845605009 -1.52966855007655 0.602489445526822 -1.93961845605009 -1.43000591208636 -2.87866780854467e-05
-1.93961845605009 -0.882561897344418 -0.747127885241808 -1.93961845605009 -0.824036161927566 9.61363703164e-06 -1.93961845605009 1.00027779851927e-05 9.62698230087849e-06 -1.93961845605009 1.35663104848149e-05 -0.756721712865554
-1.93961845605009 1.35663104848149e-05 -0.756721712865554 -1.93961845605009 1.00027779851927e-05 9.62698230087849e-06 -1.93961845605009 0.824020043538199 1.34240089366228e-05 -1.93961845605009 0.882564945101896 -0.747131883889602
-1.93961845605009 1.00027779851927e-05 9.62698230087849e-06 -1.93961845605009 -4.39732030060578e-06 0.75672362766715 -1.93961845605009 0.882561873737007 0.747105094035429 -1.93961845605009 0.824020043538199 1.34240089366228e-05
-1.93961845605009 -0.824036161927566 9.61363703164e-06 -1.93961845605009 -0.882555504367502 0.747108806990103 -1.93961845605009 -4.39732030060578e-06 0.75672362766715 -1.93961845605009 1.00027779851927e-05 9.62698230087849e-06
-1.93961845605009 0.882564945101896 -0.747131883889602 -1.93961845605009 0.824020043538199 1.34240089366228e-05 -1.93961845605009 1.43002165966264 -2.56275574338914e-05 -1.93961845605009 1.52967994069316 -0.602544559738641
-1.93961845605009 1.52967994069316 -0.602544559738641 -1.93961845605009 1.43002165966264 -2.56275574338914e-05 -1.93961845605009 1.93953031133218 -2.97129930974729e-05 -1.93961845605009 1.93952527042366 -0.676956184079016
-1.93961845605009 1.43002165966264 -2.56275574338914e-05 -1.93961845605009 1.52969684138797 0.602615421894441 -1.93961845605009 1.93953884133185 0.677040927051757 -1.93961845605009 1.93953031133218 -2.97129930974729e-05
-1.93961845605009 0.824020043538199 1.34240089366228e-05 -1.93961845605009 0.882561873737007 0.747105094035429 -1.93961845605009 1.52969684138797 0.602615421894441 -1.93961845605009 1.43002165966264 -2.56275574338914e-05
-1.93961845605009 -1.93951385590662 0.676898091360173 -1.93961845605009 -1.93951029765417 1.74929461929422 -1.93961845605009 -1.71117871155418 1.70697243702585 -1.93961845605009 -1.52966855007655 0.602489445526822
-1.93961845605009 -1.52966855007655 0.602489445526822 -1.93961845605009 -1.71117871155418 1.70697243702585 -1.93961845605009 -0.825401001699534 1.54812060028156 -1.93961845605009 -0.882555504367502 0.747108806990103
-1.93961845605009 -1.71117871155418 1.70697243702585 -1.93961845605009 -1.74928483951061 1.93947479615349 -1.93961845605009 -0.676972541479421 1.93949765037317 -1.93961845605009 -0.825401001699534 1.54812060028156
-1.93961845605009 -1.93951029765417 1.74929461929422 -1.93961845605009 -1.93950965697219 1.93947557534596 -1.93961845605009 -1.74928483951061 1.93947479615349 -1.93961845605009 -1.71117871155418 1.70697243702585
-1.93961845605009 -0.882555504367502 0.747108806990103 -1.93961845605009 -0.825401001699534 1.54812060028156 -1.93961845605009 -2.84929371920792e-05 1.48000602930809 -1.93961845605009 -4.39732030060578e-06 0.75672362766715
-1.93961845605009 -4.39732030060578e-06 0.75672362766715 -1.93961845605009 -2.84929371920792e-05 1.48000602930809 -1.93961845605009 0.825339600564499 1.54819259452567 -1.93961845605009 0.882561873737007 0.747105094035429
-1.93961845605009 -2.84929371920792e-05 1.48000602930809 -1.93961845605009 -4.77398088221946e-05 1.93952752326165 -1.93961845605009 0.676877061886855 1.93955671880411 -1.93961845605009 0.825339600564499 1.54819259452567
-1.93961845605009 -0.825401001699534 1.54812060028156 -1.93961845605009 -0.676972541479421 1.93949765037317 -1.93961845605009 -4.77398088221946e-05 1.93952752326165 -1.93961845605009 -2.84929371920792e-05 1.48000602930809
-1.93961845605009 0.882561873737007 0.747105094035429 -1.93961845605009 0.825339600564499 1.54819259452567 -1.93961845605009 1.71113386536248 1.7071007831918 -1.93961845605009 1.52969684138797 0.602615421894441
-1.93961845605009 1.52969684138797 0.602615421894441 -1.93961845605009 1.71113386536248 1.7071007831918 -1.93961845605009 1.93949129326099 1.74943749721722 -1.93961845605009 1.93953884133185 0.677040927051757
-1.93961845605009 1.71113386536248 1.7071007831918 -1.93961845605009 1.74925699231977 1.9396037264686 -1.93961845605009 1.93948280832736 1.93961845605009 -1.93961845605009 1.93949129326099 1.74943749721722
-1.93961845605009 0.825339600564499 1.54819259452567 -1.93961845605009 0.676877061886855 1.93955671880411 -1.93961845605009 1.74925699231977 1.9396037264686 -1.93961845605009 1.71113386536248 1.7071007831918
