2.20731524323166 0.00196248074879236 -5.96531036766056e-05 2.19574456762946 0.00445396299665512 -0.0044993598817313 1.73611024598128 1.43814906030584 -0.40060994916921 2.44992164257964 1.01647676300266 -0.0797795055658006
2.44992164257964 1.01647676300266 -0.0797795055658006 3.28830808706443 1.30022946501352 0.00284701282836383 4.15542390474793 0.706540538018785 0.0904558019172954 3.19006355131658 -0.00204121264443472 -0.00375418198213111
0.443681933178766 2.26296380949849 -0.670636523773535 1.19199681778307 2.62502574585013 -0.215308914345367 2.48465583858213 1.77632659580321 0.0462889573471417 1.73611024598128 1.43814906030584 -0.40060994916921
3.28830808706443 1.30022946501352 0.00284701282836383 2.48465583858213 1.77632659580321 0.0462889573471417 1.55745457982498 3.36468237701231 0.393035591199681 3.45658236983053 2.29599297858379 0.306483634384404
1.19199681778307 2.62502574585013 -0.215308914345367 0.44608440861471 2.26423443355802 -0.669546961907169 -0.799403602989081 2.50575305020535 -0.540596889907521 -0.271646635722989 3.08032270327734 0.116548979058449
-0.271646635722989 3.08032270327734 0.116548979058449 0.167025650329354 3.79382945933624 0.698777841308081 1.8006220297316 3.54155450640848 0.540989703196978 1.55745457982498 3.36468237701231 0.393035591199681
-1.79562207223624 1.81952957976915 -0.944130106120867 -1.65284894950095 2.43416231519187 0.0126569366658197 -0.464685933766476 3.10660022289612 0.239744244779713 -0.799403602989081 2.50575305020535 -0.540596889907521
0.167025650329354 3.79382945933624 0.698777841308081 -0.464685933766476 3.10660022289612 0.239744244779713 -1.79454776845131 2.56062867127457 0.318044350041246 -1.38207647436459 3.21813511966439 0.859893726878078
-1.65284894950095 2.43416231519187 0.0126569366658197 -1.79799912204485 1.81277461752661 -0.942678444061138 -2.603269206707 0.869333665319463 -0.874726678842471 -2.53163321245124 1.36500176663285 0.00194715804812846
-2.53163321245124 1.36500176663285 0.00194715804812846 -2.58152266448229 1.85359800374377 0.884046096348963 -1.79092265598711 2.92960914897502 0.895607869996287 -1.79454776845131 2.56062867127457 0.318044350041246
-2.90915323799214 -0.326800927057515 -1.012163978367 -2.89365373069698 0.00616376207778269 -0.128896709280641 -2.57527158824478 1.26487595848662 0.0585110587625359 -2.603269206707 0.869333665319463 -0.874726678842471
-2.58152266448229 1.85359800374377 0.884046096348963 -2.57527158824478 1.26487595848662 0.0585110587625359 -2.89626619050263 -0.00556220766556906 0.134899735018734 -2.91532659164065 0.566830783106399 1.00967443516449
-2.89365373069698 0.00616376207778269 -0.128896709280641 -2.91431864254202 -0.567364532681024 -1.00878975666442 -2.5826308301728 -1.84972176002784 -0.881151650031741 -2.57444184241067 -1.26398948869711 -0.0541610718254123
-2.57444184241067 -1.26398948869711 -0.0541610718254123 -2.6010063636101 -0.870049669411476 0.879219475681792 -2.91066241242116 0.326394689036909 1.01546260034715 -2.89626619050263 -0.00556220766556906 0.134899735018734
-1.79804514406714 -2.92447541346827 -0.891444524659193 -1.79989610222562 -2.56223763391831 -0.320554376742412 -2.53130473208791 -1.3633833802432 0.00159575689904679 -2.5826308301728 -1.84972176002784 -0.881151650031741
-2.6010063636101 -0.870049669411476 0.879219475681792 -2.53130473208791 -1.3633833802432 0.00159575689904679 -1.65254972539119 -2.43168465686247 -0.013546800233585 -1.79447088684016 -1.8141521266188 0.9433699717476
-1.79989610222562 -2.56223763391831 -0.320554376742412 -1.38323874569028 -3.22540722568992 -0.869528801713066 0.166146165646669 -3.79801011342306 -0.704145400984591 -0.469704113745847 -3.11073571367621 -0.244833732638057
-0.469704113745847 -3.11073571367621 -0.244833732638057 -0.802222145078398 -2.50914280666591 0.539415247970124 -1.78859991104716 -1.82024916298509 0.947052861885716 -1.65254972539119 -2.43168465686247 -0.013546800233585
1.79728374912238 -3.5362085255857 -0.540414298564088 1.55930156901107 -3.36444366852553 -0.395891538001704 -0.273046447066267 -3.08379777993199 -0.119599541229606 0.166146165646669 -3.79801011342306 -0.704145400984591
-0.802222145078398 -2.50914280666591 0.539415247970124 -0.273046447066267 -3.08379777993199 -0.119599541229606 1.1917855568856 -2.62428502231261 0.211879683559252 0.437318786283477 -2.26349981919254 0.669331946622779
1.55930156901107 -3.36444366852553 -0.395891538001704 3.45492102766936 -2.29487195770139 -0.307391819299657 3.28782096006997 -1.29864349419921 -0.000823697189801376 2.48727660554202 -1.77435151993193 -0.0451268015529366
2.48727660554202 -1.77435151993193 -0.0451268015529366 1.74032396288194 -1.44110119555484 0.402230659810064 0.44301011606573 -2.26609841520256 0.669138730863934 1.1917855568856 -2.62428502231261 0.211879683559252
4.16061190047308 -0.71175737039852 -0.0915464026501521 3.19700519179537 0.00462969295045338 0.00175545764695041 2.45007217467677 -1.0105567096309 0.0819556544281432 3.28782096006997 -1.29864349419921 -0.000823697189801376
1.74032396288194 -1.44110119555484 0.402230659810064 2.45007217467677 -1.0105567096309 0.0819556544281432 2.19681440126712 -0.000457667771653751 0.000685214866887241 2.19130464436134 -0.00168474859601809 0.00279167501484615
