-5.76909406783489 -1.15377929866002 0 -5.75645307782368 -1.15377929866002 0 -4.92142806950451 0.160131961507198 0 -5.76909406783489 -0.10769524982867 0
-5.76909406783489 -0.10769524982867 0 -4.92142806950451 0.160131961507198 0 -4.56791389732855 1.15362208048634 0 -5.76909406783489 1.15362208048634 0
-5.75645307782368 -1.15377929866002 0 -4.80863580435595 -1.15377929866002 0 -3.98659985592237 0.181861263540455 0 -4.92142806950451 0.160131961507198 0
-4.92142806950451 0.160131961507198 0 -3.98659985592237 0.181861263540455 0 -2.3870859620389 1.15362208048634 0 -4.56791389732855 1.15362208048634 0
-4.80863580435595 -1.15377929866002 0 -3.86372148558758 -1.15377929866002 0 -3.03473243950811 -0.184761833574622 0 -3.98659985592237 0.181861263540455 0
-3.98659985592237 0.181861263540455 0 -3.03473243950811 -0.184761833574622 0 -2.05197251641513 1.15362208048634 0 -2.3870859620389 1.15362208048634 0
-3.86372148558758 -1.15377929866002 0 -2.71762101091581 -1.15377929866002 0 -2.01940446694261 0.0412181762576647 0 -3.03473243950811 -0.184761833574622 0
-3.03473243950811 -0.184761833574622 0 -2.01940446694261 0.0412181762576647 0 -1.10542870208104 1.15362208048634 0 -2.05197251641513 1.15362208048634 0
-2.71762101091581 -1.15377929866002 0 -1.56882651095913 -1.15377929866002 0 -1.0133059654742 -0.0426608398516661 0 -2.01940446694261 0.0412181762576647 0
-2.01940446694261 0.0412181762576647 0 -1.0133059654742 -0.0426608398516661 0 -0.420073098821191 1.15362208048634 0 -1.10542870208104 1.15362208048634 0
-1.56882651095913 -1.15377929866002 0 -0.624772395846055 -1.15377929866002 0 -0.000222226361633043 -0.000222232208492279 0 -1.0133059654742 -0.0426608398516661 0
-1.0133059654742 -0.0426608398516661 0 -0.000222226361633043 -0.000222232208492279 0 0.625491452640718 1.15362208048634 0 -0.420073098821191 1.15362208048634 0
-0.624772395846055 -1.15377929866002 0 0.425728424889937 -1.15377929866002 0 1.01239317646728 0.0406241186661036 0 -0.000222226361633043 -0.000222232208492279 0
-0.000222226361633043 -0.000222232208492279 0 1.01239317646728 0.0406241186661036 0 1.5666420430322 1.15362208048634 0 0.625491452640718 1.15362208048634 0
0.425728424889937 -1.15377929866002 0 1.10182392534331 -1.15377929866002 0 2.01815808279399 -0.0418578514211248 0 1.01239317646728 0.0406241186661036 0
1.01239317646728 0.0406241186661036 0 2.01815808279399 -0.0418578514211248 0 2.7142780377751 1.15362208048634 0 1.5666420430322 1.15362208048634 0
1.10182392534331 -1.15377929866002 0 2.05819048157145 -1.15377929866002 0 3.03526008459008 0.188335365768841 0 2.01815808279399 -0.0418578514211248 0
2.01815808279399 -0.0418578514211248 0 3.03526008459008 0.188335365768841 0 3.86103809697255 1.15362208048634 0 2.7142780377751 1.15362208048634 0
2.05819048157145 -1.15377929866002 0 2.3853224760408 -1.15377929866002 0 3.98783938763851 -0.181947995774163 0 3.03526008459008 0.188335365768841 0
3.03526008459008 0.188335365768841 0 3.98783938763851 -0.181947995774163 0 4.81425541944648 1.15362208048634 0 3.86103809697255 1.15362208048634 0
2.3853224760408 -1.15377929866002 0 4.56359794121558 -1.15377929866002 0 4.91983368937985 -0.160081118607943 0 3.98783938763851 -0.181947995774163 0
3.98783938763851 -0.181947995774163 0 4.91983368937985 -0.160081118607943 0 5.76188848590011 1.15362208048634 0 4.81425541944648 1.15362208048634 0
4.56359794121558 -1.15377929866002 0 5.76791282789691 -1.15377929866002 0 5.76791282789691 0.109100071807135 0 4.91983368937985 -0.160081118607943 0
4.91983368937985 -0.160081118607943 0 5.76791282789691 0.109100071807135 0 5.76791282789691 1.15362208048634 0 5.76188848590011 1.15362208048634 0
