-1.4454614762719638 -1.2572775406508558 0.10059215783671042 -0.9742886632600634 -1.2426999170181001 0.10302017958857551 -0.988881949131053 -0.7715312990189154 0.1060847213932259 -1.4600547623573026 -0.7861089221914247 0.10365669964336442
-1.7037900550606473 -0.558727465743055 0.10337803669512388 -1.7181515051965353 -0.08755606685847336 0.10705008430600642 -2.189331231114009 -0.10189838716736377 0.10456297177577338 -2.1749697814506566 -0.5730697858662415 0.10089092416398666
-0.9720419303332294 -1.2418126868234538 0.10190883506754166 -0.5007707341464063 -1.2306754539869385 0.10319097164081456 -0.511910555426015 -0.7594035224709768 0.10413596167911585 -0.9831817513462492 -0.7705407553011916 0.10285382510656822
-0.5012704047003141 -1.2302868710852513 0.10150829159477143 -0.02993938031685711 -1.221964607305217 0.10134245682876783 -0.03826107428437853 -0.7506359353103672 0.102843909901216 -0.5095920988760432 -0.7589581986273428 0.1030097446687763
-0.508818354235204 -0.7528092068832191 0.10720116378101376 -0.037460682042884635 -0.7485526775067238 0.10209729164848254 -0.041703062093949056 -0.2771691181145209 0.10342564386490934 -0.5130607336196691 -0.28142564748499665 0.10852951599022259
-0.9838267598958641 -0.7684967997093881 0.10332077824364828 -0.5126866207461038 -0.753005797096027 0.10635729442089285 -0.5281831227172296 -0.28185674663367 0.10716517518326343 -0.9993232616824423 -0.29734774877404613 0.10412865900810692
-0.028096107701612638 -1.2225402663060603 0.1002636716553553 0.44329851872422377 -1.2195761397534168 0.10100009234522839 0.4403306435851226 -0.7481871853200261 0.10342236698953466 -0.03106398257405471 -0.751151311870992 0.10268594630007816
0.6709983686200716 -0.04306024928167282 0.10500733908566033 0.7163446943525481 -0.5122677845062047 0.10181010297829059 1.1855592749594357 -0.4669098753788763 0.10021016583308281 1.1402129492910933 0.0022976591820929038 0.10340740193593095
-2.209513635872345 0.371119688229248 0.10740770780757647 -2.1903306480764284 -0.09987739445674579 0.10340980019093607 -1.7193631646115723 -0.0807532560496578 0.11020089053543719 -1.7385461523966381 0.39024382636990196 0.11419879814981604
-1.2442945797971205 -0.06773141664181465 0.10750733010951051 -1.2573770572924292 0.4034716844005687 0.11183265929714395 -1.7285958054130524 0.3903715967765594 0.11370378733229311 -1.715513328378675 -0.08083150447870707 0.1093784581446769
-1.7557046459660415 0.8648965378896184 0.10989018039132721 -1.7281638397069556 0.39431056796332253 0.11343582374156522 -1.2575674509250625 0.4218378707080591 0.11156263330492507 -1.2851082571451997 0.8924238399688469 0.10801698995970134
-1.7389913773307377 0.39412193847587423 0.11255281737304239 -1.7590585739974063 0.865087439201167 0.10923211638813624 -2.2299963580311224 0.8449794178779388 0.10327451249694265 -2.20992916183917 0.37401391733255474 0.10659521347454226
0.1702989613117652 0.4360763968366427 0.1028960671264771 0.1955965627780143 -0.03464698636736113 0.1015731726334041 0.6663142801854656 -0.009357379734351107 0.1043096620208358 0.6410166787335271 0.46136600320337273 0.10563255651316047
1.139881055112356 0.004491990397000739 0.1042873955923698 1.126076448405038 0.47568983582215796 0.1063478378504904 0.6548752289494021 0.46188991006976965 0.10525475551318667 0.6686798351961084 -0.009307935568965864 0.10319431325310978
0.6407525000270441 0.9352943774403741 0.10651558869270578 0.6563925590667373 0.46414937726123984 0.10652245023023367 1.1275000914568327 0.47978810627612123 0.10057724598788839 1.1118600324392625 0.9509331057889527 0.10057038445037014
0.6407897419613641 0.46397447048425805 0.10566449248621426 0.6366300031541828 0.9353606262986391 0.1055596587464314 0.16526037389859444 0.931200155827811 0.10161186225239388 0.16942011223738 0.4598140002093035 0.10171669598822415
-2.265333272908007 1.316810758231928 0.1001200215074078 -2.2298340630467126 0.8467490564185387 0.10212620503107847 -1.7597841132874397 0.8822633490051026 0.10586810461290846 -1.7952833231286534 1.3523250505525866 0.10386192109037265
-1.5550120021622025 1.5980046257618634 0.10351870462276205 -1.083914588427684 1.6149405485183663 0.10513857519666149 -1.1008418756480232 2.0860345512949094 0.1026627180303797 -1.5719392887163057 2.069098628562353 0.10104284745877114
-1.0538472945401607 1.1428169122471137 0.10737844143707448 -0.5824490601453937 1.1452478864703173 0.10724745048042421 -0.5848807399412889 1.6166385184121896 0.1045676911789625 -1.0562789740693943 1.614207544190361 0.10469868213553868
-0.5526792999384054 1.1463829386992994 0.10576809141282502 -0.08223161327160622 1.176383728170501 0.10469624118220304 -0.11223368716181156 1.6468322432646778 0.10415568201014327 -0.5826813740579053 1.616831454246467 0.10522753224068486
-0.5844875513431178 1.658870121163102 0.10448645350738016 -0.11318688389004442 1.6490373348974956 0.1033819806988787 -0.10335814037089125 2.1203362796231477 0.10167233901284159 -0.5746588071574417 2.130169065874844 0.1027768118197811
-1.0560539676214717 1.6163757024013352 0.10481101595841541 -0.5865702160624741 1.6588843471439065 0.10530543962132913 -0.6290744707148594 2.1283574741611146 0.10205069825288549 -1.0985582221167447 2.0858488299013365 0.1015562745869595
1.1106009192021804 0.9530216321515266 0.1017989391503624 1.1125731919009296 1.4244213795541822 0.10101765106820135 0.6411735877223671 1.426395077090846 0.10187770605143133 0.6392013145561161 0.9549953294901418 0.10265899413477526
-0.06429008526439078 1.6512053131548825 0.10512810426491268 0.405644718001184 1.688390074900631 0.10423564464311691 0.3684537788126373 2.1583088950427527 0.10031665054308955 -0.10148102429037403 2.12112413377798 0.10120911016062703
-2.1751524880993487 -0.5721039971486862 0.10219407616679098 -2.168285607696975 -0.8077026211020936 0.10089411808996221 -1.6970830380153805 -0.7939764133810042 0.10229111707255455 -1.70394991841387 -0.5583777895608701 0.10359107514864796
-1.6795350643362927 -1.2667432246489359 0.10097293435461058 -1.4440191385155583 -1.2575585044215793 0.10282904462840906 -1.462397479388664 -0.7865135753148847 0.1038936613288053 -1.697913405076172 -0.7956982955370456 0.10203755105605679
-1.7158626869892786 -0.08897010245218208 0.10623649413329313 -1.707178190150262 -0.3244301297613381 0.10001469968677713 -1.2360947780203488 -0.30709312273536366 0.10145323254674898 -1.244779274847082 -0.0716330957591979 0.10767502698446604
-1.2259612118137462 -0.7744826295766006 0.10270290509189048 -0.990341150657158 -0.7687176194764991 0.10504962855694516 -1.0018616580838688 -0.297454975916861 0.10403914986655476 -1.2374817189072405 -0.30321998600881117 0.10169242640481883
0.4463892879424429 -1.2190737097772735 0.10320995055609399 0.6820766345158308 -1.2175775819363044 0.10102093315924672 0.6790785343208294 -0.7461829971431029 0.1004052716475049 0.4433911876459578 -0.7476791247513737 0.10259428904497618
1.1424508833086462 -0.8232260926613557 0.10103847775449971 1.180971581727154 -0.590693233712622 0.10146372235431801 0.7159059280509771 -0.5136504649617158 0.10070771297004662 0.6773852293859328 -0.7461833239709703 0.1002824683696737
-0.02916414419597735 -0.7484943544044859 0.10358011371521625 0.20646714646604847 -0.7432917467531566 0.10105359195543198 0.1960580217973834 -0.2720022638447521 0.10074433511518366 -0.03957326876982724 -0.27720487126059434 0.10327085687374296
0.6647842698906594 -0.2792322609015926 0.10325008200055058 0.6681470983435305 -0.043555124979781396 0.1039812222872083 0.19679502526594406 -0.036823197157100154 0.101949880489363 0.19343219658119692 -0.2725003329755874 0.10121874020201004
-1.2558084145758694 0.4055019553666958 0.11035168850020707 -1.2481094616181612 0.1699422394446658 0.11316272110223274 -0.7769564895006413 0.1853397469148365 0.11303747081665524 -0.7846554424539935 0.42089946270361456 0.11022643821621972
-0.7617635872788238 -0.2853837758201195 0.11324181800880191 -0.5261902102447938 -0.279244430938856 0.10844098230927969 -0.5385117463645058 0.19199485557226975 0.10645688169763094 -0.774085123265276 0.18585551069447825 0.11125771739443743
-0.5104778990959287 -0.27923048665650735 0.10736131639457729 -0.2752110017274478 -0.2665333622401064 0.10074122843051679 -0.30060808334678274 0.20418645343302946 0.10099734189174873 -0.5358749808276501 0.1914893292442363 0.10761742985874467
0.16647698611198802 0.19939645956387336 0.1031332589858196 0.1683921566278591 0.4350901117227798 0.10375774627979477 -0.30298930713774186 0.43892742174399196 0.10110960235461432 -0.30490447788774566 0.20323376948698862 0.10048511505906343
-0.5487547074729422 0.6729036509935636 0.09972006238567924 -0.31305781688830453 0.6744904768176432 0.09960419846816373 -0.3162274123214324 1.1458255168269043 0.10705108356385164 -0.5519243025727449 1.1442386910050701 0.1071669474812033
-0.31107714765716143 0.6774540378200407 0.1013016179838136 -0.3021784605472109 0.44192184363959397 0.10227862574916946 0.16888563275098845 0.45971049993156826 0.10017955789836139 0.15998694565362132 0.6952426937789227 0.09920255013438722
-0.7841152014631004 0.4253432698959029 0.10910104807267053 -0.7843804712886004 0.6608936869760118 0.10064609550416043 -1.2557717790383094 0.660488672450371 0.10415225543894528 -1.2555065094462492 0.4249382554699974 0.11260720800560371
-0.7856884759601295 0.6552351418141897 0.10152514774342088 -0.5505265249027594 0.6711790418941068 0.10107303850670717 -0.582401836314344 1.1414731427167615 0.10651778368653378 -0.8175637872877206 1.1255292428763908 0.10696989292575067
-1.2864315815958633 0.8952832484751355 0.10830252389684644 -1.2923472414369201 1.1308814138032108 0.10455219148773084 -1.7635920195647101 1.119000036069929 0.10148394008320546 -1.7576763599544012 0.8834018706360192 0.10523427249239344
-1.2923734669680507 1.127692736591967 0.1035286736897287 -1.057114315030796 1.1418516650797703 0.10639428083822465 -1.0854312162161996 1.612404863095667 0.10614340135330833 -1.3206903682672846 1.598245934834764 0.1032777942034724
-1.7943990255795383 1.3543103937546892 0.10340725742907036 -1.79249248259981 1.590003500824203 0.10258266576474558 -2.263878932071557 1.5938110130793754 0.10098882729164328 -2.265785475283805 1.3581179061117483 0.10181341895482927
-1.7928393386614228 1.589646771973441 0.10298716484691528 -1.557299588886656 1.5982880246839892 0.10436941130247568 -1.5745674917780361 2.0693695330399766 0.10186860922592068 -1.8101072414614197 2.060728280566266 0.10048636276970889
-0.07897744981130767 1.1774917310949975 0.10575638006913582 0.1565645733612623 1.1693531931420442 0.10271088077297108 0.17282605783324384 1.6404753388521525 0.10140320980288234 -0.06271596520608383 1.6486138768005083 0.10444870909732427
0.15407017644558818 1.1668045299230334 0.10135686816086048 0.16593945769576127 0.9314028810839265 0.1004969654708958 0.6367360668329007 0.9551296624419446 0.10362981249260488 0.6248667855894354 1.1905313111478886 0.10448971518208307
0.40824782628004275 1.6871658257809041 0.10357821679059502 0.642751634012784 1.6634896563785477 0.10185809086857611 0.6900989908463043 2.132509622953741 0.10100889828227924 0.45559518344520616 2.1561857923226206 0.10272902420186548
0.6426961397409743 1.6643973726901518 0.10212801348145825 0.641653388145579 1.428699704067664 0.10316596672960536 1.1130490923433538 1.4266054732344646 0.10118439299330088 1.1140918439372673 1.6623031415236216 0.10014643974662171
