0.8781154871229024 -0.0016674122878208575 -6.0440372321756435 0.8438982034764047 0.003729092283715707 -9.043837234715527 0.38187723777712407 0.8905715207715994 -9.036971793140726 0.41609452142362185 0.8851750162000628 -6.037171790600842
0.4175750993024284 0.883302806148801 -6.035235249652372 0.40269120723176444 0.9216950532965438 -3.0355178454431364 0.8637642964769815 0.03443778291443206 -3.0218744394183794 0.8786481885476455 -0.003954464233310806 -6.021591843627616
0.9002930312333117 -0.004987506934266639 -0.022260619817618732 0.8632963149247668 0.033564054626933515 -3.0217847520898697 0.402492417372071 0.920901510917985 -3.0046965496340476 0.43948913368061593 0.8823499493567848 -0.005172417361796633
0.4365030731469804 0.8837006363510334 -0.0032764432582526037 0.41123387097620784 0.9458388907863671 2.9959735137739054 0.8722108948054352 0.058706135223973555 3.018236880765949 0.8974800969762078 -0.003432119211360163 0.018986923733790517
0.9030731443988596 -0.004065536127770886 6.0193176070595875 0.8690567127467379 0.05985580487946096 3.0201915769398933 0.40965632871223856 0.9477571526717306 3.0443262768059705 0.4436727603643602 0.8838358116644986 6.043452306925665
0.4410960459108192 0.8849778035554446 6.045265275922208 0.3517185629381683 0.8742700462172517 9.043914473389341 0.8143412618454822 -0.012221568397191962 9.05453782850858 0.9037187448181331 -0.0015138110589989484 6.055888631041448
-0.6184476508139497 0.8543041312552637 -9.042513250412267 -0.6377563706164427 0.8725112335224657 -6.042630640247891 0.3614894591934178 0.9108432583732896 -6.036431650133402 0.3807981789959106 0.8926361561060875 -9.036314260297775
0.4003716180865647 0.921424679324457 -3.035416047474647 0.36258631775279876 0.9094682865714911 -6.035154255343965 -0.6365749641789119 0.8705529151764246 -6.022413511340396 -0.598789663845146 0.8825093079293904 -3.022675303471078
-0.5971496526137345 0.8807172315146417 -3.0206718817230325 -0.6485173717061459 0.888992439591577 -0.021123102595324017 0.35050254365449374 0.9298624517459262 -0.004127490828639946 0.40187026274690507 0.9215872436689908 -3.0036762699563484
0.4099053790402048 0.94749779985993 2.994976765475026 0.3503657886200681 0.9302618678234991 -0.004382826141064111 -0.6484907602528663 0.8868741639312889 0.01569457221163617 -0.5889511698327297 0.9041100959677199 3.015054163827726
-0.5892460440323125 0.9076664490019358 3.0167678513151523 -0.6715577826543622 0.9028482924888046 6.015634564434098 0.3272230434325365 0.9438569370889501 6.043114602811644 0.40953478205458616 0.9486750936020815 3.0442478896926985
0.35054574281671613 0.8761153888601492 9.043217655508462 0.32748979717827165 0.9460339598367238 6.044121155426593 -0.6715659042820963 0.903102740742076 6.0508006618888635 -0.648509958643652 0.8331841697655014 9.049897161970732
-0.6384649099366801 0.8720779020488987 -6.042259576108354 -0.6392832510417068 0.8484365459222772 -9.042166310758342 -1.178940932795543 0.006579315770271488 -9.035384676378035 -1.1781225916905163 0.03022067189689298 -6.035477941728048
-1.180020047422501 0.02869994565753764 -6.033559597058874 -1.2081758317791145 0.005243746271161365 -3.0337834289893912 -0.6668997949746505 0.846007935766834 -3.022128831487237 -0.6387440106180371 0.8694641351532103 -6.021904999556719
-0.64932822086525 0.8871741350192446 -0.021599615101020264 -0.6684601833301294 0.8450472908516609 -3.021242810051503 -1.209433772186023 0.004146161011210736 -3.005982862691541 -1.1903018097211437 0.0462730051787944 -0.006339667741057431
-1.191643457147247 0.0447795970393185 -0.0045107467323382 -1.2406993964918915 0.004519013337256406 2.9948179448609995 -0.6991465959287705 0.8449445004356038 3.0149565852755416 -0.650090656584126 0.8852050841376657 0.01562789368220341
-0.6728411695062302 0.9010349814553098 6.015845375902199 -0.698199265389347 0.8448700640139183 3.0164783645109607 -1.2407154395373088 0.005070322647993675 3.036790803792956 -1.2153573436541918 0.061235240089385135 6.036157815184193
-1.2147307610672797 0.06088516081129136 6.038224237093415 -1.1989635733053643 0.005340866614264916 9.037668556825363 -0.657231688668567 0.8457960223478385 9.050384545529297 -0.6729988764304823 0.9013403165448649 6.050940225797348
-0.6417623902670717 -0.8392142848666804 -9.041379084786916 -0.6453996519589521 -0.8613901769829677 -6.041463252611578 -1.1824913935068118 -0.01788482514634443 -6.035879115788267 -1.1788541318149313 0.004291066969942914 -9.035794947963605
-1.2094707431946923 0.0034697725145078073 -3.0343082150505727 -1.181386814647645 -0.02009324832470022 -6.034084219522626 -0.6450563437502346 -0.8640209115048818 -6.022434099085472 -0.6731402722972819 -0.8404578906656737 -3.0226580946134183
-0.6722731193648971 -0.8416126750462372 -3.0224290229760538 -0.661410702236948 -0.8922816403375677 -0.022876612390356543 -1.1978196096980531 -0.04847883901563671 -0.00668042525741952 -1.2086820268260023 0.002190126275693871 -3.0062328358431163
-1.2402660316368737 0.0013595406298964607 2.994389123892832 -1.1993820132547355 -0.04751559241669695 -0.0049340861681694825 -0.6613741062474174 -0.8901921271487447 0.0161312837453349 -0.7022581246295554 -0.8413169941021512 3.0154544938063363
-0.7042054452414788 -0.839664707314153 3.017341425620545 -0.6764880360039993 -0.8930694545415404 6.01673797796216 -1.2142043049106541 -0.05018029155010273 6.036714791138937 -1.2419217141481336 0.0032244556772846322 3.0373182387973223
-1.1989302009903213 0.0036048691160846524 9.037253447877974 -1.215045146829317 -0.04991883327466973 6.037774239448114 -0.6767592178261773 -0.8925935973559878 6.04991922268078 -0.6606442719871815 -0.8390698949652333 9.049398431110639
-0.6435649803221886 -0.8629137815082488 -6.041842669261027 -0.6373541749502043 -0.8272839857528999 -9.041624651930945 0.3614279799891883 -0.8765994010879085 -9.040142496419962 0.35521717461720426 -0.9122291968432574 -6.040360513750043
0.35347391361759095 -0.9123218448919107 -6.038337507721215 0.4008889999097562 -0.9412767502149917 -3.03885198132679 -0.5977883600641732 -0.8924995207836315 -3.022594288855134 -0.6452034463563386 -0.8635446154605505 -6.022079815249558
-0.660380424550786 -0.8941646337235698 -0.023033235163795185 -0.5984418149250543 -0.892598794469541 -3.0223933597212085 0.4001771899106704 -0.9409294536856003 -3.001796501692665 0.3382385802849387 -0.942495292939629 -0.0024363771352515773
0.3387961357835271 -0.9439944072005664 -0.000872539651046278 0.392402887702897 -0.938228177070758 2.99864293234418 -0.6060829393013704 -0.886159176596476 3.0163875783314387 -0.6596896912207405 -0.8919254067262845 0.0168721063362125
-0.6761709989797882 -0.8953024952152905 6.016568582374578 -0.6057367941098781 -0.8890743206040885 3.0174019926991473 0.39279466091487336 -0.93795966403509 3.0407505798895054 0.32236045604496333 -0.9441878386462919 6.039917169564936
0.32378644686878016 -0.9463358514736993 6.041827684783517 0.3517165721725636 -0.8929056828631944 9.041221811133498 -0.6468586236613276 -0.8402018700202221 9.049581618375232 -0.6747887489651111 -0.8936320386307269 6.05018749202525
0.836981839278093 0.004544845130338315 -9.04400180238031 0.8782384046178262 -0.0032162961926342493 -6.044295540010317 0.4042947446332214 -0.8837612570829501 -6.040055373613905 0.3630381792934881 -0.8760001157599775 -9.039761635983897
0.40184995902206416 -0.9390977091730117 -3.038703651455429 0.40264137339345113 -0.8855226996286618 -6.038225128627352 0.8778337922652026 -0.005783360456301401 -6.022386563054899 0.8770423778938157 -0.059358370000651306 -3.0228650858829758
0.8767448656916785 -0.05940404889556816 -3.020889782263457 0.8991297432114067 -0.0074696280979825724 -0.021422874095463396 0.4242396988877796 -0.8873144013811683 -0.0026446758708429385 0.40185482136805134 -0.9392488221787539 -3.0021115840388366
0.3943953956488808 -0.9394033042838892 2.998239312430977 0.4254384585504344 -0.8857105499697203 -0.001119521783406352 0.8990982906540873 -0.00524512391082288 0.019544383134681542 0.8680552277525337 -0.05893787822499169 3.0189032173490653
0.8693573829902345 -0.05657601885118352 3.0204711693350808 0.9021395279339414 -0.006343498578470386 6.019871446870567 0.4264347255681823 -0.8857227505648558 6.039798116989266 0.3936525806244754 -0.9359552708375689 3.040397839453779
0.35337073002796765 -0.8917619413670683 9.040749989153761 0.42799612594463526 -0.882665663105138 6.041692085743746 0.9044936585073824 -0.003609813081505764 6.056214964275327 0.8298682625907148 -0.012706091343435977 9.055272867685343
