-0.9975201534344894 -1.3580246041850086 0.10212047743070152 -0.53323862698885 -1.2764113188597064 0.10415959039249087 -0.6148436308058876 -0.812127987100483 0.10220173472299754 -1.0791251575292904 -0.8937412720007955 0.10016262175840489
-1.3515770076481337 -0.6983040208351657 0.10156942040791311 -1.432086561798454 -0.23382563666756784 0.10105498665146441 -1.8965652165515963 -0.31433526689003977 0.10102822103136395 -1.8160556628952422 -0.7788136509402754 0.1015426547875679
-0.5311396430311808 -1.2763351732468542 0.10334218700710174 -0.06616347328999705 -1.1987550490653598 0.1041836676119038 -0.1437407561350617 -0.7337799670835565 0.10271384398592931 -0.6087169256132174 -0.8113600912211647 0.10187236338160326
-0.059422253085860466 -1.1969588297984923 0.10420720604253007 0.4047507243485588 -1.1147058097286267 0.10453861365495264 0.32250093241886224 -0.6505400989339158 0.10182077513712555 -0.14167204529391247 -0.7327931185791801 0.10148936752187188
-0.14262158069437098 -0.728238560874064 0.1010201663500667 0.32205683828226217 -0.648894518691475 0.1018643198576212 0.2427128690168129 -0.18421533440122706 0.10175206156475221 -0.2219655493026667 -0.2635593764716071 0.10090790805839152
-0.6094109275834195 -0.8092629717567392 0.10196201939045815 -0.1451000632822127 -0.7277960502730494 0.10284763011414723 -0.22656324618345847 -0.26348710896419447 0.10106469755890884 -0.6908741103683187 -0.34495402995367974 0.1001790868338305
0.40679481073577156 -1.1147950515940892 0.10316117469968157 0.8713936851251349 -1.0349822868937677 0.10333636554980222 0.79158194188282 -0.5703858910125024 0.10175629154504569 0.32698306775627134 -0.6501986556676747 0.10158110069502413
0.9024269079983098 0.17029337665847388 0.10214621859590581 0.9830668139013977 -0.2941594917812809 0.10042538691693603 1.4475214497525546 -0.21352470470833648 0.10188987434919372 1.3668815439635136 0.25092816307458016 0.10361070602572986
-1.975844827896885 0.15252154735438458 0.10099099948496706 -1.8958398058049681 -0.3120423841273222 0.10232223618005418 -1.4312739818922442 -0.23203803371280232 0.1019740607318868 -1.5112790039389046 0.2325258975061094 0.10064282403755276
-0.9650986513729816 -0.15114093460913208 0.10296931400345406 -1.0447274813030336 0.31348585286024816 0.10112000823929808 -1.5093576276397127 0.23385550225467358 0.10088257648617632 -1.4297287981358362 -0.23077128549066128 0.10273188225088187
-1.5915432410123787 0.7003944501836579 0.1005820590504386 -1.510084314807197 0.23608191384604071 0.1013132422476343 -1.045771586793035 0.31754162632147315 0.1017909668940034 -1.1272305128830165 0.7818541620024544 0.10105978369784174
-1.5124095106124478 0.2336014095467272 0.10111085411425662 -1.5927220899923986 0.6981130204520639 0.10214779094155692 -2.0572344721525613 0.6177993520041487 0.10257613259966013 -1.976921893266526 0.15328774121638222 0.10153919577322379
0.3544675057448568 0.5557571943255397 0.10107586308356982 0.43591732354579255 0.0914431553810815 0.10186491573510824 0.900232026621383 0.17289298519390492 0.10180334959592119 0.8187822088665221 0.6372070238757088 0.10101429694482912
1.3670354185350355 0.2533073234689266 0.10217768305957191 1.287229766776897 0.7179068303028101 0.10141721009880496 0.8226296718661387 0.6381015873065544 0.10172865105457689 0.902435323198203 0.17350208019654978 0.1024891240159748
0.741430887515069 1.1043602022557593 0.10115814495389909 0.8219693410258276 0.6398869255888884 0.10056194358023779 1.2864429965766773 0.7204253853790656 0.10060849704885419 1.2059045431798223 1.1848986613890697 0.10120469842167233
0.8187055195466296 0.639702650629898 0.10033986973512618 0.7391991168146597 1.1043514858379013 0.1018936312947912 0.27454786154327393 1.024846936473454 0.10121569226397567 0.35405426378153215 0.560198101383879 0.09966193070429874
-2.1411253685612834 1.083698404974444 0.10249783507038099 -2.058441505123721 0.6196036177833172 0.10122135010472762 -1.594345814629302 0.7022895012550447 0.10054548169430907 -1.6770296780200924 1.1663842881836417 0.10182196665924037
-1.482214627667807 1.4423703352665886 0.10107698878827433 -1.017503292996568 1.52152586319499 0.10105431514210818 -1.096658822493048 1.9862371969447787 0.10102588984505972 -1.5613701565070817 1.9070816691283166 0.1010485634911938
-0.9339670085693758 1.05550149396571 0.10050418200811619 -0.4693432246519765 1.1351692578428725 0.10059906034582106 -0.549010902192893 1.5997908149984421 0.10204538004473844 -1.0136346858474625 1.5201230511663462 0.10195050170708723
-0.465163548859323 1.1373218936569496 0.1027623334417102 -0.0009353847344640287 1.2192634025685467 0.10261109684305263 -0.08287684922742272 1.683487890046611 0.10075539785741164 -0.5471050136303547 1.6015463815598068 0.10090663445429632
-0.5477150909505798 1.6033337270638839 0.10120709128094137 -0.08336720638929074 1.684593973488422 0.10139981419427829 -0.16462763527047797 2.148941481003659 0.10199758990953932 -0.628975519175076 2.067681234694036 0.10180486699647494
-1.0142034527434889 1.5224821394325785 0.10138395259318475 -0.5497034140946793 1.6028656300136117 0.10072756263092425 -0.6300865437133539 2.067366093062966 0.10103463898770862 -1.094586582244664 1.9869826029758724 0.10169102894999463
1.2060989365840813 1.187150224739508 0.10030421519611488 1.1296129402103037 1.6523083722800924 0.10019350261588972 0.6644554062642474 1.5758226653001146 0.10098548572311972 0.7409414022099902 1.1106645174864582 0.10109619830417588
-0.0807234722325826 1.6856926520684599 0.1009472044505193 0.38347627096294995 1.7677873001422746 0.10208275953825918 0.30138111252904076 2.2319883271771843 0.10219876683110198 -0.1628186305508147 2.149893679597739 0.10106321174395871
-1.8156559372918044 -0.7778566271715641 0.10160524412122603 -1.7768598401827587 -1.010343296539443 0.10221101762437838 -1.3118861378891185 -0.9327543761015908 0.10093130682438406 -1.350682234976218 -0.7002677068652249 0.10032553332157437
-1.2349150394091148 -1.3979766483379183 0.10137758619392057 -1.0024497224274715 -1.3590588419602636 0.10046309531010826 -1.080283517785645 -0.8941247078421963 0.10107407086010932 -1.3127488346357872 -0.933042514197836 0.10198856174340432
-1.429736541410194 -0.23492199180275844 0.1025994202809635 -1.3896913887287854 -0.4671889519647327 0.10059926135012037 -0.9251420251454121 -0.38709068451686146 0.09998385944747681 -0.9651871777701868 -0.15482372468336156 0.10198401837549129
-0.8471465293685823 -0.8495663115891448 0.10106251176915251 -0.6147072511355717 -0.8104840234683718 0.10139771569530148 -0.6928718725396505 -0.3456049921660174 0.10137343581206548 -0.9253111504439425 -0.38468728023152127 0.10103823188639056
0.8798831245356614 -1.0336308509661711 0.10142878294372303 1.111600756937808 -0.9904806400007131 0.1006847009155387 1.0252990876583472 -0.5270432953908213 0.10041690109834549 0.7935814551151672 -0.570193506145193 0.10116098312671296
1.4890259891765496 -0.4452264749507322 0.10008038875905803 1.4481932871714958 -0.21308841225326966 0.10048760433648549 0.9839176949999208 -0.2947553880944428 0.10143711312268101 1.0247503967924958 -0.5268934509308151 0.10102989754555076
0.32702679252380606 -0.6481211824578227 0.10300958303701314 0.5589978479353193 -0.6063482117917351 0.1029467290210833 0.4754519351488952 -0.14240852151687966 0.10144125215750936 0.24348087979444302 -0.18418149193560301 0.10150410617266735
0.9420950642482304 -0.060929271850690185 0.10137284746657718 0.9013308865292469 0.17121985101778364 0.1005840864612907 0.4370323857295484 0.08969756855490749 0.1023845345841778 0.47779656320142505 -0.142451554255422 0.10317329559002078
-1.042494747649295 0.31374663198467256 0.10173632916734601 -1.001796879925592 0.08158484742572358 0.10135567269456844 -0.5374740620225269 0.1629821135225949 0.10034181589381141 -0.5781719297232069 0.3951438979502142 0.10072247236637366
-0.4600808877171257 -0.3013197522315241 0.09988807507619264 -0.2276751154921475 -0.26203762852566503 0.10005342280448086 -0.3062399624066212 0.20277233812757472 0.10127071004290014 -0.5386457345001314 0.16349021444393597 0.10110536231470546
-0.2215625878189468 -0.2613673550884191 0.10164686809313135 0.010522119247119238 -0.2202311217482946 0.1014132377570338 -0.07175130193153405 0.24393676133503714 0.10019557699412142 -0.3038360091367889 0.2028005282072118 0.10042920732971539
0.3923490783469775 0.32152110459590677 0.10053677625757643 0.3540241891535594 0.5540865505102581 0.10080466701872251 -0.11110676722649843 0.4774363071083458 0.10119912823152213 -0.07278187824704674 0.24487086105738565 0.10093123747045764
-0.3846544497262145 0.6707250301766972 0.10107231395119796 -0.15236613598670515 0.7106962069392188 0.10107188435707996 -0.2323084370663117 1.1752725353839761 0.1016065994739854 -0.4645967504773166 1.1353013586779834 0.10160702906810279
-0.1541561175866128 0.7084274421521398 0.09990187767031242 -0.11193647954372378 0.4765373543452084 0.10011403876737644 0.35184307292384853 0.5609772561238358 0.10092154973639725 0.30962343494066574 0.7928673436028255 0.10070938863963326
-0.5791445182832853 0.39759439710611855 0.10134847148690157 -0.6192815814120054 0.6298540942817649 0.10127912519967355 -1.0837999906113802 0.549579853097852 0.10032208107099452 -1.043662927729614 0.31732015598101143 0.10039142735771941
-0.6168853935814445 0.6282831240478031 0.10038211932159216 -0.38506004503294466 0.6708540631141866 0.10090984557831084 -0.4702024237532554 1.1345058504225067 0.1010420117443821 -0.702027772245543 1.0919349116036787 0.10051428548795273
-1.1277751903156543 0.7832492310858815 0.100459102150091 -1.1674248296421084 1.0155916507631646 0.09977965364101218 -1.6321105576341879 0.9362958958090729 0.10103650007711079 -1.5924609185209235 0.7039534759939676 0.1017159485871
-1.1685661126109275 1.0161942515180886 0.10128374688847054 -0.9363426514347452 1.0565395808306102 0.10155579928560915 -1.0170307186906016 1.5209837624439233 0.09975026216279083 -1.2492541800052481 1.480638433344168 0.09947820976464312
-1.6779605992360755 1.1685565138372853 0.10216439085268576 -1.715588996175672 1.4012358138728969 0.10221593037058782 -2.1809460894683244 1.3259790012106318 0.10340340094364385 -2.143317692775038 1.0932997012364931 0.10335186142635144
-1.7132390498068322 1.400528392002921 0.10071419049923808 -1.4813262563092422 1.4426199300382296 0.10015364112810443 -1.5655042831034316 1.906443684001008 0.10210481030511989 -1.7974170765442958 1.8643521462131358 0.1026653596769815
0.0013118980631876137 1.2194083256638497 0.10184556842433927 0.23351202433822657 1.259887251822015 0.10150875818126331 0.15255389892948928 1.724287924748149 0.10137100785675515 -0.07964622721419917 1.6838089986128884 0.10170781809964058
0.23300910520019225 1.2590722722836245 0.10233871770909113 0.27500167966356215 1.0271426796159766 0.1014204142955401 0.7388635192932955 1.1111308321864037 0.10078321556112063 0.6968709448536738 1.343060424722852 0.10170151897415218
0.3855688368973611 1.768025903977109 0.10111965768864525 0.6176678534943214 1.8090807043191375 0.10144451998451155 0.5355567170010781 2.273277081484037 0.1027510666291696 0.3034577007323581 2.2322222812000767 0.10242620433376275
0.6174452086217457 1.8092928712033454 0.10140954350088673 0.664897194038652 1.578419496317658 0.10024785473113529 1.1266459083529896 1.6733117444832835 0.10265792537337173 1.0791939230031846 1.9041851190424612 0.10381961414148023
