-1.1702662343456436 -1.4118344244161993 1.5006457522291672 -0.7052989344047884 -1.335701876185664 1.4854317040502685 -0.7530905978223372 -1.1278312156928807 1.0650414477521128 -1.2180578977631924 -1.2039637639234162 1.0802554959310118
-1.0395402789601456 -0.9165532187404458 1.072118920704737 -0.9654679086461406 -0.45116809683648496 1.084455631889304 -1.2252598807357262 -0.4202137028556331 1.476593590913212 -1.2993322510497314 -0.885598824759594 1.464256879728645
-0.7023982668819744 -1.3525789718170307 1.4981314697107433 -0.24178998960346745 -1.4522106882545072 1.5097830000223438 -0.14157901271518447 -0.9927340202955418 1.4772073359650502 -0.6021872899936915 -0.8931023038580653 1.4655558056534495
-0.07275650849098114 -1.456810941374139 1.5115299984365616 0.3937162026583043 -1.3920471391133602 1.4907674878437653 0.3276000546232551 -0.9264864272982147 1.4575394761738867 -0.13887265652603034 -0.9912502295589936 1.478301986766683
-0.13018842155505034 -0.805356637665114 1.4575841978673976 0.32979567397227627 -0.9076407575985321 1.444362516896079 0.3522587950353573 -0.7492994674365693 1.0009150383844694 -0.10772530049196931 -0.6470153475031513 1.014136719355788
-0.6035754216681543 -0.8896634826596262 1.464599644231745 -0.1369431288008936 -0.8229634000547407 1.4698555371433595 -0.20201174624930757 -0.3619331829042967 1.3961030044823022 -0.6686440391165683 -0.4286332655091823 1.3908471115706877
0.3966583199987446 -1.383387403705505 1.4896129000401996 0.8604748993948708 -1.467053069648227 1.4797915357769327 0.9325791010677967 -1.04434422012117 1.2839843990097226 0.46876252167167065 -0.9606785541784478 1.2938057632729896
1.1965133141726318 -0.6345915537268425 2.0539129553494306 1.1974122376818148 -1.1046984070100647 2.0189707085839066 1.4462440372622565 -1.074547457964016 1.6197265752950933 1.4453451137530733 -0.6044406046807937 1.6546688220606176
-1.3795556676634932 0.035248748396522395 1.4772054609067338 -1.2523245762582502 -0.4186030738508081 1.484485227315022 -0.8384183283821223 -0.2994966255038404 1.6761033217310513 -0.9656494197873653 0.15435519674349008 1.668823555322763
-0.4073836781258356 -0.35017032791239755 1.454192473771783 -0.3347497730421717 0.1147922858249046 1.4816934889390023 -0.7472354971627829 0.16607617632754562 1.704061904295055 -0.8198694022464468 -0.29888643740975646 1.6765608891278359
-0.8644746577015205 0.6276954197109685 1.65114729734654 -0.7400581166419873 0.17547709620658125 1.6984900304110426 -0.4755389226160223 0.2075416146233381 1.3096151342980262 -0.5999554636755556 0.6597599381277253 1.2622724012335236
-0.966524393429741 0.15993889821629254 1.6702765563416482 -0.889269852056311 0.6248011031590913 1.6577430640409632 -1.321657312624303 0.6919302702979895 1.4823663807585066 -1.3989118539977328 0.2270680653551907 1.4948998730591914
0.7168237689004122 0.043819534838054924 1.1133768418817676 0.700962778503549 -0.4265902271784836 1.0871984737216234 1.0256618018412929 -0.4564837440418888 1.4276381072389424 1.0415227922381558 0.01392601797464979 1.4538164753990868
1.4170123437271875 -0.6011860074156419 1.6606495183264096 1.5716053442242273 -0.1567091853693979 1.6882824884408387 1.1870014532670918 -0.008709489722566466 1.4593760461430496 1.0324084527700523 -0.4531863117688104 1.4317430760286205
1.1930052932969089 0.45150053777309584 1.351143156918539 1.1875654348324598 -0.007616790065483325 1.457932245287156 1.599911292222824 0.03949399894589409 1.6814802035155523 1.605351150687273 0.4986113267844733 1.5746911151469352
1.055326484051057 0.021730899930119285 1.4567720709386651 1.2055238650091205 0.4505494734272316 1.331163154242461 0.7604922889588175 0.5822090579033525 1.2484898676856016 0.610294908000754 0.15339048440624023 1.3740987843818058
-1.403123697531603 1.1549528598955006 1.461287931029776 -1.2979506266150476 0.695773520324459 1.4790412811765605 -0.9862110216819604 0.7536890332919772 1.1302054541028124 -1.0913840925985159 1.212868372863019 1.1124521039560278
-0.8397855478789957 1.3596043447961466 0.975106466869201 -0.3735275367949623 1.3034112247165583 1.015947898431234 -0.4250114601695377 1.20995471401977 1.4751183552538534 -0.8912694712535711 1.2661478340993584 1.4342769236918205
-0.381600022673559 0.9207034901070835 1.2901241712319498 0.08098210774420388 0.88925791939727 1.204970364051931 0.16007841731752387 0.8119092189779724 1.663209575088788 -0.302503713100239 0.843354789687786 1.7483633822688067
0.2183321213447463 0.4127733119643471 1.8790055871642861 0.6730193934060202 0.5123429261691814 1.9536219307421605 0.6113913069205249 0.9381447497546591 1.7609641819652895 0.15670403485925094 0.8385751355498248 1.686347838387415
0.15214311256998908 1.0106318893039161 1.7556711080846172 0.618387023294104 0.9411141122461884 1.758144276495692 0.6805360813264802 1.349881945465472 1.5317186258126232 0.21429217060236544 1.4193997225231998 1.5292454574015482
-0.3044576440856358 0.8759835701113805 1.768474377969505 0.1460132675691812 1.014333781706579 1.7559285069038602 0.02655638057908219 1.378383995320192 1.481302003640121 -0.42391453107573485 1.2400337837249937 1.493847874705766
1.6344549351355417 0.49168845301229674 1.5669701227618695 1.6733191446130031 0.957928605896865 1.6246928672930971 1.434940952402296 0.9275889617001715 2.0302512054452393 1.3960767429248346 0.46134880881560314 1.9725284609140115
0.7088939716278919 0.9914589906666063 1.194473257734201 1.1683747233108925 1.0809596715499168 1.1388918837803075 1.1436662768373995 1.4142630562385767 1.471338223216164 0.684185525154399 1.3247623753552662 1.5269195971700575
-1.652812019405865 -1.5027937577113488 -1.522244884563508 -1.2438826356786878 -1.7332605437220927 -1.5656504354382526 -1.231506943258378 -1.7991816004694952 -1.0990419499916475 -1.6404363269855553 -1.5687148144587513 -1.0556363991169029
-1.125610528059796 -1.5537480214785093 -1.4986280516873693 -0.6658194280917913 -1.6385865233554064 -1.4384882548316267 -0.7623786033848918 -1.8856646703126774 -1.048807697016346 -1.2221697033528964 -1.8008261684357805 -1.1089474938720885
-1.211778229672393 -1.7563835587297083 -0.9628616908539678 -0.766042427917329 -1.8898987700572454 -1.03846265350847 -0.7035934446167071 -1.9441957158203775 -0.5743784064779679 -1.149329246371771 -1.8106805044928405 -0.4987774438234657
-1.6398532197241202 -1.5706186775319284 -1.0528363548863833 -1.2155924436822767 -1.7556880388013825 -0.9635371521573558 -1.3085261790690585 -1.7457874329457186 -0.5014900539010154 -1.732786955110902 -1.5607180716762645 -0.5907892566300428
-0.6636445488045548 -1.6395765575867522 -1.4401679162097591 -0.19705886563711847 -1.632433073407536 -1.5070184440559324 -0.1364740301316142 -1.8803155967870857 -1.1106525089831651 -0.6030597132990505 -1.8874590809663019 -1.043801981136992
-0.041321929096110294 -1.6398811903906827 -1.506750575224134 0.41994394102852667 -1.656080222213041 -1.410867257579542 0.32939079208418776 -1.8970482209948396 -1.0159536303701096 -0.13187507804044918 -1.8808491891724812 -1.1118369480147015
-0.13758899507019234 -1.9094351541875825 -0.942757634377994 0.3291759367536063 -1.9007488599522355 -1.008158466852325 0.39505739446773286 -1.9870114775074401 -0.5494203972326995 -0.07170753735606578 -1.9956977717427868 -0.48401956475836866
-0.601512792923733 -1.8897930971162074 -1.033542268862341 -0.1398489920030665 -1.9105874234737181 -0.9405027445343739 -0.23469772803766292 -1.9643659944702005 -0.4818811088142852 -0.6963615289583295 -1.9435716681126896 -0.5749206331422525
0.4223512999729754 -1.6554587828159757 -1.4132237545149275 0.889923517802589 -1.5964909634782316 -1.4242346388028235 0.9317475379688276 -1.8549230510618555 -1.0322067958877374 0.46417532013921403 -1.9138908703995996 -1.0211959115998415
0.9315089508162603 -1.7835978619380575 -1.4911186357470279 1.352761264536784 -1.5733994951526906 -1.4669244843417608 1.3621792241175756 -1.6458770257603665 -1.0012201449044962 0.9409269103970519 -1.8560753925457334 -1.0254142963097632
0.9189012756324083 -1.7971259110927218 -0.9308138609004308 1.3606269721220212 -1.6472815778112644 -0.9989850206423112 1.4449219447787693 -1.6854842839914665 -0.5367544147737024 1.0031962482891563 -1.835328617272924 -0.46858325503182197
0.4678506293269623 -1.9174233690979587 -1.0109484548596903 0.9162363212020883 -1.7968887893123655 -0.9294382801946283 0.8510172928488949 -1.866466377889532 -0.46778076678798414 0.4026316009737689 -1.9870009576751253 -0.549290941453046
-1.7372194948635558 -1.5622933106794954 -0.420582740765302 -1.3105913519565107 -1.7465194500792969 -0.4997747821449876 -1.2498325199110238 -1.8051761334997922 -0.03599683959604533 -1.676460662818069 -1.6209499940999907 0.043195201783640336
-1.1496201994786128 -1.8114548063340445 -0.4963965720375674 -0.7054407876153643 -1.9387916316063971 -0.40305737779029005 -0.8012894540931894 -1.9348195022600831 0.05848295359932182 -1.245468865956438 -1.8074826769877306 -0.034856240647955505
-1.2439316012348713 -1.788427817454919 0.14314851052805394 -0.8034667398628115 -1.9353286603014492 0.06170484629427281 -0.7238325427253942 -1.9539444979236096 0.5259613135752986 -1.164297404097454 -1.8070436550770792 0.6074049778090798
-1.6771152024045588 -1.6217410722935235 0.0462816573706859 -1.2466975751004201 -1.7872980141173094 0.14402513437136458 -1.3354997290065287 -1.7459299897964937 0.6051380123110097 -1.7659173563106674 -1.5803730479727078 0.5073945353103311
-0.6995028959943939 -1.940567908745436 -0.4040928532671766 -0.23468352157179415 -1.9635878506475615 -0.4791611795610256 -0.16226464438034033 -2.0120637709924774 -0.015881767597363677 -0.62708401880294 -1.9890438290903518 0.059186558696485314
-0.06951474804064059 -1.9966445763736418 -0.4788833601041056 0.39275539724168135 -1.973454473398393 -0.38949234220514556 0.3040995940686896 -1.9897854130984367 0.07321239210024186 -0.15817055121363238 -2.0129755160736855 -0.016178625798718205
-0.1595909182484201 -2.002975111183136 0.15425701830178112 0.3049806669158053 -1.9895041627045558 0.07542810240513709 0.3838974394929543 -1.9915038522044404 0.5401757397571354 -0.08067414567127108 -2.0049748006830206 0.6190046556537794
-0.6246878202529165 -1.9882748661387724 0.06408457471086293 -0.16284909666260367 -2.0033265577186468 0.15736191466762253 -0.2549359852366835 -1.9708695760359771 0.6185438434865538 -0.7167747088269962 -1.9558178844561027 0.5252665035297942
0.397859380776856 -1.9721846579840216 -0.39167921641318204 0.8513451460839265 -1.866624888207836 -0.46536787120490136 0.9317874201074693 -1.8883100449942005 -0.0013840172817007612 0.47830165480039877 -1.9938698147703862 0.07230463751001859
1.0056914148282439 -1.8359602811765374 -0.46520939540361494 1.4432591785402007 -1.6812819317283971 -0.38255782222761847 1.3738656992978908 -1.7326097497958237 0.08087741845595126 0.936297935585934 -1.887288099243964 -0.0017741547200452734
0.9322839341846714 -1.8774856149150776 0.1621720934848316 1.3745594491295385 -1.733690405712057 0.08511673113500523 1.4382526254362853 -1.6809025946032976 0.5492059989129376 0.995977110491418 -1.8246978038063182 0.6262613612627641
0.48017957203879863 -1.994245065739766 0.07687061198505102 0.9290837795525188 -1.8793038275117233 0.1634485907523863 0.8387199161438126 -1.8748652355718574 0.6260898051591854 0.3898157086300925 -1.9898064737999 0.5395118263918502
-1.769071475786692 -1.5826664208090901 0.6898045508011467 -1.3346105936527881 -1.7460129009964458 0.6074401684372694 -1.253557406438191 -1.7644048603532172 1.0714599297079812 -1.688018288572095 -1.6010583801658618 1.1538243120718583
-1.1622526854991755 -1.8069267570207224 0.6093353410588658 -0.7238673688834538 -1.9502493802585337 0.7067989856670978 -0.8124249263017242 -1.9076000361038161 1.167842166555435 -1.250810242917446 -1.7642774128660048 1.070378521947203
-1.266389087026949 -1.815599945578637 1.235310587542983 -0.8051593048345368 -1.8985557212502386 1.1842454381961258 -0.708032661384352 -1.5258701053500314 1.4560800736080521 -1.169262443576764 -1.4429143296784297 1.5071452229549094
-1.6889491068061995 -1.5990764709265195 1.1561114691012295 -1.2768441715405978 -1.819061582494183 1.2193435431985404 -1.321921490885563 -1.769385611623006 1.685951039253875 -1.7340264261511649 -1.5494005000553424 1.6227189651565639
-0.7161960008083138 -1.9504495835824245 0.7064599212022917 -0.25306864454545175 -1.969865099870257 0.6206793185895632 -0.16598667699029518 -1.9330887560464987 1.082508782394151 -0.6291140332531573 -1.9136732397586662 1.1682893850068798
-0.0797552951383363 -2.00419381016644 0.6239545540238064 0.3840590127285716 -1.9967417622329307 0.707877000222018 0.2999918447990949 -1.9246674365261642 1.1660911696085463 -0.163822463067813 -1.9321194844596736 1.0821687234103345
-0.16103636692244816 -1.8452557517664716 1.2338389867062414 0.3020385412239514 -1.9147343841449813 1.1794646245088838 0.39022884642984457 -1.541928523403979 1.4541653388166607 -0.07284606171655504 -1.4724498910254693 1.5085397010140182
-0.627921239478592 -1.9037533015456438 1.183769279020624 -0.16303653245172173 -1.8434052971947987 1.2333933630904108 -0.24103233078255984 -1.4673533801740446 1.5067499677739304 -0.7059170378094302 -1.5277013845248895 1.4571258837041436
0.3912845204296585 -1.9943265509788868 0.7053030800811827 0.8408738003631318 -1.875062965429069 0.6287008692315196 0.9033579226380866 -1.8131481228245376 1.0918255920709923 0.4537686427046135 -1.9324117083743555 1.1684278029206554
0.9971013387326454 -1.8256153089892153 0.6285109916848777 1.4382721163186403 -1.6817889783575075 0.7116046364330676 1.3467125530355948 -1.6679823348446599 1.1738258444522163 0.9055417754495999 -1.8118086654763679 1.0907321997040262
0.9273979289623618 -1.8748802884001534 1.1943594935667643 1.3499404078261448 -1.666494332251267 1.178379224109869 1.316101700113664 -1.5627123273154593 1.63697104641834 0.8935592212498809 -1.7710982834643456 1.6529513158752354
0.44951613106281774 -1.9245743180977333 1.185019561453708 0.9172978407139759 -1.8705519542119662 1.2070213452992797 0.8604065553786673 -1.4872741547531618 1.4755054831384902 0.3926248457275091 -1.541296518638929 1.4535036992929182
-1.1272949923385363 -1.5284089809705532 -1.5047549637315139 -1.0894842275001415 -1.0873193667313534 -1.3427903983198148 -0.6252811699485732 -1.0971896451771936 -1.4242785639607893 -0.6630919347869679 -1.5382792594163934 -1.5862431293724883
-1.2595658962997303 -1.0181771213728164 -1.310319929522879 -1.6575135910402832 -0.9472309684700438 -1.5528616740027315 -1.5621561394319623 -0.4860756935590009 -1.5744253244552442 -1.1642084446914094 -0.5570218464617733 -1.3318835799753919
-0.6571869075916752 -1.5560647604251678 -1.583772094432687 -0.5618531190295036 -1.1641054611159505 -1.82770158961472 -0.10065992289072323 -1.2337162267782085 -1.7593100746763553 -0.19599371145289474 -1.625675526087426 -1.5153805794943223
-0.04015805739649583 -1.6306798817720005 -1.5143458771047549 -0.09667158591684138 -1.2315429454278912 -1.7587188488433858 0.3654329986990701 -1.1449907493885523 -1.7242182341520846 0.42194652721941567 -1.5441276857326613 -1.4798452624134537
-0.09271192157976005 -1.0558218522942227 -1.8122381337145743 -0.10308719584248907 -0.7017835288332693 -1.5011570488166261 0.3552848082076747 -0.7665560663318802 -1.4121522935201727 0.3656600824704037 -1.1205943897928337 -1.7232333784181209
-0.5645162470959331 -1.1414664581428369 -1.8291494964542458 -0.6416456828953668 -0.7475340161285999 -1.5819845648026971 -0.17755795230363383 -0.6662104409971656 -1.5667767832941741 -0.10042851650420015 -1.0601428830114026 -1.8139417149457229
0.423213919186317 -1.5172139015639379 -1.476322018986906 0.41912221997542815 -1.1999594377872507 -1.1276745101937335 0.8856878169262943 -1.2469722105742063 -1.0794193020487266 0.8897795161371831 -1.5642266743508937 -1.428066810841899
1.0407439346899021 -0.6487147410008067 -1.6033318638651417 1.5070698592953762 -0.6569768249457564 -1.5348184185708769 1.4887053803700374 -1.1229719914039111 -1.4660181792705045 1.0223794557645633 -1.1147099074589615 -1.5345316245647693
-1.638550751857574 -0.01444452033546359 -1.5789451890550628 -1.180200205347583 0.04474830909556621 -1.6718602450701978 -1.1194868681526118 -0.422727107415353 -1.6701726962728909 -1.5778374146626024 -0.48191993684638285 -1.5772576402577558
-0.7049234046931104 -0.4977321790979402 -1.4289205398406943 -1.1040825943329795 -0.4243805232973978 -1.6687406768052864 -1.0021611577140241 0.03495013372363051 -1.6978884117861153 -0.6030019680741552 -0.03840152207691194 -1.4580682748215232
-1.0548311971544346 0.5095137962351416 -1.6734017504702123 -0.8515608753474129 0.5223604933615269 -1.2482684057161615 -0.7911398850284144 0.05507748943045454 -1.2630373035213058 -0.9944102068354362 0.04223079230406923 -1.6881706482753567
-1.1821759288026876 0.04754153004198586 -1.672849823071868 -1.6318574620954682 0.15281456168568738 -1.5783705682041866 -1.527124479961617 0.6122412577835041 -1.591799475171839 -1.0774429466688367 0.5069682261398025 -1.6862787300395201
0.7083452145702018 -0.05627754986606934 -1.0121973804084075 1.1151619416872482 -0.03369594995401756 -1.2492890168267772 1.1131548530476758 -0.502635020350157 -1.2973966256589717 0.7063381259306294 -0.5252166202622087 -1.060304989240602
1.49690088663161 -0.6501731469185685 -1.5327072217105768 1.1151445409689276 -0.5034665842609154 -1.2982685320797813 1.2713884194393998 -0.05932973151208504 -1.3217744599963548 1.6531447651020823 -0.20603629416973818 -1.5562131496271503
1.2964226491257484 0.4047386328271315 -1.2249590735553888 1.7014585707722782 0.43347060211586796 -1.4644222195572136 1.677836496468243 -0.027600500223833924 -1.5596989657714806 1.2728005748217135 -0.0563324695125704 -1.3202358197696558
1.1082001595467061 -0.027331425252840186 -1.2292154834511346 1.1226098486546627 -0.05924897269123236 -0.7591135230194812 1.303086883543246 0.3755782527312613 -0.7351229814342026 1.2886771944352893 0.4074958001696534 -1.2052249418658563
-1.5684180739657485 1.0824059696051285 -1.5400273933336588 -1.302551410673197 1.1343423236246177 -1.925824949906016 -1.2748897956486225 0.6658126346694319 -1.9698361734534273 -1.5407564589411742 0.6138762806499427 -1.5840386168810698
-1.0208431205573396 1.1150905741586556 -1.3621525325307604 -0.9514459394700385 1.5491570293205874 -1.5324245676294288 -0.48948760308525807 1.461797205195555 -1.5668480879288311 -0.5588847841725593 1.0277307500336232 -1.396576052830163
-0.43665215192702705 0.9781774142793478 -1.2289342372160135 -0.44194775269002584 1.004628601727252 -1.699566273388126 0.014943723951182208 0.8891422236919979 -1.7111980074492492 0.020239324714180995 0.8626910362440936 -1.2405659712771366
0.06748144119886071 0.4511794119878875 -1.8185064639487951 0.01835340334778013 0.9119410739626855 -1.7318615049062824 0.48704361088235004 0.962391744162596 -1.7343994989834233 0.5361716487334306 0.5016300821877979 -1.821044458025936
0.03358622919536941 1.0826079274303912 -1.72047938728017 0.14733790683797895 1.514558973889418 -1.5698106397815783 0.6040678993124954 1.3984753703405803 -1.5818328333292768 0.49031622166988587 0.9665243238815534 -1.7325015808278685
-0.4392234703318153 1.0321657763031555 -1.7169558297028518 -0.4859510095354552 1.476922645180943 -1.5678582547985305 -0.017213669836478346 1.5269445009894163 -1.5701696374488523 0.029513869367161494 1.0821876321116286 -1.7192672123531736
1.731398923699098 0.4276015056589483 -1.4555878784240859 1.537439161945208 0.37601762243445014 -1.8821332288713855 1.5476280233696107 0.8433285061998375 -1.9432801600587968 1.7415877851235009 0.8949123894243356 -1.5167348096114974
0.6052338921760172 0.975207383550253 -1.3393205937246402 0.606531450998289 1.3795952718674953 -1.5815827952744805 1.0753215782865997 1.4039590377409414 -1.5384035682569988 1.074024019464328 0.9995711494236992 -1.2961413667071584
-1.4534312803943352 1.5790554062072046 -1.545310160678964 -1.4453648369561893 1.657029155760422 -1.080469059820593 -1.004244808789112 1.8195593696729508 -1.1153871424107873 -1.0123112522272582 1.7415856201197335 -1.5802282432691583
-0.9493173543746554 1.5744912381620602 -1.5227390241759946 -0.9948431803343505 1.817796748206211 -1.121550726578477 -0.5257213536563615 1.8339937705188873 -1.0781388574772335 -0.4801955276966665 1.5906882604747365 -1.479327155074751
-0.9902269674857505 1.770315008176614 -0.9935954042040296 -0.9246946048144787 1.8353706214120824 -0.5313232994803809 -0.4641361367055326 1.9026043276884872 -0.606074542746516 -0.5296684993768044 1.8375487144530187 -1.0683466474701646
-1.4429599378752074 1.656768586729764 -1.077802269803279 -1.5388033296521861 1.6928471023636698 -0.6176559809573378 -1.0887767073445245 1.8045479883698747 -0.5326784930200195 -0.9929333155675456 1.7684694727359687 -0.9928247818659608
-0.4782901797889052 1.59006585514159 -1.4771179919031203 -0.38199117929859994 1.8093497714249496 -1.0710843864708215 0.07944718160711789 1.7592471297635557 -1.1534651279068413 -0.016851818883187347 1.5399632134801962 -1.5594987333391401
0.14895634524935703 1.5276269270094625 -1.5595837818337162 0.08281969004800199 1.7562774445651363 -1.1526844013516975 0.5474872297160281 1.749828711219008 -1.0735344576154715 0.6136238849173832 1.5211781936633342 -1.4804338380974902
0.0856514663011948 1.7976006477326272 -0.9835481131483625 0.17494049860551172 1.8762142777281654 -0.5274016585250287 0.6369403380291762 1.8325874222456604 -0.6103176885166461 0.5476513057248593 1.7539737922501222 -1.06646414313998
-0.3803528086059462 1.812174636686419 -1.0645613365788562 -0.4579419921538004 1.9044220401899346 -0.6088283475166303 0.0059624421760132995 1.8884384506706264 -0.5266126382417734 0.0835516257238674 1.796191047167111 -0.9823456273039993
0.6156525042225987 1.5184813725706305 -1.480548346352914 0.7024074716349737 1.7502110000721205 -1.0793038105101822 1.1630979792285003 1.6633758353154728 -1.1287622026318302 1.0763430118161252 1.431646207813983 -1.5300067384745621
1.1710826863234334 1.5520939458504073 -1.5806159746977442 1.1719517923349416 1.661442076365275 -1.1220699539059427 1.5846674217893095 1.43969040109632 -1.0699717207703752 1.5837983157778013 1.3303422705814525 -1.5285177415621767
1.155619569650917 1.6261694017863126 -0.9871045489652531 1.257481840088329 1.6627601283184137 -0.5282936742363051 1.6836445920184742 1.4777463664179413 -0.6081525431934338 1.5817823215810622 1.4411556398858403 -1.066963417922382
0.7051087136344288 1.7522790004630273 -1.0693815902819996 0.6436593220787508 1.832875846937846 -0.609000940393122 1.0909818640552502 1.7084410153437783 -0.5275102151405344 1.1524312556109284 1.6278441688689593 -0.987890865029412
-1.5404419610855247 1.6943699819112006 -0.45214571112512 -1.4722268622718628 1.740460934299742 0.01201433301710636 -1.0202480789199653 1.8498419903530152 -0.06527205745858045 -1.0884631777336273 1.803751037964474 -0.5294321016008068
-0.9213441436571872 1.8369459374684887 -0.5281082602173948 -1.0149898747775925 1.8520129389669606 -0.06634459265018167 -0.5538676331693579 1.8842452422792055 0.026119341365943016 -0.4602219020489526 1.8691782407807338 -0.4356443262012701
-1.0127128358579534 1.8092241198576229 0.11634822648563109 -0.9247565569765528 1.809210002485981 0.579474467355646 -0.4677756431291594 1.8857522262747348 0.4926876334865194 -0.5557319220105599 1.885766343646377 0.029561392616504534
-1.4702227156428154 1.7417542380456597 0.014797349373127433 -1.5694079423205065 1.7369824305995998 0.47562458689164333 -1.1133058587580484 1.8034690364954282 0.5744812648794677 -1.0141206320803573 1.8082408439414883 0.11365402736095181
-0.457994182624373 1.8695966852316346 -0.43673592707562514 -0.37381787689614954 1.8975417181885763 0.026249652465831025 0.08937545801559088 1.9170877651093399 -0.059144192274088375 0.005199152287367448 1.8891427321523984 -0.5221297718155445
0.17619072030990401 1.8781067256468909 -0.523298726117086 0.09476737984555961 1.9170477972196958 -0.06061518983257225 0.5558464736541042 1.8684303119796233 0.02461761815811031 0.6372698141184485 1.8294892404068184 -0.43806591812640355
0.0923238482261915 1.8804252864436386 0.11867294900682968 0.1844346590788014 1.8983452368518234 0.58064339836241 0.6466944833292048 1.8873106240587256 0.4889029253919351 0.5545836724765949 1.8693906736505408 0.02693247603635479
-0.3712305636518124 1.898290846065882 0.0298034232771609 -0.46338711999911475 1.8873647055528167 0.49198305367215045 -0.001398529470331561 1.8676519226794464 0.5836354982056684 0.0907580268769708 1.8785780631925117 0.12145586781067882
0.6414005931122091 1.8279679630542964 -0.4377721265706264 0.7398398767750034 1.858521011500993 0.022226178685951253 1.1872658515935721 1.7388404266297404 -0.0655734616258529 1.088826567930778 1.7082873781830439 -0.5255717668824306
1.2566354570540395 1.6620874011279565 -0.5249818778404187 1.1922758166331247 1.7367414143360027 -0.06399723907988766 1.6182313071891543 1.555380761835396 0.024842256450406774 1.682590947610069 1.4807267486273499 -0.4361423823101243
1.189459160505551 1.7355819249316693 0.11696663420324663 1.271562242970041 1.7023633240277278 0.579976170368721 1.6978579017860804 1.521664979160587 0.4914191739583536 1.6157548193215903 1.5548835800645284 0.02840963779287925
0.7387296075683683 1.8574828410496702 0.02600518306129057 0.6537049596310425 1.8879565246164247 0.48867610934622696 1.100649215282356 1.7681307391600527 0.5787029700957318 1.1856738632196817 1.7376570555932982 0.11603204381079535
-1.5743586412265753 1.742384649237945 0.6627168347625465 -1.4860623519177805 1.7198754277362889 1.125230966890464 -1.0265185460431459 1.782061817045652 1.0405281591254818 -1.1148148353519407 1.804571038547308 0.578014026997564
-0.9243061272018382 1.8099921355725013 0.5816856546003486 -1.0236233885578208 1.7825442879902957 1.0416910017825367 -0.563783046322695 1.8073634125390192 1.1424535587472708 -0.46446578496671254 1.8348112601212248 0.6824482115650828
-1.0176668901449522 1.6705813898870545 1.198790855306714 -0.8900483025609494 1.2971918651056875 1.4566977785619073 -0.4379609038111063 1.4250635032430385 1.4181225244729883 -0.5655794913951091 1.7984530280244053 1.1602156012177949
-1.4837198297173317 1.7206232018618004 1.1271043148266617 -1.5400030387820058 1.7025082528521456 1.5947861203056763 -1.0734546075036797 1.66285430555922 1.649396997538823 -1.0171713984390056 1.6809692545688748 1.1817151920598084
-0.462405559140741 1.8350310963615877 0.6832717703768454 -0.3639308187725808 1.823006287102938 1.1441191981097887 0.09607824018587433 1.856517458087496 1.0466980029223236 -0.002396500182285849 1.8685422673461456 0.5858505751893803
0.18457172677824188 1.8988467764969348 0.5853333385666313 0.0989663960993371 1.8580900791290171 1.0471047551304646 0.562503122944704 1.8558909151196357 1.1328432454338138 0.6481084536236088 1.896647612487553 0.6710718288699804
0.10353001413354673 1.7690944295257336 1.222718850069664 0.21329435116115386 1.423655214308252 1.5241251557156663 0.6717327210968882 1.5044162873660183 1.449733407345442 0.5619683840692811 1.8498555025835 1.1483271016994396
-0.3645572900124297 1.812839683607405 1.16158139590804 -0.4356153369633032 1.4231428653461418 1.4171383679845742 0.029495670974713367 1.3799604630740507 1.4806147620633778 0.10055371792558682 1.7696572813353142 1.2250577899868438
0.6560121616199821 1.8979334822242755 0.6695952991741723 0.739566733442135 1.8688928645776794 1.1326260737784903 1.1838020452061377 1.7382398777141799 1.044268804796592 1.1002474733839849 1.7672804953607761 0.5812380301922739
1.2696766206760308 1.7015121893053593 0.5818483108903086 1.187848673201664 1.738418459784751 1.0446272390923046 1.617753793662781 1.5670672419715723 1.1343076144907387 1.6995817411371479 1.5301609714921809 0.6715286862887426
1.2126312474402072 1.8027454462022536 1.1595204864419584 1.1781968225183184 1.7073289257678994 1.6198814102667878 1.5843121703896794 1.4687316529817136 1.600805566414709 1.618746595311568 1.5641481734160678 1.1404446425898795
0.734920280821731 1.8607642633296129 1.1491028926852778 0.674464813150154 1.502290399943617 1.449209286942515 1.141449299202768 1.4416178255331806 1.4708090711298591 1.201904766874345 1.8000916889191765 1.170702676872622
1.3622009803262298 -1.5669843349331287 -1.4678102186143545 1.6284826870534128 -1.178591187595147 -1.4894212792016206 1.6964349037190392 -1.1992485243606976 -1.02339768230514 1.4301531969918562 -1.5876416716986794 -1.001786621717874
1.503565822442787 -1.1253658925098926 -1.4534373109483598 1.6338906313462933 -0.6724497849341601 -1.4432066775825358 1.830297851760894 -0.7385294237583102 -1.0197920967303513 1.699973042857388 -1.1914455313340429 -1.030022730096175
1.6425528761183317 -1.1656264200342428 -0.9295534680890163 1.8306574877477115 -0.7410218472727258 -1.0104845131219555 1.8965673013866622 -0.6819668451842011 -0.5474611601787622 1.7084626897572823 -1.1065714179457182 -0.4665301151458229
1.4315781315786837 -1.5838684175930537 -0.9994373378535949 1.6416662771379587 -1.1676599282350977 -0.9297545806020049 1.669028615164735 -1.2587715544224891 -0.4680488342574836 1.4589404696054602 -1.6749800437804452 -0.5377315915090737
1.6370071824879118 -0.6694163123646008 -1.443107290401466 1.6826475689092222 -0.21117848619156265 -1.543890582508223 1.851039942909572 -0.13266376441528943 -1.1106450758733917 1.8053995564882617 -0.5909015905883275 -1.0098617837666346
1.7083573284376656 -0.03340142567615739 -1.5512126097860102 1.783673448610031 0.4256530878929516 -1.4749324826861918 1.9279756960021726 0.32915023145777644 -1.0366559920164546 1.8526595758298072 -0.12990428211133248 -1.1129361191162732
1.9106885963184737 -0.13104245021311386 -0.9419156543089608 1.9299736201168098 0.3311486913168705 -1.0326331207895758 2.0306681465362053 0.4157974575297908 -0.5799550664240501 2.011383122737869 -0.046393684000193586 -0.48923759994343513
1.807305868789498 -0.5902390918138986 -1.0061730302399425 1.908935431779719 -0.1346064506654986 -0.9406554721131013 2.001009192367514 -0.22046706154776524 -0.48637296057815427 1.8993796293772935 -0.6760997026961653 -0.5518905187049956
1.7839741236242637 0.43021100432174625 -1.4779731003789212 1.7423218523260744 0.8982859001769262 -1.5152987261903967 1.9374695982112096 0.9496244516069844 -1.0892659427225455 1.9791218695093988 0.48154955575180436 -1.05194031691107
1.8307649530827141 0.9154330455320099 -1.5439194537154637 1.5909030645597129 1.3209548848404322 -1.528410280480102 1.6974158439822231 1.3664799686327427 -1.07145873300297 1.9372777325052244 0.9609581293243206 -1.0869679062383315
1.9048909922854722 0.952336930640267 -0.975334723799142 1.6996522349395535 1.3667908795062693 -1.066588211013775 1.694784553170785 1.4658499896001047 -0.6057348497827113 1.9000233105167037 1.0513960407341023 -0.5144813625680782
1.9822409927985987 0.4854555682942234 -1.0437860030199313 1.9067132443967378 0.94545298784269 -0.9736421835740883 1.956055428215993 0.8827092960184861 -0.5090447231757667 2.0315831766178536 0.42271187647001945 -0.5791885426216097
1.454668516695099 -1.6701510429604205 -0.38303410358132073 1.6682026558632324 -1.2577775734212404 -0.46411132113529346 1.7235617089130937 -1.1952266923413455 -0.00016629777810148183 1.51002756974496 -1.6076001618805256 0.08091091977587123
1.709791245386803 -1.1033899596639878 -0.46473917711914625 1.857929403952056 -0.6626121182737292 -0.3873298579605714 1.8734460813023097 -0.7491620400443697 0.07580140414754633 1.725307922737057 -1.1899398814346283 -0.0016079150110285545
1.7234837119800055 -1.1887151995612906 0.1690607803474914 1.874292353996073 -0.7508090172717476 0.08121346290284193 1.8593708622468266 -0.6532007731397207 0.5421605335495634 1.7085622202307589 -1.0911069554292636 0.6300078509942129
1.5091863512693342 -1.6062358346381376 0.08461361308015342 1.7207026841468744 -1.1932088476059501 0.16763030468793763 1.6619506549856269 -1.2562742742556632 0.6310881487334123 1.4504343221080866 -1.6693012612878504 0.548071457125628
1.8593628411808454 -0.6608417930443494 -0.3860252263426066 2.0011306782096603 -0.22116997577333164 -0.4799017178520679 2.0268286150663664 -0.13082248994336265 -0.017950237692228893 1.8850607780375512 -0.5704943072143804 0.07592625381723248
2.01275610144474 -0.04198732253546064 -0.4841839561825543 1.9999981534484712 0.42212558631097397 -0.4025833141423141 2.017409337894125 0.34101504521211135 0.06146426203409813 2.0301672858903936 -0.12309786363432332 -0.02013638000614215
2.0206964866676747 -0.11771701704580415 0.16439840033864742 2.0172119785346925 0.34288759597285534 0.06413140255096078 2.0051599683647843 0.44303750696272814 0.5246169794759485 2.0086444764977665 -0.017567106055931397 0.6248839772636352
1.8855645493868733 -0.569798391462024 0.07788022431436159 2.019225695296771 -0.12580254831500237 0.16287793909877388 1.9939522320406877 -0.20695975480759668 0.6265556095399066 1.86029108613079 -0.6509555979546183 0.5415578947554943
2.0010077206120056 0.4249543770612227 -0.40430172752352833 1.956941045777853 0.8830985712515473 -0.5062048564014635 1.9581700846935886 0.985562167461824 -0.04607235038677773 2.0022367595277415 0.5274179732714994 0.055830778491157446
1.9006301419971614 1.0539185522368464 -0.5121596679944266 1.6925849625088698 1.469627009685633 -0.433891514358443 1.7492881869896384 1.4105983901256833 0.030352590162749854 1.95733336647793 0.9948899326768967 -0.04791556347323375
1.9495762033425532 0.9985485357579234 0.13867342391415305 1.7505021336188749 1.412537860490496 0.03282175435966889 1.708937415666682 1.5099987401961594 0.4921647344136878 1.9080114853903603 1.0960094154635869 0.5980164039681719
2.0027623460104365 0.5291862291958662 0.058492342597588454 1.9530866094797816 0.9906621762941544 0.14092106105316554 1.9548138574198344 0.907952687639269 0.6050098233361526 2.004489593950489 0.4464767405409807 0.5225811048805755
1.4509272574302405 -1.6692678543566282 0.7119202136847043 1.6611841886710736 -1.2544450038826722 0.634873164641925 1.6336377180530155 -1.1550480900362619 1.0948554117457145 1.4233807868121822 -1.5698709405102178 1.1719024607884938
1.708659404671646 -1.094284661021596 0.6320607275176044 1.8789869501955978 -0.6623138494817786 0.7133747323985071 1.805446477107913 -0.7202851839165687 1.1753848463335195 1.6351189315839612 -1.152255995456386 1.0940708414526168
1.6820341483921468 -1.17121280019939 1.2207201819491083 1.8034969714385596 -0.7170390969431388 1.1861477642660416 1.5673586655933476 -0.6236541536466575 1.5833129377825736 1.4458958425469346 -1.0778278569029087 1.6178853554656405
1.4207108127468175 -1.5713955194134477 1.1745111817316984 1.6816453330711651 -1.1808669618468404 1.214795719763041 1.5851119626489505 -1.1639321339158037 1.6758995499078628 1.3241774423246029 -1.554460691482411 1.6356150118765205
1.8810441581914932 -0.6572327176762034 0.7170260045644697 1.9945938212832737 -0.20755860481599125 0.6326347229562478 1.911686843873973 -0.10182360564093357 1.0844851021999284 1.7981371807821924 -0.5514977185011457 1.1688763838081506
2.007359719662179 -0.018085813487577818 0.630282234818915 1.9991609068071867 0.44667105263548695 0.7087427792701892 1.9048504816714882 0.36816795714708217 1.1638966322537887 1.91304929452648 -0.09658890897598266 1.0854360878025147
1.8275542836527263 -0.08735322008293334 1.269984264637342 1.9014426972881 0.36751991815914714 1.170721217068758 1.6993377316879148 0.4893989737838804 1.5787914326642143 1.6254493180525411 0.03452583554179997 1.6780544802327984
1.796293504576023 -0.5519044093853772 1.1756961053853678 1.8282367767236967 -0.09155845775868432 1.2720467896681902 1.599142049010213 -0.16067000740863235 1.6782012204149426 1.5671987768625395 -0.6210159590353252 1.5818505361321202
2.000809779228554 0.4515684198061364 0.70752634800097 1.955323835202655 0.9102292418591359 0.6086147643209305 1.8945120820363188 1.003003574722508 1.0667818473975597 1.9399980260622178 0.5443427526695085 1.165693431077599
1.908801198434899 1.097545541490088 0.6020307737767976 1.711662705855531 1.519511051940841 0.6748575882747627 1.6964580882563098 1.4324894694863644 1.1379108098024118 1.8935965808356778 1.0105239590356114 1.0650839953044466
1.9118761859746918 1.0224990529077085 1.212600444028246 1.6950208134348872 1.4349020530780137 1.1410481203238079 1.5936118484470931 1.4613204334241634 1.6006572076755938 1.810467220986898 1.0489174332538582 1.672209531380032
1.937914116267929 0.542881649226572 1.1758084820700132 1.913855864575508 1.0115458686329712 1.2204993329239449 1.6737226003690826 0.9608396471045606 1.62297556414292 1.6977808520615039 0.4921754276981612 1.5782847132889883
-1.6610940711077524 -1.48993766671697 -1.5221417317405315 -1.725050827173352 -1.4560256263063853 -1.0563287552734657 -1.8782871593929522 -1.0134152280514073 -1.1095911624740904 -1.8143304033273526 -1.047327268461992 -1.5754041389411562
-1.6875327678331917 -0.9450677658329225 -1.5429127438876775 -1.8761283110538172 -1.0044625177943733 -1.1149802647591285 -1.8967447261591694 -0.5368286793069417 -1.0591611040159898 -1.7081491829385438 -0.4774339273454909 -1.4870935831445387
-1.8256615326220729 -0.9990092316674313 -0.96766651851063 -1.8796035376075066 -0.9230985838601788 -0.5055517537346184 -1.9544164988954276 -0.46529924947882856 -0.5894863261090495 -1.900474493909994 -0.541209897286081 -1.051601090885061
-1.7265134092116512 -1.4543056835239647 -1.054030651556975 -1.7465646306213414 -1.5455694971394438 -0.5919796943880794 -1.8449705264878746 -1.09249554007173 -0.5067594429095756 -1.8249193050781845 -1.001231726456251 -0.9688104000784712
-1.7070885178177284 -0.4753017073339781 -1.4854443692653787 -1.873826228005092 -0.38142169802347103 -1.0546227100725232 -1.8217389788941916 0.08014274128513149 -1.13504291289587 -1.6550012687068283 -0.013737268025375587 -1.5658645720887256
-1.6479552288559873 0.15313697979460245 -1.5658252615513342 -1.8206101361325024 0.08208332227002713 -1.1329697626581476 -1.8240010561790034 0.5474645494645178 -1.0579295253681311 -1.6513461489024883 0.6185182069890931 -1.4907850242613174
-1.8624737242946836 0.08451568776471918 -0.9688672562145023 -1.9414737310616192 0.17307534088623924 -0.5126453705643572 -1.905553068027931 0.6356209763008518 -0.5962124891126624 -1.8265530612609953 0.5470613231793316 -1.0524343747628075
-1.874421400417789 -0.3818753082682603 -1.0482256203018885 -1.9531912672668275 -0.45959011934086597 -0.5899921226253351 -1.9417686690201406 0.004713650635451622 -0.5092842815476094 -1.8629988021711021 0.08242846170805723 -0.9675177792241628
-1.6496208199735476 0.6215553793069754 -1.4910057175906108 -1.8445999172148324 0.6953403169531079 -1.0682041603656156 -1.765237917535844 1.1579164189564675 -1.112331759877526 -1.570258820294559 1.0841314813103349 -1.5351333171025212
-1.6887620454888281 1.1553041351371494 -1.5714018374863241 -1.76195962934564 1.1660278880590131 -1.105838375628387 -1.5390274959417334 1.5806038045684105 -1.0803374830415216 -1.4658299120849214 1.5698800516465468 -1.5459009448994585
-1.7153999924207983 1.1494530555705824 -0.9888802103133674 -1.72873851182718 1.250007664159566 -0.5285183127068042 -1.5534445356348048 1.678559996962095 -0.6170459475816181 -1.540106016228423 1.5780053883731116 -1.0774078451881812
-1.844724842527159 0.6978302997585387 -1.0592424021069096 -1.9052220772845503 0.6427339678542435 -0.5949938684810566 -1.7771124003729744 1.0909808933430485 -0.5251023336016509 -1.716615165615583 1.1460772252473437 -0.9893508672275038
-1.7487948566115767 -1.546296715379247 -0.42119887017132956 -1.795086005160243 -1.4714312581438695 0.04191506295456668 -1.8905810925386242 -1.017315434271758 -0.04104112410764038 -1.8442899439899576 -1.0921808915071356 -0.5041550572335366
-1.881320777803681 -0.9221008174156011 -0.5027706991593671 -1.8920301298058884 -1.0123602201564408 -0.04021176002521348 -1.9240537776271012 -0.5506118761794836 0.04914804632593325 -1.9133444256248935 -0.46035247343864394 -0.41341089280822035
-1.8591939420659127 -1.0094846221803497 0.14172179770628426 -1.8596399348069692 -0.9194235808381889 0.6044431307991021 -1.9251840377305405 -0.46120841702476273 0.5151959661397515 -1.9247380449894842 -0.5512694583669235 0.05247463304693367
-1.7952986214678812 -1.4686034791371 0.044773886430649446 -1.780319604276809 -1.5640963499039091 0.5061619691257457 -1.8430222543381136 -1.1069851334082315 0.6028053113976388 -1.8580012715291858 -1.0114922626414224 0.14141722870254259
-1.9140003574524984 -0.4583515973824335 -0.41463616938952264 -1.9476464542230487 -0.3697421056860007 0.047141396468500046 -1.9755380576333073 0.09202485473340569 -0.043498301791043664 -1.941891960862757 0.0034153630369729293 -0.5052758676490663
-1.942584959813874 0.17619512239983237 -0.5084778661535377 -1.976305982798631 0.09761123602995764 -0.04489433798604342 -1.9242582389258378 0.5589053375322313 0.03708740664845503 -1.8905372159410807 0.6374892239021059 -0.42649612151903926
-1.928790225706541 0.09791359805734229 0.13741031298249626 -1.9273737621254516 0.195621179509381 0.5985756242691005 -1.9228131333250862 0.656764149649272 0.5008587683441436 -1.9242295969061758 0.5590565681972334 0.039693457057539294
-1.9480820872399496 -0.3660854682308454 0.051238135694550824 -1.9249428901874994 -0.45624214850098155 0.5133621155298221 -1.9058900904143994 0.006239881353752169 0.6026346480278151 -1.9290292874668498 0.09639656162388827 0.14051066819254382
-1.8894320028710272 0.6413648945264976 -0.4279254836882271 -1.903039778907524 0.7423457225686624 0.03233522827360566 -1.7904048383059223 1.1901473668624354 -0.06258199724326646 -1.7767970622694256 1.0891665388202707 -0.5228427092050992
-1.7282697412928407 1.2490999738601913 -0.5259033396197942 -1.7873348807005751 1.1944236592846846 -0.0614207973132625 -1.6150160173985935 1.6271149979158328 0.01142587042280463 -1.555950877990859 1.6817913124913395 -0.4530566718837271
-1.7641048891646216 1.1887979892182219 0.11749614586858878 -1.7373803066018199 1.2885789231250913 0.5774437342869551 -1.5874552368827617 1.7234632577211684 0.47438884032740647 -1.6141798194455632 1.623682323814299 0.01444125190904022
-1.9012989579076969 0.7423162925270925 0.035976084000034325 -1.9223188350561338 0.6645899274133937 0.5004532084176212 -1.7864323772083104 1.1087527695625943 0.5809296795372592 -1.7654125000598733 1.186479134676293 0.11645255511967226
-1.7836428252356222 -1.564791647274646 0.6905396656919025 -1.7645982669451046 -1.4770571495840268 1.1533162693473247 -1.8231822020210393 -1.0170575924793543 1.0685191456291532 -1.8422267603115572 -1.1047920901699735 0.605742541973731
-1.8597961160860135 -0.9155889136899865 0.6069520708334312 -1.8233805223745052 -1.0141727675225087 1.0664924395438635 -1.8402764995592804 -0.5538276150963168 1.1665878378848045 -1.876692093270789 -0.4552437612637947 0.707047469174372
-1.712689488127193 -1.0072161234078507 1.226093070287475 -1.3273475074652434 -0.8857036914179308 1.468927394442385 -1.4439228391107126 -0.4309295200984708 1.4263496146881374 -1.829264819772662 -0.5524419520883906 1.1835152905332273
-1.7635493968370821 -1.4729951110186579 1.1554359171153996 -1.7436656669597073 -1.5281623788733074 1.6231788294293843 -1.7008573399449487 -1.0617289225465392 1.6763718753434254 -1.7207410698223238 -1.0065616546918894 1.2086289630294405
-1.876329452571197 -0.45343800255508915 0.7052179209544003 -1.8515591328444312 -0.35138033810098246 1.164775193297207 -1.8811410744919765 0.10824063253761204 1.0642978612568341 -1.9059113942187424 0.006182968083505408 0.6047405889140274
-1.9265702542492278 0.19665191536467147 0.6022450149271108 -1.880634467985081 0.11059891564463253 1.0634467137052392 -1.8777068198699103 0.5740495417754052 1.1496277336102185 -1.9236426061340568 0.6601025414954441 0.68842603483209
-1.7813490167797976 0.11745921262559667 1.2293862609439237 -1.4050788781740744 0.22534563525969056 1.4920714808958624 -1.4911008770670093 0.6842198882227333 1.4268268807328817 -1.8673710156727326 0.5763334655886394 1.1641416607809427
-1.8422894695723073 -0.3495582672689309 1.182362248131301 -1.4471485784523166 -0.428784198985123 1.4269213413683999 -1.3833271023841576 0.03586786264664846 1.474329178169711 -1.778467993504148 0.11509379436284056 1.2297700849326123
-1.921193992798146 0.6672792328087258 0.6858346838356817 -1.8855769231467745 0.7641145894165616 1.1458092051261946 -1.7497345679912486 1.2036046546140335 1.0427676634312275 -1.78535163764262 1.1067692980061978 0.5827931421407146
-1.7365260770719622 1.2857103760691684 0.579955183394105 -1.7487432274214287 1.2054735405881638 1.0443203561253152 -1.6036324402326845 1.646782671960048 1.1243911509609292 -1.5914152898832177 1.7270195074410526 0.6600259782297191
-1.8185530111154726 1.2341891370588172 1.1841369958213743 -1.7780261564778992 1.2780129678992513 1.6517471626056361 -1.5612015738141474 1.6926045428276384 1.5941004061709458 -1.601728428451721 1.6487807119872044 1.1264902393866842
-1.8754845513840397 0.7576453061321065 1.1623941334988 -1.4911995990284999 0.6863146728405851 1.4259453397636965 -1.4307847736706598 1.1522829517322255 1.4639694652644641 -1.8150697260261994 1.2236135850237468 1.2004182589995673
