-2.646969995848905 -2.156532777836837 2.1387817042205044 -2.3590840690599046 -2.317192822658619 2.121015108405616 -1.6910179858572882 -2.0573477328862486 1.7968124210717773 -2.5129830843668803 -1.8990977877383994 1.981926521076548
-1.0209799187705428 -1.7385338129857983 2.0602730854839866 -1.3469683894414863 -2.554391608778089 2.2590806407019026 -2.2143646600697022 -2.7344862036326054 1.7969933296045237 -1.6887025005328562 -2.0591579865939456 1.7951583220668155
-3.0204541749144522 -2.493214427611602 1.6267297045678477 -2.216118018907506 -2.7325136150449145 1.7945734443496608 -1.3179989555921567 -2.5543920612109674 1.3089072274061466 -2.2059094149865706 -2.1293766948182884 0.8805050085272041
-2.508576270660584 -1.8956621648977332 1.9668296776781928 -3.020023557862196 -2.4925804728732426 1.6247082016707306 -3.7636658746302647 -2.1300637229512662 0.8072180980921447 -3.1966430676304003 -1.4267900942098537 1.1757230970021073
-1.3496494914560335 -2.5557862028649816 2.2571881680755044 -0.07811774178684316 -3.2811405822551603 3.3098655531243004 0.08188545166392092 -3.930455892824752 2.6691831451400736 -0.9251713523234666 -3.3559728679452663 1.835460001006953
0.726937663885667 -4.515937371794832 2.986462147291752 2.0185447365218323 -3.448773580965652 2.320148214847137 1.1042551042380233 -3.088099682145681 2.1403617397166235 0.08129836385179223 -3.9332962358145487 2.6680841592486586
0.09820797106511858 -2.5105041516101347 1.3082225536572023 1.1067601825411426 -3.087740409054431 2.1382282156442893 1.457109037337595 -2.263701556956445 1.6162786114080445 0.7877903127020001 -1.7749313838424685 0.9818647312752666
-0.9251825091180342 -3.3572396798030084 1.8303390834821598 0.09788021107526002 -2.5109682695769995 1.304548436760511 -0.6412217157619141 -1.8814329437837358 0.8796788730911254 -1.316467924219285 -2.556032685043275 1.3019643210379237
2.0201271558507465 -3.4524684701854382 2.318743345109393 1.9290897950959671 -3.2370975212400195 3.18865359276525 2.2001286403659903 -2.7752192986913227 2.612334532523787 2.38702065210315 -2.6943944489815808 1.7811121421319074
2.835048681683501 -2.6837249131284384 2.1585649069163244 3.1094501433295596 -2.515659694181648 2.2324791453238797 2.98172182145705 -2.4362421965224277 2.5260884138835045 2.1982394322131227 -2.7735242756813596 2.611717487822267
3.1833134998219577 -2.3960177273120253 1.6948577280994106 2.981887962846391 -2.434146881919772 2.527269954165173 3.644960379344378 -1.5200190939285663 2.317915454985458 3.8554807166400717 -1.505896580528327 1.3653491546445429
2.3850542745499412 -2.6929401873523786 1.781083603059608 3.1834975776436645 -2.397469631160666 1.6940354276674725 2.3263711152574635 -1.6614700660550819 1.4177399500741803 1.457846153379886 -2.2623407430405926 1.6105404771905143
-4.696258242035489 -1.8728673636515638 0.8270815710626058 -3.7588353034775377 -2.138148804999194 0.7744642174171574 -2.9706597472619407 -1.198340750580674 0.571911724145573 -3.870159272990861 -0.6412659471566893 0.5812142773664712
-2.2036313787315507 -2.1388631013970048 0.8490707762513344 -1.5081339100324567 -1.3396243480718726 0.6757150929619063 -2.323199219031025 -0.5379594091652264 0.43077316306913715 -2.9694381423350524 -1.19986031447581 0.5710399037396919
-3.060244305780727 0.03628617952169713 0.49449404840079403 -2.3246984601753873 -0.5382430178267799 0.42891338517374317 -1.594550067461018 0.3425903835046351 0.32852691781058246 -2.363324638371625 1.0876158539713938 0.3935554590356778
-3.8686739955931007 -0.6433049257826116 0.5804452462819065 -3.0618315141016934 0.03550117533611066 0.4924352579985395 -3.935627711198167 0.9455195720361329 0.5900386884218531 -4.812421616035796 0.582215227391286 0.6862000680977345
-1.5079550690254684 -1.337999188729277 0.6713022608095756 -0.6401310157765632 -1.8853101811560111 0.8628729857719923 0.032835153422009045 -1.0699858354068468 0.6972487465942406 -0.7747517837656748 -0.4455500482437831 0.48980252153794035
0.7853989184423038 -1.7769207922225667 0.9701992573580988 1.5877443577032933 -1.118948725247683 0.8575965764099888 0.7674195887295825 -0.3418448371224494 0.5573175302945207 0.03286666630432622 -1.0674039951916057 0.6957001380819481
-0.043402153910593544 0.2840129781680161 0.35533233676266635 0.764637458768684 -0.3421460416599033 0.5557087327498654 1.4870620984865397 0.5383383812728987 0.4076786001219485 0.6313537283218819 1.1102311213804903 0.21619942307444104
-0.7772841189444673 -0.4466458009660398 0.4857515725064798 -0.043419255803890056 0.28098181385613374 0.35478949214691546 -0.8068221246205268 1.0237781710074025 0.20392690520931894 -1.5941597712649938 0.34451913581339716 0.3250225752135049
1.5885362420198024 -1.1164129735034725 0.8558191774705686 2.3262570777449048 -1.6631870725724762 1.412019929219562 2.9885647355579636 -0.6903021482254801 1.0116068888630356 2.3097483191170567 -0.25215323567118686 0.5397512567980085
3.8560985592175836 -1.5079855638102773 1.3618906300367464 4.770009060554067 -1.1696988663810617 1.3146622462580904 3.838973178222146 -0.07891203783740541 0.8639981496037451 2.987978911266481 -0.6902484989125237 1.010946927940957
2.986484177310402 0.3858851245246874 0.4475972496151511 3.841693705002895 -0.07895878365912357 0.8623914868635032 4.644943991181828 1.1916904379602533 0.4829278227362799 3.752120119064919 1.3605089556046779 0.19244866776097141
2.3083603918057016 -0.25246768410261106 0.5364513452475949 2.9854367494521403 0.38683700697423573 0.44550601993045696 2.180077566667424 1.3496844671268045 0.28578075136081316 1.487258255238892 0.5394123938709748 0.4031084688027345
-4.3996834920074495 1.7702079849349914 0.6579961760056225 -3.9342261667270697 0.9405080637180847 0.5876248152478415 -3.2226517041344938 1.8299776797665444 0.5111748176469169 -3.605642416833456 2.5674257094420896 0.5698680975165803
-2.3643206775579166 1.0839382583208885 0.3916313180511283 -1.5524192459695079 1.7582627170110345 0.20082095802368943 -2.481731316547616 2.1929047644057142 0.35130249404726727 -3.221909239137675 1.827971903167718 0.5111922238857344
-2.878806122964327 2.9346087353832058 0.39127748981993693 -2.4847626920452277 2.193232984315304 0.35009683554012605 -2.134369303961146 3.090144124066791 0.19464403519620488 -2.801015817679924 3.761353143666187 0.30883819490296116
-3.6047182476253736 2.5655751366920048 0.5665206683467578 -2.8779987170013377 2.933824428806449 0.39265990148242585 -3.381807339135248 2.6554728683082045 0.9968545444589659 -3.6299904658541644 2.5337357767404907 0.9718147263193624
-1.5522807694062957 1.7595733157717888 0.20334763070691841 -0.8083986358593775 1.0229618676238854 0.20406446906721573 -0.13433203478384492 1.805682106093733 0.2127761158023686 -1.2221210070700315 2.742485365901182 0.21094760531999013
0.6305613729907777 1.1082813613458775 0.20911679736144018 1.2783470604936193 1.9288977688450157 0.2631983192528823 0.8305372960183565 2.8638219126639823 0.2870621062334567 -0.13389984636381524 1.8030300697655577 0.21310721547603367
-0.2619278070349287 3.7557981583962787 0.5426182154511001 0.8335297573687096 2.864127688326037 0.2861339881999281 1.693560789758444 3.2614468055671875 0.5182435195842967 0.31727858911483786 4.381701313388492 0.8404788246742159
-1.2263615662652225 2.740821487979615 0.2145195748088941 -0.262382251312159 3.7537062230785945 0.5396302221429627 -0.9250112020969403 4.364486417764958 0.6014863346745406 -2.1361098124681392 3.0919441374368963 0.19303223605007364
1.279378610937418 1.9256957397973788 0.25937763164255856 2.183541885916248 1.3489812364935814 0.2733195872209032 2.95843221074012 2.1856148472213603 0.21911315216322455 2.165046619510359 2.463362088592003 0.21822795183370997
3.75178014770475 1.3622463399879412 0.18998812307106475 4.128083681884383 2.2055954880942537 0.4290909514711814 3.2637988139130334 2.9314122265490155 0.42398339924741013 2.9596666973797268 2.1839279851410502 0.21727745320899886
2.4747472510056467 3.177050445219255 0.5374512548718353 3.262787518111062 2.9324928782230746 0.4228191588723321 3.4370292231131985 3.2009068563754 0.17080795967013054 3.198950675086496 3.3429764631327665 0.1575150348728518
2.166024797390786 2.464856900977956 0.2144785663945913 2.4745919011480915 3.1771645463634304 0.5369830948028813 2.2901521785735386 3.9319947134006648 0.8412313187998997 1.6941037329305166 3.2634365766397537 0.5160605663493221
