-0.9148647004522809 -1.2652102891130697 0.10187290180631348 -0.4581902033651237 -1.1482889664463387 0.10204650482283695 -0.5751111164908459 -0.6916149516403693 0.10129399496178387 -1.0317856138875 -0.8085362739046236 0.10112039194444179
-1.316721567549212 -0.6149241716376312 0.10172240708410049 -1.4208276553586316 -0.15515964752805966 0.10257514492914512 -1.8805904021374202 -0.2592620520947359 0.10080652000960061 -1.7764843148273095 -0.7190265761123007 0.09995378216316693
-0.4563760876882939 -1.1472757084079306 0.10255911576936352 0.0024655761394948295 -1.0391718847626743 0.10289532080840103 -0.10563729340903102 -0.5803310454074097 0.10185811579984218 -0.5644789569772619 -0.688434868991513 0.10152191076099486
0.001588095947997803 -1.0391631778113752 0.10306221241483787 0.461138142410235 -0.9341128592049018 0.10242387145016069 0.3560869557416585 -0.4745630468974924 0.10176040781494797 -0.10346309101954484 -0.5796133650936061 0.10239874877923918
-0.10457017549434595 -0.5773774487134464 0.10110935278909723 0.3550593276177646 -0.4726797696433272 0.10226631168419861 0.25036214120028083 -0.013048815002143 0.10193910339053752 -0.20926736126181633 -0.11774649392419778 0.10078214449707232
-0.565313079958905 -0.6865662659117651 0.10134604109997408 -0.1065538808198887 -0.5781153835899638 0.10213701484698808 -0.2150029220854577 -0.11935627957313505 0.10108253559000979 -0.6737621211371974 -0.22780716139477716 0.1002915618422875
0.46306925679797867 -0.9333932849866496 0.10335006329680295 0.9228082188040097 -0.8291746181533827 0.10246774707228226 0.8185863382682789 -0.3694418091051811 0.1000665054466264 0.35884737652231347 -0.4736604758794928 0.10094882167064798
0.8907702009625789 0.3745145095668234 0.10278001787383292 0.997538776063428 -0.08463189050237307 0.10008235924567442 1.4566930447256854 0.022133463390341196 0.10094209802010715 1.3499244697758346 0.4812798628102042 0.10363975664445058
-1.9850381741619327 0.20266932927909564 0.10094900717759096 -1.8794966058419114 -0.25676858479589465 0.10100050259914631 -1.4200589165576887 -0.15122701672082112 0.10145781270029137 -1.525600484818008 0.3082108970942738 0.10140631727876516
-0.9581220661117329 -0.04683467650222256 0.10217267326598874 -1.0620026364232789 0.412979736596046 0.1008480069691582 -1.5218186538474734 0.309098105295119 0.10060553086939283 -1.4179380839470481 -0.15071630810106984 0.10193019716654535
-1.6295026956647438 0.7702694193790163 0.10046166819854133 -1.5225191862065226 0.3111658113782596 0.1012544558942216 -1.0634151868975437 0.4181500126929032 0.10160210649451384 -1.1703986962044675 0.8772536200443903 0.10080931879995474
-1.5262233889862444 0.30932009512176584 0.10112156535374735 -1.6312729520312672 0.7688699801174912 0.10196703266895561 -2.090823040125084 0.663819355437456 0.10251910471679461 -1.98577347757956 0.2042694705327075 0.10167363740249155
0.32295300422598056 0.7310641003616252 0.10188108163168996 0.42941665128981144 0.27183899011077334 0.1019913257673347 0.8886415335779791 0.378302462377677 0.10148277941369324 0.7821778865743731 0.8375275723687532 0.10137253527811085
1.3501753887249017 0.4838329102314736 0.1018213468543666 1.245223118891765 0.9434053271255354 0.10248226211092284 0.7856505033332399 0.8384524854093477 0.10284837771944595 0.8906027727559482 0.3788800682164027 0.10218746246297174
0.6798145611029892 1.3000161941864743 0.10132941852987921 0.7849168586113473 0.8404781941136019 0.10207523025644812 1.244455444595496 0.9455801297038184 0.10176945215381784 1.13935314723578 1.4051181291268038 0.10102364042830368
0.7816506912679385 0.8398478565378713 0.10046326154349754 0.6775045393483383 1.2996019546895576 0.10186703630678413 0.217748390255667 1.1954572197263345 0.10125096231355395 0.3218945416759475 0.7357031216666075 0.09984718755025304
-2.200921286077575 1.124278112666594 0.1020170120388265 -2.091376339141994 0.6657792172845521 0.10107376279575128 -1.6328766667048191 0.7753247762934752 0.10086655390152588 -1.7424216135784334 1.2338236714161526 0.10180980314406753
-1.5696457633293501 1.5303134375558596 0.1013445063776424 -1.1078144407839936 1.6248330718565376 0.10104295154772736 -1.2023344359333752 2.086663856096498 0.10032210576842389 -1.6641657578255993 1.992144221929487 0.10062366059791249
-0.9916926355776141 1.164687270163479 0.10105954052996159 -0.5315647982630843 1.2671779428176653 0.1005520644668294 -0.6340542973073757 1.727305303213783 0.10151997957290271 -1.094182134361619 1.624814630617574 0.10202745563574783
-0.5244393166556984 1.2688312011264111 0.10283419101337798 -0.06544280265969188 1.3762750440696305 0.10234136745305113 -0.17288740989721685 1.8352708095092325 0.10146633583328005 -0.6318839241943236 1.7278269669748099 0.10195915939294975
-0.6334108573174897 1.7338759401417116 0.10290546475873676 -0.17329398546303332 1.836410619252088 0.10175372596711224 -0.2758306112939699 2.2965279017232327 0.10101270778343627 -0.7359474824977187 2.1939932227578587 0.10216444657343199
-1.0939130349431765 1.6273032838179164 0.1018156351569598 -0.6346624171067843 1.7336557205336898 0.10231716484587981 -0.7410140132203844 2.192906207765168 0.10157555983950298 -1.2002646309672118 2.086553771549155 0.1010740301500616
1.1393120046527734 1.40714415047132 0.10027751736120469 1.0344440997564959 1.8667362156959104 0.10055720864474116 0.5748522168130941 1.761868081849395 0.10100176722765959 0.6797201212988884 1.3022760163259968 0.10072207594444453
-0.1682167810014264 1.8381390594503049 0.1012102921927094 0.29115848222879626 1.9439525032689229 0.10088633243148118 0.18534473323755457 2.4033275241185423 0.10037375065662053 -0.27403052990251836 2.2975140807995795 0.10069771041720386
-1.777048746005681 -0.7176066397105849 0.10201273724453824 -1.725760459161687 -0.9476607198779943 0.10244560805261396 -1.2656514866274764 -0.8450842423072765 0.10229829276205965 -1.3169397734424575 -0.6150301622700041 0.10186542195422879
-1.1891736385532292 -1.3123580240331874 0.10183651385546809 -0.9566277263650811 -1.273920158361261 0.10114027153407971 -1.0335061217068298 -0.8088274501759725 0.1002993306028747 -1.2660520337634316 -0.8472653158261555 0.10099557292386924
-1.4186580772216646 -0.15590455028002947 0.10240321843016344 -1.3657249019836601 -0.3855828033739964 0.10116439364977897 -0.9063621795454384 -0.27971448128348525 0.10106446740363735 -0.9592953547085826 -0.050036228514331677 0.10230329218226984
-0.8070136630390486 -0.7387817500377395 0.10080137346018364 -0.5764407849664 -0.6898767273421051 0.10075316199757162 -0.6742508271445176 -0.22873096155285672 0.10077994134501048 -0.904823704891087 -0.27763598417933033 0.1008281528075543
0.9312824573440527 -0.8289202218426308 0.10014147783465539 1.1604396430114812 -0.773761117917392 0.10002727786560785 1.0501226159860233 -0.3154486698582907 0.10146801329212703 0.8209654301667606 -0.37060777358007535 0.10158221326193617
1.5090606073418962 -0.21074525800048538 0.10052817714489042 1.4577867258815758 0.019311949507083037 0.10100345001774128 0.9976716309192672 -0.08323441189817427 0.10025168767971433 1.048945512173598 -0.3132916195541043 0.09977641480628974
0.3592566773103725 -0.4716843397079241 0.10293468939650094 0.5886774268112773 -0.41763196068045694 0.10280979927460117 0.4805724411925626 0.041206905498945456 0.10125121536275233 0.25115169173548035 -0.012845473278472824 0.10137610548382765
0.9425007731397304 0.145823833431134 0.10167503620932591 0.8897633887320359 0.37555009989545074 0.10126716388750251 0.43031396661469373 0.27007979773015095 0.10338042521741604 0.48305135077260164 0.040353531311097174 0.1037882975401124
-1.0597712520351363 0.4119507915179471 0.10205237214363572 -1.0048610605753467 0.18273752106124747 0.10074735620685811 -0.5464361142103027 0.2925708024190521 0.09841477920188453 -0.6013463056390296 0.5217840727460901 0.09971979513792391
-0.4456515132373285 -0.16956719929460762 0.09932935225135371 -0.21559247280155247 -0.1183004538509621 0.09966739306034554 -0.3181276179577103 0.341815452961591 0.1011228534579136 -0.5481866582633457 0.2905487075469453 0.10078481264911299
-0.2091306121448147 -0.11635515734599794 0.10209280326413757 0.02043801634020137 -0.06293424552521265 0.10217358837001551 -0.08640141349796479 0.39619656637632766 0.09963272026578886 -0.31597004213326174 0.34277565476013633 0.09955193515861896
0.37320534906359587 0.5004075491215139 0.10138017233170557 0.3218626251071509 0.7304497003769154 0.10108205656885058 -0.13822203994256632 0.6277641480635896 0.10106393352516331 -0.08687931619206714 0.39772199665976316 0.1013620492881358
-0.42163466397727367 0.8068164786904451 0.10106234960886386 -0.19162691694957476 0.8583139674856792 0.10108738831506632 -0.2946218291058609 1.3183287792983474 0.10188948322490735 -0.5246295758082806 1.2668312905759427 0.10186444451874029
-0.1936201358608004 0.8557802709465054 0.10016991539601 -0.1388173692806972 0.6265375943882541 0.10008221428040164 0.3196673773732477 0.7361426656275762 0.10091156201331687 0.26486461087064594 0.9653853418616298 0.10099926312880121
-0.602064396490442 0.5241887156567996 0.10093931405950539 -0.6551411185287019 0.7538370629611393 0.10117112365376241 -1.1144373566984676 0.6476846582054225 0.10024657840576606 -1.0613606349100666 0.4180363109459717 0.10001476881114976
-0.6532574296751166 0.7519022996918153 0.09959147169261409 -0.42389359274016064 0.8061912374498721 0.10029653992052465 -0.5324751273608186 1.2649186058446262 0.10151055033826878 -0.7618389642522083 1.210629668336659 0.10080548211125827
-1.1709480618450199 0.8792428014011092 0.10055065828903516 -1.222282473294432 1.1092868571636494 0.10029348139870897 -1.682370122196704 1.0066192174112822 0.10125955152572515 -1.6310357109532478 0.7765751615003265 0.10151672841663864
-1.2228187910273571 1.1081563595735735 0.10072845964530595 -0.9941224370135842 1.1651959746512957 0.10085297101345146 -1.1082016570023872 1.6225887501772305 0.10080337589459668 -1.3368980111696553 1.5655491353017015 0.1006788645263738
-1.7435110636063909 1.2359814766524644 0.10183210025471387 -1.7985325796043345 1.4651714683182082 0.1014632165710663 -2.2569131444455643 1.3551284069811145 0.10153136073446797 -2.201891628697857 1.125938415358144 0.10190024441799277
-1.7961775596644283 1.4643435453224498 0.09991559275896443 -1.5698634466694634 1.5302026297727107 0.10015814647829732 -1.7015824185163353 1.9828295047147402 0.10127462847997655 -1.927896531480481 1.9169704205164573 0.10103207476129919
-0.06334276062676147 1.3764547700998049 0.10200380463293639 0.16651397878088164 1.428621557864986 0.101756520683829 0.06217966301974654 1.8883343984035117 0.10093380703328508 -0.16767707625787195 1.8361676106678466 0.10118109098225259
0.16555284563330064 1.427540345601386 0.1023754205867942 0.2179966696564627 1.19774826849762 0.10147978206229781 0.6775836344873725 1.302638125501238 0.10107764480495825 0.6251398104938707 1.5324302024750132 0.10197328332894799
0.2910756893841205 1.943897923499932 0.10056243819868471 0.5216746922463983 1.9926531659283262 0.10216926319936845 0.42415911642320436 2.453861091120819 0.10259889661456068 0.19356011388704522 2.405105848761383 0.10099207161614936
0.5236228939685263 1.9945198700754194 0.10220519120250382 0.5755193663775507 1.7646045314031247 0.10108766419411815 1.0353530370307409 1.8683882387270534 0.10312722323607079 0.9834565646951035 2.0983035770741933 0.104244750242876
