-3.9254748400112263 -2.3639734852576506 0.20427521815544475 -3.595316170940802 -2.363733760538184 0.20517218072605964 -3.1222476700538957 -1.7351308151891864 0.20708927387964812 -3.9257146291886653 -2.034081612212224 0.20460635910571104
-3.595207363961783 -2.363601886799043 0.20584229160243567 -2.694421943870893 -2.365059201799746 0.20523142187225712 -2.317889373091191 -1.4395548749839757 0.20520573001238498 -3.1206646794327275 -1.7361081755341785 0.2056762735827459
-3.1203839163594687 -1.7348739055330993 0.20184822007904693 -2.317903182267374 -1.437526836793055 0.20313898455565185 -1.9282729934605942 -0.47710776132894905 0.20371306290387614 -2.997054791132672 -0.5783695737120064 0.20197495184776756
-3.926448619814137 -2.0325636134315395 0.20503582289222916 -3.1225185742164117 -1.7348635838337803 0.20219461003690067 -2.9989616162222035 -0.5783865671379146 0.19955895138137142 -3.9255003651208353 -0.884033911534344 0.20275932878385744
-2.6929808027522757 -2.3659720411237046 0.20619582217541385 -0.8899204152169509 -2.371760632813721 0.20502355186348517 -0.8869474328199197 -1.4456530964333865 0.20386822065166965 -2.314976339078367 -1.4410689628134246 0.20479666259815366
-0.8894054976382277 -2.3726544386541963 0.20533912241426971 0.9136461024104122 -2.3805890806921672 0.2034385624320182 0.5426928355120805 -1.4528350392533163 0.2041328266830792 -0.8853291870812353 -1.446550429012651 0.20563807573812815
-0.8859523273700832 -1.4393885403957294 0.20428983345980264 0.5420332314565512 -1.4514468761494244 0.20358312734344916 0.1611342960833818 -0.4875321520506675 0.20320249139167865 -0.8770028155998884 -0.37966214303330537 0.20365755108497754
-2.315983544926588 -1.4399055553337228 0.20485306142422 -0.8879471449427081 -1.4399615076959922 0.20416706900121792 -0.8879047046483219 -0.3801987069207283 0.2023408432599692 -1.9269206002260428 -0.47925814603493333 0.20301073155436997
0.9147117077959535 -2.3800426651791007 0.20423109921840307 1.8154206470387046 -2.3918552915664115 0.20383828176409294 1.3501741742999838 -1.7574406609599962 0.20283659101412216 0.5518547937051633 -1.4490933575143505 0.20261366713366294
1.8153768808419841 -2.3913817998815436 0.20128683376603623 2.145501546754296 -2.3961730476246084 0.20090800155542302 2.150290728195841 -2.066317333786837 0.20148896337172126 1.3510197763944967 -1.7563172636404225 0.2029365809131091
1.3565565018080172 -1.7451260868725114 0.20329352622494623 2.151846639407426 -2.0651983178126505 0.20140739291300855 2.1830238958217087 -0.9170905969191133 0.20217455136460885 1.265395347588092 -0.5856482273821658 0.20432338532970665
0.5514698591459432 -1.4482360227174416 0.20309216439950234 1.3539992607231004 -1.7454538293429147 0.2033709107139945 1.2304857244051406 -0.5889746004043814 0.2026479468385466 0.16168590380222425 -0.4878799407728117 0.20245717220343215
-3.928908975584137 -0.8854446251252619 0.20097929989982558 -3.00262462586271 -0.5790104817147601 0.2010975207743888 -2.871597792334004 0.6572416559362133 0.20123945408467425 -3.9289351545190736 0.6177959598437156 0.20113708148379852
-2.999483670509543 -0.5780145585544121 0.20337412273901856 -1.9308473535999133 -0.4752148475633738 0.20298900680364765 -1.9344819474749602 0.6939631087389354 0.20089677143413365 -2.8694381984486355 0.6583391801686471 0.20113648152686733
-2.8703820013600776 0.6604385577963466 0.20202950776395437 -1.9354012737527797 0.6954111115528744 0.20150752200339536 -1.9381711273079631 1.8439117149607274 0.20096808045726366 -3.008111504117773 1.9182978590654578 0.20151152703155722
-3.9300374433128393 0.6190033589964934 0.20210598898396165 -2.872770265356482 0.6602763496189179 0.20114393174331954 -3.0125521019561416 1.917909212503426 0.20057264120419943 -3.932745365476187 2.1694017708458624 0.20125102908259107
-1.929453916316024 -0.47548650638334655 0.20212556731192988 -0.8900515033357416 -0.38056666405658357 0.20244165994125765 -0.8857405667972849 0.689503311178499 0.2018883183970609 -1.92743770435384 0.6936970760511542 0.20152002650102024
-0.8789309230360975 -0.3802715642860518 0.2027676838891857 0.16054110490718382 -0.47441341134115955 0.20292368179760903 0.15766457248782156 0.6947665486918254 0.2021288952534634 -0.884030732309679 0.6897948377475374 0.20204005446727066
-0.8843863889128567 0.7002850591155855 0.20257108083944073 0.1573139059977255 0.6965197743887126 0.20218114021826697 0.1641171695012102 1.8450043006715229 0.20185287314337816 -0.8804917594089303 1.776052053561325 0.2022645284335465
-1.9281693779705726 0.6950821746731307 0.2017433876974726 -0.8864760479547728 0.7001473377616381 0.20173894599879397 -0.8917050634134156 1.7759085756243636 0.201186712751209 -1.936397031740146 1.843556622474253 0.20115383239344087
0.16310845674373686 -0.4751344799813186 0.2033856247193836 1.2304391066046723 -0.590707262800827 0.20218609956382408 1.1151971758594892 0.6471159768057705 0.20237947740199164 0.180733396825711 0.6939164362986956 0.20342684497454763
1.266310657838692 -0.5875819642336313 0.202818092192371 2.1971186554868973 -0.8799763565945551 0.2011432265153963 2.1744388348972334 0.6230963199733981 0.20119034394543672 1.1166280043767942 0.6465501763806785 0.2030924320989942
1.1172439759375248 0.6738464615431722 0.20195236620990045 2.174153866772611 0.6243007088018727 0.19991385539983822 2.189015802493892 2.1746335964403105 0.2003604140217664 1.266879845094623 1.9303495069801828 0.20205088869778554
0.1798047972636619 0.6949455975381488 0.20227516285072836 1.115184338144134 0.6730596439331088 0.2020431053013864 1.2353053607159126 1.932726560294197 0.2030461004264158 0.16651111703649812 1.8433729957449605 0.20321770121713828
-3.93169113680839 2.170871845371611 0.2015495556376404 -3.011694025159989 1.9186621066439906 0.20113532266726986 -3.1369230154635903 3.0534115571789147 0.20176803011726 -3.9327824124210613 3.299509230394307 0.20214099167305608
-3.007529006972066 1.9197960458216392 0.20128151014283088 -1.93742586807788 1.8477885618790286 0.20172657410621259 -2.3308954308241545 2.80714290457806 0.20225088926963616 -3.13431407441848 3.054372600179768 0.20205919512611545
-3.1331912327619547 3.0567985195344662 0.20254079222775281 -2.3300168578506875 2.8087782772213803 0.20156155897821776 -2.6992535075774278 3.711580745102156 0.20320248709172217 -3.6521319117276616 3.7102911058191874 0.20391809224713311
-3.930862562626861 3.3012164371340504 0.20367685104689737 -3.13476403381616 3.055893736401106 0.20313971196471808 -3.6540887961407873 3.7090818891711748 0.20409568639990527 -3.9316522648372447 3.7085428777644496 0.20417726888741156
-1.935577693510201 1.8483984165196325 0.2018325369430483 -0.8912182259728498 1.7757978007113957 0.201977999881304 -0.8913444585434518 2.8087995019042165 0.20231944201474036 -2.326923941924698 2.808620982362716 0.2020864409577695
-0.8802107746428174 1.7757635088949684 0.20211535504688316 0.16346639843785576 1.8576167442606772 0.20148096485512262 0.5462874479297477 2.8212734501186185 0.20161327139477261 -0.8892366325921535 2.808725760530326 0.20252495160940873
-0.8897573477202232 2.815736574104987 0.201787667544112 0.5458011995638683 2.82343620964004 0.20197304630068275 0.908967866429661 3.7286986607804207 0.20272056955169543 -0.8946021586491093 3.7190260012002443 0.20248766879857422
-2.3273210420690176 2.8104249763170697 0.20260314020738612 -0.8917481994998182 2.814514637921174 0.20104506137807973 -0.8943221533778548 3.717813637376525 0.200836156693187 -2.6979097476074 3.712674757247763 0.2027936553579258
0.1651001806994269 1.8568061571680006 0.20219782803804218 1.2349394458164797 1.9326274196047466 0.2016435329544892 1.357681801574366 3.0676524173150166 0.20295516648425577 0.5551492252031713 2.8175595514762892 0.20313505313923402
1.2645043638584355 1.9295572431300867 0.2009580267355549 2.177122048866439 2.2072937882098387 0.20287389062842082 2.146778756913394 3.335522399579881 0.20483425655329107 1.3580832575100092 3.0673566242017807 0.2031284650616289
1.3546351174228062 3.0777153583265413 0.20366560132976091 2.146168928114372 3.337389041828251 0.20323176190420306 2.1395955317133564 3.744663702230784 0.20337807218207896 1.862067556413326 3.7401848919069627 0.20356035852492904
0.553459622928258 2.8180759192703166 0.20264538885473285 1.3526642918380842 3.078607886275457 0.20260796171145257 1.8613383661891532 3.740123790022546 0.203592497608423 0.9085557948275889 3.726533322750019 0.20424129720689152
