0 2 10 3 3
1 0 0 3 3
11 0 1 1 3
2 1 1 2 3
2 2 12 3 3
3 0 2 3 3
13 0 3 1 3
4 1 3 2 3
4 2 14 3 3
5 0 4 3 3
15 0 5 1 3
6 1 5 2 3
6 2 16 3 3
7 0 6 3 3
17 0 7 1 3
8 1 7 2 3
8 2 18 3 3
9 0 8 3 3
19 0 9 1 3
20 0 10 1 3
11 1 10 2 3
11 2 21 3 3
12 0 11 3 3
22 0 12 1 3
13 1 12 2 3
13 2 23 3 3
14 0 13 3 3
24 0 14 1 3
15 1 14 2 3
15 2 25 3 3
16 0 15 3 3
26 0 16 1 3
17 1 16 2 3
17 2 27 3 3
18 0 17 3 3
28 0 18 1 3
19 1 18 2 3
19 2 29 3 3
20 2 30 3 3
21 0 20 3 3
31 0 21 1 3
22 1 21 2 3
22 2 32 3 3
23 0 22 3 3
33 0 23 1 3
24 1 23 2 3
24 2 34 3 3
25 0 24 3 3
35 0 25 1 3
26 1 25 2 3
26 2 36 3 3
27 0 26 3 3
37 0 27 1 3
28 1 27 2 3
28 2 38 3 3
29 0 28 3 3
39 0 29 1 3
40 0 30 1 3
31 1 30 2 3
31 2 41 3 3
32 0 31 3 3
42 0 32 1 3
33 1 32 2 3
33 2 43 3 3
34 0 33 3 3
44 0 34 1 3
35 1 34 2 3
35 2 45 3 3
36 0 35 3 3
46 0 36 1 3
37 1 36 2 3
37 2 47 3 3
38 0 37 3 3
48 0 38 1 3
39 1 38 2 3
39 2 49 3 3
40 2 50 3 3
41 0 40 3 3
51 0 41 1 3
42 1 41 2 3
42 2 52 3 3
43 0 42 3 3
53 0 43 1 3
44 1 43 2 3
44 2 54 3 3
45 0 44 3 3
55 0 45 1 3
46 1 45 2 3
46 2 56 3 3
47 0 46 3 3
57 0 47 1 3
48 1 47 2 3
48 2 58 3 3
49 0 48 3 3
59 0 49 1 3
60 0 50 1 3
51 1 50 2 3
51 2 61 3 3
52 0 51 3 3
62 0 52 1 3
53 1 52 2 3
53 2 63 3 3
54 0 53 3 3
64 0 54 1 3
55 1 54 2 3
55 2 65 3 3
56 0 55 3 3
66 0 56 1 3
57 1 56 2 3
57 2 67 3 3
58 0 57 3 3
68 0 58 1 3
59 1 58 2 3
59 2 69 3 3
60 2 70 3 3
61 0 60 3 3
71 0 61 1 3
62 1 61 2 3
62 2 72 3 3
63 0 62 3 3
73 0 63 1 3
64 1 63 2 3
64 2 74 3 3
65 0 64 3 3
75 0 65 1 3
66 1 65 2 3
66 2 76 3 3
67 0 66 3 3
77 0 67 1 3
68 1 67 2 3
68 2 78 3 3
69 0 68 3 3
79 0 69 1 3
80 0 70 1 3
71 1 70 2 3
71 2 81 3 3
72 0 71 3 3
82 0 72 1 3
73 1 72 2 3
73 2 83 3 3
74 0 73 3 3
84 0 74 1 3
75 1 74 2 3
75 2 85 3 3
76 0 75 3 3
86 0 76 1 3
77 1 76 2 3
77 2 87 3 3
78 0 77 3 3
88 0 78 1 3
79 1 78 2 3
79 2 89 3 3
80 2 90 3 3
81 0 80 3 3
91 0 81 1 3
82 1 81 2 3
82 2 92 3 3
83 0 82 3 3
93 0 83 1 3
84 1 83 2 3
84 2 94 3 3
85 0 84 3 3
95 0 85 1 3
86 1 85 2 3
86 2 96 3 3
87 0 86 3 3
97 0 87 1 3
88 1 87 2 3
88 2 98 3 3
89 0 88 3 3
99 0 89 1 3
91 1 90 2 3
92 0 91 3 3
93 1 92 2 3
94 0 93 3 3
95 1 94 2 3
96 0 95 3 3
97 1 96 2 3
98 0 97 3 3
99 1 98 2 3
