-7.07106781186547 -6.36396103067893 0 -6.36396103067893 -7.07106781186547 0 -5.65685424949238 -6.36396103067893 0 -6.36396103067893 -5.65685424949238 0
-6.36396103067893 -5.65685424949238 0 -5.65685424949238 -4.94974746830583 0 -6.36396103067893 -4.24264068711928 0 -7.07106781186547 -4.94974746830583 0
-7.07106781186547 -3.53553390593274 0 -6.36396103067893 -4.24264068711928 0 -5.65685424949238 -3.53553390593274 0 -6.36396103067893 -2.82842712474619 0
-6.36396103067893 -2.82842712474619 0 -5.65685424949238 -2.12132034355964 0 -6.36396103067893 -1.41421356237309 0 -7.07106781186547 -2.12132034355964 0
-7.07106781186547 -0.707106781186547 0 -6.36396103067893 -1.41421356237309 0 -5.65685424949238 -0.707106781186547 0 -6.36396103067893 0 0
-6.36396103067893 0 0 -5.65685424949238 0.707106781186547 0 -6.36396103067893 1.41421356237309 0 -7.07106781186547 0.707106781186547 0
-7.07106781186547 2.12132034355964 0 -6.36396103067893 1.41421356237309 0 -5.65685424949238 2.12132034355964 0 -6.36396103067893 2.82842712474619 0
-6.36396103067893 2.82842712474619 0 -5.65685424949238 3.53553390593274 0 -6.36396103067893 4.24264068711928 0 -7.07106781186547 3.53553390593274 0
-7.07106781186547 4.94974746830583 0 -6.36396103067893 4.24264068711928 0 -5.65685424949238 4.94974746830583 0 -6.36396103067893 5.65685424949238 0
-6.36396103067893 5.65685424949238 0 -5.65685424949238 6.36396103067893 0 -6.36396103067893 7.07106781186547 0 -7.07106781186547 6.36396103067893 0
-4.94974746830583 -7.07106781186547 0 -4.24264068711928 -6.36396103067893 0 -4.94974746830583 -5.65685424949238 0 -5.65685424949238 -6.36396103067893 0
-5.65685424949238 -4.94974746830583 0 -4.94974746830583 -5.65685424949238 0 -4.24264068711928 -4.94974746830583 0 -4.94974746830583 -4.24264068711928 0
-4.94974746830583 -4.24264068711928 0 -4.24264068711928 -3.53553390593274 0 -4.94974746830583 -2.82842712474619 0 -5.65685424949238 -3.53553390593274 0
-5.65685424949238 -2.12132034355964 0 -4.94974746830583 -2.82842712474619 0 -4.24264068711928 -2.12132034355964 0 -4.94974746830583 -1.41421356237309 0
-4.94974746830583 -1.41421356237309 0 -4.24264068711928 -0.707106781186547 0 -4.94974746830583 0 0 -5.65685424949238 -0.707106781186547 0
-5.65685424949238 0.707106781186547 0 -4.94974746830583 0 0 -4.24264068711928 0.707106781186547 0 -4.94974746830583 1.41421356237309 0
-4.94974746830583 1.41421356237309 0 -4.24264068711928 2.12132034355964 0 -4.94974746830583 2.82842712474619 0 -5.65685424949238 2.12132034355964 0
-5.65685424949238 3.53553390593274 0 -4.94974746830583 2.82842712474619 0 -4.24264068711928 3.53553390593274 0 -4.94974746830583 4.24264068711928 0
-4.94974746830583 4.24264068711928 0 -4.24264068711928 4.94974746830583 0 -4.94974746830583 5.65685424949238 0 -5.65685424949238 4.94974746830583 0
-5.65685424949238 6.36396103067893 0 -4.94974746830583 5.65685424949238 0 -4.24264068711928 6.36396103067893 0 -4.94974746830583 7.07106781186547 0
-4.24264068711928 -6.36396103067893 0 -3.53553390593274 -7.07106781186547 0 -2.82842712474619 -6.36396103067893 0 -3.53553390593274 -5.65685424949238 0
-3.53553390593274 -5.65685424949238 0 -2.82842712474619 -4.94974746830583 0 -3.53553390593274 -4.24264068711928 0 -4.24264068711928 -4.94974746830583 0
-4.24264068711928 -3.53553390593274 0 -3.53553390593274 -4.24264068711928 0 -2.82842712474619 -3.53553390593274 0 -3.53553390593274 -2.82842712474619 0
-3.53553390593274 -2.82842712474619 0 -2.82842712474619 -2.12132034355964 0 -3.53553390593274 -1.41421356237309 0 -4.24264068711928 -2.12132034355964 0
-4.24264068711928 -0.707106781186547 0 -3.53553390593274 -1.41421356237309 0 -2.82842712474619 -0.707106781186547 0 -3.53553390593274 0 0
-3.53553390593274 0 0 -2.82842712474619 0.707106781186547 0 -3.53553390593274 1.41421356237309 0 -4.24264068711928 0.707106781186547 0
-4.24264068711928 2.12132034355964 0 -3.53553390593274 1.41421356237309 0 -2.82842712474619 2.12132034355964 0 -3.53553390593274 2.82842712474619 0
-3.53553390593274 2.82842712474619 0 -2.82842712474619 3.53553390593274 0 -3.53553390593274 4.24264068711928 0 -4.24264068711928 3.53553390593274 0
-4.24264068711928 4.94974746830583 0 -3.53553390593274 4.24264068711928 0 -2.82842712474619 4.94974746830583 0 -3.53553390593274 5.65685424949238 0
-3.53553390593274 5.65685424949238 0 -2.82842712474619 6.36396103067893 0 -3.53553390593274 7.07106781186547 0 -4.24264068711928 6.36396103067893 0
-2.12132034355964 -7.07106781186547 0 -1.41421356237309 -6.36396103067893 0 -2.12132034355964 -5.65685424949238 0 -2.82842712474619 -6.36396103067893 0
-2.82842712474619 -4.94974746830583 0 -2.12132034355964 -5.65685424949238 0 -1.41421356237309 -4.94974746830583 0 -2.12132034355964 -4.24264068711928 0
-2.12132034355964 -4.24264068711928 0 -1.41421356237309 -3.53553390593274 0 -2.12132034355964 -2.82842712474619 0 -2.82842712474619 -3.53553390593274 0
-2.82842712474619 -2.12132034355964 0 -2.12132034355964 -2.82842712474619 0 -1.41421356237309 -2.12132034355964 0 -2.12132034355964 -1.41421356237309 0
-2.12132034355964 -1.41421356237309 0 -1.41421356237309 -0.707106781186547 0 -2.12132034355964 0 0 -2.82842712474619 -0.707106781186547 0
-2.82842712474619 0.707106781186547 0 -2.12132034355964 0 0 -1.41421356237309 0.707106781186547 0 -2.12132034355964 1.41421356237309 0
-2.12132034355964 1.41421356237309 0 -1.41421356237309 2.12132034355964 0 -2.12132034355964 2.82842712474619 0 -2.82842712474619 2.12132034355964 0
-2.82842712474619 3.53553390593274 0 -2.12132034355964 2.82842712474619 0 -1.41421356237309 3.53553390593274 0 -2.12132034355964 4.24264068711928 0
-2.12132034355964 4.24264068711928 0 -1.41421356237309 4.94974746830583 0 -2.12132034355964 5.65685424949238 0 -2.82842712474619 4.94974746830583 0
-2.82842712474619 6.36396103067893 0 -2.12132034355964 5.65685424949238 0 -1.41421356237309 6.36396103067893 0 -2.12132034355964 7.07106781186547 0
-1.41421356237309 -6.36396103067893 0 -0.707106781186546 -7.07106781186547 0 8.88178419700125e-16 -6.36396103067893 0 -0.707106781186546 -5.65685424949238 0
-0.707106781186546 -5.65685424949238 0 8.88178419700125e-16 -4.94974746830583 0 -0.707106781186546 -4.24264068711928 0 -1.41421356237309 -4.94974746830583 0
-1.41421356237309 -3.53553390593274 0 -0.707106781186546 -4.24264068711928 0 8.88178419700125e-16 -3.53553390593274 0 -0.707106781186546 -2.82842712474619 0
-0.707106781186546 -2.82842712474619 0 8.88178419700125e-16 -2.12132034355964 0 -0.707106781186546 -1.41421356237309 0 -1.41421356237309 -2.12132034355964 0
-1.41421356237309 -0.707106781186547 0 -0.707106781186546 -1.41421356237309 0 8.88178419700125e-16 -0.707106781186547 0 -0.707106781186546 0 0
-0.707106781186546 0 0 8.88178419700125e-16 0.707106781186547 0 -0.707106781186546 1.41421356237309 0 -1.41421356237309 0.707106781186547 0
-1.41421356237309 2.12132034355964 0 -0.707106781186546 1.41421356237309 0 8.88178419700125e-16 2.12132034355964 0 -0.707106781186546 2.82842712474619 0
-0.707106781186546 2.82842712474619 0 8.88178419700125e-16 3.53553390593274 0 -0.707106781186546 4.24264068711928 0 -1.41421356237309 3.53553390593274 0
-1.41421356237309 4.94974746830583 0 -0.707106781186546 4.24264068711928 0 8.88178419700125e-16 4.94974746830583 0 -0.707106781186546 5.65685424949238 0
-0.707106781186546 5.65685424949238 0 8.88178419700125e-16 6.36396103067893 0 -0.707106781186546 7.07106781186547 0 -1.41421356237309 6.36396103067893 0
0.707106781186548 -7.07106781186547 0 1.4142135623731 -6.36396103067893 0 0.707106781186548 -5.65685424949238 0 8.88178419700125e-16 -6.36396103067893 0
8.88178419700125e-16 -4.94974746830583 0 0.707106781186548 -5.65685424949238 0 1.4142135623731 -4.94974746830583 0 0.707106781186548 -4.24264068711928 0
0.707106781186548 -4.24264068711928 0 1.4142135623731 -3.53553390593274 0 0.707106781186548 -2.82842712474619 0 8.88178419700125e-16 -3.53553390593274 0
8.88178419700125e-16 -2.12132034355964 0 0.707106781186548 -2.82842712474619 0 1.4142135623731 -2.12132034355964 0 0.707106781186548 -1.41421356237309 0
0.707106781186548 -1.41421356237309 0 1.4142135623731 -0.707106781186547 0 0.707106781186548 0 0 8.88178419700125e-16 -0.707106781186547 0
8.88178419700125e-16 0.707106781186547 0 0.707106781186548 0 0 1.4142135623731 0.707106781186547 0 0.707106781186548 1.41421356237309 0
0.707106781186548 1.41421356237309 0 1.4142135623731 2.12132034355964 0 0.707106781186548 2.82842712474619 0 8.88178419700125e-16 2.12132034355964 0
8.88178419700125e-16 3.53553390593274 0 0.707106781186548 2.82842712474619 0 1.4142135623731 3.53553390593274 0 0.707106781186548 4.24264068711928 0
0.707106781186548 4.24264068711928 0 1.4142135623731 4.94974746830583 0 0.707106781186548 5.65685424949238 0 8.88178419700125e-16 4.94974746830583 0
8.88178419700125e-16 6.36396103067893 0 0.707106781186548 5.65685424949238 0 1.4142135623731 6.36396103067893 0 0.707106781186548 7.07106781186547 0
1.4142135623731 -6.36396103067893 0 2.12132034355964 -7.07106781186547 0 2.82842712474619 -6.36396103067893 0 2.12132034355964 -5.65685424949238 0
2.12132034355964 -5.65685424949238 0 2.82842712474619 -4.94974746830583 0 2.12132034355964 -4.24264068711928 0 1.4142135623731 -4.94974746830583 0
1.4142135623731 -3.53553390593274 0 2.12132034355964 -4.24264068711928 0 2.82842712474619 -3.53553390593274 0 2.12132034355964 -2.82842712474619 0
2.12132034355964 -2.82842712474619 0 2.82842712474619 -2.12132034355964 0 2.12132034355964 -1.41421356237309 0 1.4142135623731 -2.12132034355964 0
1.4142135623731 -0.707106781186547 0 2.12132034355964 -1.41421356237309 0 2.82842712474619 -0.707106781186547 0 2.12132034355964 0 0
2.12132034355964 0 0 2.82842712474619 0.707106781186547 0 2.12132034355964 1.41421356237309 0 1.4142135623731 0.707106781186547 0
1.4142135623731 2.12132034355964 0 2.12132034355964 1.41421356237309 0 2.82842712474619 2.12132034355964 0 2.12132034355964 2.82842712474619 0
2.12132034355964 2.82842712474619 0 2.82842712474619 3.53553390593274 0 2.12132034355964 4.24264068711928 0 1.4142135623731 3.53553390593274 0
1.4142135623731 4.94974746830583 0 2.12132034355964 4.24264068711928 0 2.82842712474619 4.94974746830583 0 2.12132034355964 5.65685424949238 0
2.12132034355964 5.65685424949238 0 2.82842712474619 6.36396103067893 0 2.12132034355964 7.07106781186547 0 1.4142135623731 6.36396103067893 0
3.53553390593274 -7.07106781186547 0 4.24264068711929 -6.36396103067893 0 3.53553390593274 -5.65685424949238 0 2.82842712474619 -6.36396103067893 0
2.82842712474619 -4.94974746830583 0 3.53553390593274 -5.65685424949238 0 4.24264068711929 -4.94974746830583 0 3.53553390593274 -4.24264068711928 0
3.53553390593274 -4.24264068711928 0 4.24264068711929 -3.53553390593274 0 3.53553390593274 -2.82842712474619 0 2.82842712474619 -3.53553390593274 0
2.82842712474619 -2.12132034355964 0 3.53553390593274 -2.82842712474619 0 4.24264068711929 -2.12132034355964 0 3.53553390593274 -1.41421356237309 0
3.53553390593274 -1.41421356237309 0 4.24264068711929 -0.707106781186547 0 3.53553390593274 0 0 2.82842712474619 -0.707106781186547 0
2.82842712474619 0.707106781186547 0 3.53553390593274 0 0 4.24264068711929 0.707106781186547 0 3.53553390593274 1.41421356237309 0
3.53553390593274 1.41421356237309 0 4.24264068711929 2.12132034355964 0 3.53553390593274 2.82842712474619 0 2.82842712474619 2.12132034355964 0
2.82842712474619 3.53553390593274 0 3.53553390593274 2.82842712474619 0 4.24264068711929 3.53553390593274 0 3.53553390593274 4.24264068711928 0
3.53553390593274 4.24264068711928 0 4.24264068711929 4.94974746830583 0 3.53553390593274 5.65685424949238 0 2.82842712474619 4.94974746830583 0
2.82842712474619 6.36396103067893 0 3.53553390593274 5.65685424949238 0 4.24264068711929 6.36396103067893 0 3.53553390593274 7.07106781186547 0
4.24264068711929 -6.36396103067893 0 4.94974746830583 -7.07106781186547 0 5.65685424949238 -6.36396103067893 0 4.94974746830583 -5.65685424949238 0
4.94974746830583 -5.65685424949238 0 5.65685424949238 -4.94974746830583 0 4.94974746830583 -4.24264068711928 0 4.24264068711929 -4.94974746830583 0
4.24264068711929 -3.53553390593274 0 4.94974746830583 -4.24264068711928 0 5.65685424949238 -3.53553390593274 0 4.94974746830583 -2.82842712474619 0
4.94974746830583 -2.82842712474619 0 5.65685424949238 -2.12132034355964 0 4.94974746830583 -1.41421356237309 0 4.24264068711929 -2.12132034355964 0
4.24264068711929 -0.707106781186547 0 4.94974746830583 -1.41421356237309 0 5.65685424949238 -0.707106781186547 0 4.94974746830583 0 0
4.94974746830583 0 0 5.65685424949238 0.707106781186547 0 4.94974746830583 1.41421356237309 0 4.24264068711929 0.707106781186547 0
4.24264068711929 2.12132034355964 0 4.94974746830583 1.41421356237309 0 5.65685424949238 2.12132034355964 0 4.94974746830583 2.82842712474619 0
4.94974746830583 2.82842712474619 0 5.65685424949238 3.53553390593274 0 4.94974746830583 4.24264068711928 0 4.24264068711929 3.53553390593274 0
4.24264068711929 4.94974746830583 0 4.94974746830583 4.24264068711928 0 5.65685424949238 4.94974746830583 0 4.94974746830583 5.65685424949238 0
4.94974746830583 5.65685424949238 0 5.65685424949238 6.36396103067893 0 4.94974746830583 7.07106781186547 0 4.24264068711929 6.36396103067893 0
6.36396103067893 -7.07106781186547 0 7.07106781186548 -6.36396103067893 0 6.36396103067893 -5.65685424949238 0 5.65685424949238 -6.36396103067893 0
5.65685424949238 -4.94974746830583 0 6.36396103067893 -5.65685424949238 0 7.07106781186548 -4.94974746830583 0 6.36396103067893 -4.24264068711928 0
6.36396103067893 -4.24264068711928 0 7.07106781186548 -3.53553390593274 0 6.36396103067893 -2.82842712474619 0 5.65685424949238 -3.53553390593274 0
5.65685424949238 -2.12132034355964 0 6.36396103067893 -2.82842712474619 0 7.07106781186548 -2.12132034355964 0 6.36396103067893 -1.41421356237309 0
6.36396103067893 -1.41421356237309 0 7.07106781186548 -0.707106781186547 0 6.36396103067893 0 0 5.65685424949238 -0.707106781186547 0
5.65685424949238 0.707106781186547 0 6.36396103067893 0 0 7.07106781186548 0.707106781186547 0 6.36396103067893 1.41421356237309 0
6.36396103067893 1.41421356237309 0 7.07106781186548 2.12132034355964 0 6.36396103067893 2.82842712474619 0 5.65685424949238 2.12132034355964 0
5.65685424949238 3.53553390593274 0 6.36396103067893 2.82842712474619 0 7.07106781186548 3.53553390593274 0 6.36396103067893 4.24264068711928 0
6.36396103067893 4.24264068711928 0 7.07106781186548 4.94974746830583 0 6.36396103067893 5.65685424949238 0 5.65685424949238 4.94974746830583 0
5.65685424949238 6.36396103067893 0 6.36396103067893 5.65685424949238 0 7.07106781186548 6.36396103067893 0 6.36396103067893 7.07106781186547 0
