-4 -1 0 -4 -2 0 -2 -2 0 -2 -1 0
-2 -1 0 -2 0 0 -4 4.44089209850063e-16 0 -4 -1 0
-4 1 0 -4 4.44089209850063e-16 0 -2 0 0 -2 1 0
-2 1 0 -2 2 0 -4 2 0 -4 1 0
0 -2 0 0 -1 0 -2 -1 0 -2 -2 0
-2 0 0 -2 -1 0 0 -1 0 0 4.44089209850063e-16 0
0 4.44089209850063e-16 0 0 1 0 -2 1 0 -2 0 0
-2 2 0 -2 1 0 0 1 0 0 2 0
0 -1 0 0 -2 0 2 -2 0 2 -1 0
2 -1 0 2 0 0 0 4.44089209850063e-16 0 0 -1 0
0 1 0 0 4.44089209850063e-16 0 2 0 0 2 1 0
2 1 0 2 2 0 0 2 0 0 1 0
4 -2 0 4 -1 0 2 -1 0 2 -2 0
2 0 0 2 -1 0 4 -1 0 4 4.44089209850063e-16 0
4 4.44089209850063e-16 0 4 1 0 2 1 0 2 0 0
2 2 0 2 1 0 4 1 0 4 2 0
