0 2 40 3 3
1 0 0 3 3
41 0 1 1 3
2 1 1 2 3
2 2 42 3 3
3 0 2 3 3
43 0 3 1 3
4 1 3 2 3
4 2 44 3 3
5 0 4 3 3
45 0 5 1 3
6 1 5 2 3
6 2 46 3 3
7 0 6 3 3
47 0 7 1 3
8 1 7 2 3
8 2 48 3 3
9 0 8 3 3
49 0 9 1 3
10 1 9 2 3
10 2 50 3 3
11 0 10 3 3
51 0 11 1 3
12 1 11 2 3
12 2 52 3 3
13 0 12 3 3
53 0 13 1 3
14 1 13 2 3
14 2 54 3 3
15 0 14 3 3
55 0 15 1 3
16 1 15 2 3
16 2 56 3 3
17 0 16 3 3
57 0 17 1 3
18 1 17 2 3
18 2 58 3 3
19 0 18 3 3
59 0 19 1 3
20 1 19 2 3
20 2 60 3 3
21 0 20 3 3
61 0 21 1 3
22 1 21 2 3
22 2 62 3 3
23 0 22 3 3
63 0 23 1 3
24 1 23 2 3
24 2 64 3 3
25 0 24 3 3
65 0 25 1 3
26 1 25 2 3
26 2 66 3 3
27 0 26 3 3
67 0 27 1 3
28 1 27 2 3
28 2 68 3 3
29 0 28 3 3
69 0 29 1 3
30 1 29 2 3
30 2 70 3 3
31 0 30 3 3
71 0 31 1 3
32 1 31 2 3
32 2 72 3 3
33 0 32 3 3
73 0 33 1 3
34 1 33 2 3
34 2 74 3 3
35 0 34 3 3
75 0 35 1 3
36 1 35 2 3
36 2 76 3 3
37 0 36 3 3
77 0 37 1 3
38 1 37 2 3
38 2 78 3 3
39 0 38 3 3
79 0 39 1 3
80 0 40 1 3
41 1 40 2 3
41 2 81 3 3
42 0 41 3 3
82 0 42 1 3
43 1 42 2 3
43 2 83 3 3
44 0 43 3 3
84 0 44 1 3
45 1 44 2 3
45 2 85 3 3
46 0 45 3 3
86 0 46 1 3
47 1 46 2 3
47 2 87 3 3
48 0 47 3 3
88 0 48 1 3
49 1 48 2 3
49 2 89 3 3
50 0 49 3 3
90 0 50 1 3
51 1 50 2 3
51 2 91 3 3
52 0 51 3 3
92 0 52 1 3
53 1 52 2 3
53 2 93 3 3
54 0 53 3 3
94 0 54 1 3
55 1 54 2 3
55 2 95 3 3
56 0 55 3 3
96 0 56 1 3
57 1 56 2 3
57 2 97 3 3
58 0 57 3 3
98 0 58 1 3
59 1 58 2 3
59 2 99 3 3
60 0 59 3 3
100 0 60 1 3
61 1 60 2 3
61 2 101 3 3
62 0 61 3 3
102 0 62 1 3
63 1 62 2 3
63 2 103 3 3
64 0 63 3 3
104 0 64 1 3
65 1 64 2 3
65 2 105 3 3
66 0 65 3 3
106 0 66 1 3
67 1 66 2 3
67 2 107 3 3
68 0 67 3 3
108 0 68 1 3
69 1 68 2 3
69 2 109 3 3
70 0 69 3 3
110 0 70 1 3
71 1 70 2 3
71 2 111 3 3
72 0 71 3 3
112 0 72 1 3
73 1 72 2 3
73 2 113 3 3
74 0 73 3 3
114 0 74 1 3
75 1 74 2 3
75 2 115 3 3
76 0 75 3 3
116 0 76 1 3
77 1 76 2 3
77 2 117 3 3
78 0 77 3 3
118 0 78 1 3
79 1 78 2 3
79 2 119 3 3
80 2 120 3 3
81 0 80 3 3
121 0 81 1 3
82 1 81 2 3
82 2 122 3 3
83 0 82 3 3
123 0 83 1 3
84 1 83 2 3
84 2 124 3 3
85 0 84 3 3
125 0 85 1 3
86 1 85 2 3
86 2 126 3 3
87 0 86 3 3
127 0 87 1 3
88 1 87 2 3
88 2 128 3 3
89 0 88 3 3
129 0 89 1 3
90 1 89 2 3
90 2 130 3 3
91 0 90 3 3
131 0 91 1 3
92 1 91 2 3
92 2 132 3 3
93 0 92 3 3
133 0 93 1 3
94 1 93 2 3
94 2 134 3 3
95 0 94 3 3
135 0 95 1 3
96 1 95 2 3
96 2 136 3 3
97 0 96 3 3
137 0 97 1 3
98 1 97 2 3
98 2 138 3 3
99 0 98 3 3
139 0 99 1 3
100 1 99 2 3
100 2 140 3 3
101 0 100 3 3
141 0 101 1 3
102 1 101 2 3
102 2 142 3 3
103 0 102 3 3
143 0 103 1 3
104 1 103 2 3
104 2 144 3 3
105 0 104 3 3
145 0 105 1 3
106 1 105 2 3
106 2 146 3 3
107 0 106 3 3
147 0 107 1 3
108 1 107 2 3
108 2 148 3 3
109 0 108 3 3
149 0 109 1 3
110 1 109 2 3
110 2 150 3 3
111 0 110 3 3
151 0 111 1 3
112 1 111 2 3
112 2 152 3 3
113 0 112 3 3
153 0 113 1 3
114 1 113 2 3
114 2 154 3 3
115 0 114 3 3
155 0 115 1 3
116 1 115 2 3
116 2 156 3 3
117 0 116 3 3
157 0 117 1 3
118 1 117 2 3
118 2 158 3 3
119 0 118 3 3
159 0 119 1 3
160 0 120 1 3
121 1 120 2 3
121 2 161 3 3
122 0 121 3 3
162 0 122 1 3
123 1 122 2 3
123 2 163 3 3
124 0 123 3 3
164 0 124 1 3
125 1 124 2 3
125 2 165 3 3
126 0 125 3 3
166 0 126 1 3
127 1 126 2 3
127 2 167 3 3
128 0 127 3 3
168 0 128 1 3
129 1 128 2 3
129 2 169 3 3
130 0 129 3 3
170 0 130 1 3
131 1 130 2 3
131 2 171 3 3
132 0 131 3 3
172 0 132 1 3
133 1 132 2 3
133 2 173 3 3
134 0 133 3 3
174 0 134 1 3
135 1 134 2 3
135 2 175 3 3
136 0 135 3 3
176 0 136 1 3
137 1 136 2 3
137 2 177 3 3
138 0 137 3 3
178 0 138 1 3
139 1 138 2 3
139 2 179 3 3
140 0 139 3 3
180 0 140 1 3
141 1 140 2 3
141 2 181 3 3
142 0 141 3 3
182 0 142 1 3
143 1 142 2 3
143 2 183 3 3
144 0 143 3 3
184 0 144 1 3
145 1 144 2 3
145 2 185 3 3
146 0 145 3 3
186 0 146 1 3
147 1 146 2 3
147 2 187 3 3
148 0 147 3 3
188 0 148 1 3
149 1 148 2 3
149 2 189 3 3
150 0 149 3 3
190 0 150 1 3
151 1 150 2 3
151 2 191 3 3
152 0 151 3 3
192 0 152 1 3
153 1 152 2 3
153 2 193 3 3
154 0 153 3 3
194 0 154 1 3
155 1 154 2 3
155 2 195 3 3
156 0 155 3 3
196 0 156 1 3
157 1 156 2 3
157 2 197 3 3
158 0 157 3 3
198 0 158 1 3
159 1 158 2 3
159 2 199 3 3
160 2 200 3 3
161 0 160 3 3
201 0 161 1 3
162 1 161 2 3
162 2 202 3 3
163 0 162 3 3
203 0 163 1 3
164 1 163 2 3
164 2 204 3 3
165 0 164 3 3
205 0 165 1 3
166 1 165 2 3
166 2 206 3 3
167 0 166 3 3
207 0 167 1 3
168 1 167 2 3
168 2 208 3 3
169 0 168 3 3
209 0 169 1 3
170 1 169 2 3
170 2 210 3 3
171 0 170 3 3
211 0 171 1 3
172 1 171 2 3
172 2 212 3 3
173 0 172 3 3
213 0 173 1 3
174 1 173 2 3
174 2 214 3 3
175 0 174 3 3
215 0 175 1 3
176 1 175 2 3
176 2 216 3 3
177 0 176 3 3
217 0 177 1 3
178 1 177 2 3
178 2 218 3 3
179 0 178 3 3
219 0 179 1 3
180 1 179 2 3
180 2 220 3 3
181 0 180 3 3
221 0 181 1 3
182 1 181 2 3
182 2 222 3 3
183 0 182 3 3
223 0 183 1 3
184 1 183 2 3
184 2 224 3 3
185 0 184 3 3
225 0 185 1 3
186 1 185 2 3
186 2 226 3 3
187 0 186 3 3
227 0 187 1 3
188 1 187 2 3
188 2 228 3 3
189 0 188 3 3
229 0 189 1 3
190 1 189 2 3
190 2 230 3 3
191 0 190 3 3
231 0 191 1 3
192 1 191 2 3
192 2 232 3 3
193 0 192 3 3
233 0 193 1 3
194 1 193 2 3
194 2 234 3 3
195 0 194 3 3
235 0 195 1 3
196 1 195 2 3
196 2 236 3 3
197 0 196 3 3
237 0 197 1 3
198 1 197 2 3
198 2 238 3 3
199 0 198 3 3
239 0 199 1 3
240 0 200 1 3
201 1 200 2 3
201 2 241 3 3
202 0 201 3 3
242 0 202 1 3
203 1 202 2 3
203 2 243 3 3
204 0 203 3 3
244 0 204 1 3
205 1 204 2 3
205 2 245 3 3
206 0 205 3 3
246 0 206 1 3
207 1 206 2 3
207 2 247 3 3
208 0 207 3 3
248 0 208 1 3
209 1 208 2 3
209 2 249 3 3
210 0 209 3 3
250 0 210 1 3
211 1 210 2 3
211 2 251 3 3
212 0 211 3 3
252 0 212 1 3
213 1 212 2 3
213 2 253 3 3
214 0 213 3 3
254 0 214 1 3
215 1 214 2 3
215 2 255 3 3
216 0 215 3 3
256 0 216 1 3
217 1 216 2 3
217 2 257 3 3
218 0 217 3 3
258 0 218 1 3
219 1 218 2 3
219 2 259 3 3
220 0 219 3 3
260 0 220 1 3
221 1 220 2 3
221 2 261 3 3
222 0 221 3 3
262 0 222 1 3
223 1 222 2 3
223 2 263 3 3
224 0 223 3 3
264 0 224 1 3
225 1 224 2 3
225 2 265 3 3
226 0 225 3 3
266 0 226 1 3
227 1 226 2 3
227 2 267 3 3
228 0 227 3 3
268 0 228 1 3
229 1 228 2 3
229 2 269 3 3
230 0 229 3 3
270 0 230 1 3
231 1 230 2 3
231 2 271 3 3
232 0 231 3 3
272 0 232 1 3
233 1 232 2 3
233 2 273 3 3
234 0 233 3 3
274 0 234 1 3
235 1 234 2 3
235 2 275 3 3
236 0 235 3 3
276 0 236 1 3
237 1 236 2 3
237 2 277 3 3
238 0 237 3 3
278 0 238 1 3
239 1 238 2 3
239 2 279 3 3
240 2 280 3 3
241 0 240 3 3
281 0 241 1 3
242 1 241 2 3
242 2 282 3 3
243 0 242 3 3
283 0 243 1 3
244 1 243 2 3
244 2 284 3 3
245 0 244 3 3
285 0 245 1 3
246 1 245 2 3
246 2 286 3 3
247 0 246 3 3
287 0 247 1 3
248 1 247 2 3
248 2 288 3 3
249 0 248 3 3
289 0 249 1 3
250 1 249 2 3
250 2 290 3 3
251 0 250 3 3
291 0 251 1 3
252 1 251 2 3
252 2 292 3 3
253 0 252 3 3
293 0 253 1 3
254 1 253 2 3
254 2 294 3 3
255 0 254 3 3
295 0 255 1 3
256 1 255 2 3
256 2 296 3 3
257 0 256 3 3
297 0 257 1 3
258 1 257 2 3
258 2 298 3 3
259 0 258 3 3
299 0 259 1 3
260 1 259 2 3
260 2 300 3 3
261 0 260 3 3
301 0 261 1 3
262 1 261 2 3
262 2 302 3 3
263 0 262 3 3
303 0 263 1 3
264 1 263 2 3
264 2 304 3 3
265 0 264 3 3
305 0 265 1 3
266 1 265 2 3
266 2 306 3 3
267 0 266 3 3
307 0 267 1 3
268 1 267 2 3
268 2 308 3 3
269 0 268 3 3
309 0 269 1 3
270 1 269 2 3
270 2 310 3 3
271 0 270 3 3
311 0 271 1 3
272 1 271 2 3
272 2 312 3 3
273 0 272 3 3
313 0 273 1 3
274 1 273 2 3
274 2 314 3 3
275 0 274 3 3
315 0 275 1 3
276 1 275 2 3
276 2 316 3 3
277 0 276 3 3
317 0 277 1 3
278 1 277 2 3
278 2 318 3 3
279 0 278 3 3
319 0 279 1 3
320 0 280 1 3
281 1 280 2 3
281 2 321 3 3
282 0 281 3 3
322 0 282 1 3
283 1 282 2 3
283 2 323 3 3
284 0 283 3 3
324 0 284 1 3
285 1 284 2 3
285 2 325 3 3
286 0 285 3 3
326 0 286 1 3
287 1 286 2 3
287 2 327 3 3
288 0 287 3 3
328 0 288 1 3
289 1 288 2 3
289 2 329 3 3
290 0 289 3 3
330 0 290 1 3
291 1 290 2 3
291 2 331 3 3
292 0 291 3 3
332 0 292 1 3
293 1 292 2 3
293 2 333 3 3
294 0 293 3 3
334 0 294 1 3
295 1 294 2 3
295 2 335 3 3
296 0 295 3 3
336 0 296 1 3
297 1 296 2 3
297 2 337 3 3
298 0 297 3 3
338 0 298 1 3
299 1 298 2 3
299 2 339 3 3
300 0 299 3 3
340 0 300 1 3
301 1 300 2 3
301 2 341 3 3
302 0 301 3 3
342 0 302 1 3
303 1 302 2 3
303 2 343 3 3
304 0 303 3 3
344 0 304 1 3
305 1 304 2 3
305 2 345 3 3
306 0 305 3 3
346 0 306 1 3
307 1 306 2 3
307 2 347 3 3
308 0 307 3 3
348 0 308 1 3
309 1 308 2 3
309 2 349 3 3
310 0 309 3 3
350 0 310 1 3
311 1 310 2 3
311 2 351 3 3
312 0 311 3 3
352 0 312 1 3
313 1 312 2 3
313 2 353 3 3
314 0 313 3 3
354 0 314 1 3
315 1 314 2 3
315 2 355 3 3
316 0 315 3 3
356 0 316 1 3
317 1 316 2 3
317 2 357 3 3
318 0 317 3 3
358 0 318 1 3
319 1 318 2 3
319 2 359 3 3
320 2 360 3 3
321 0 320 3 3
361 0 321 1 3
322 1 321 2 3
322 2 362 3 3
323 0 322 3 3
363 0 323 1 3
324 1 323 2 3
324 2 364 3 3
325 0 324 3 3
365 0 325 1 3
326 1 325 2 3
326 2 366 3 3
327 0 326 3 3
367 0 327 1 3
328 1 327 2 3
328 2 368 3 3
329 0 328 3 3
369 0 329 1 3
330 1 329 2 3
330 2 370 3 3
331 0 330 3 3
371 0 331 1 3
332 1 331 2 3
332 2 372 3 3
333 0 332 3 3
373 0 333 1 3
334 1 333 2 3
334 2 374 3 3
335 0 334 3 3
375 0 335 1 3
336 1 335 2 3
336 2 376 3 3
337 0 336 3 3
377 0 337 1 3
338 1 337 2 3
338 2 378 3 3
339 0 338 3 3
379 0 339 1 3
340 1 339 2 3
340 2 380 3 3
341 0 340 3 3
381 0 341 1 3
342 1 341 2 3
342 2 382 3 3
343 0 342 3 3
383 0 343 1 3
344 1 343 2 3
344 2 384 3 3
345 0 344 3 3
385 0 345 1 3
346 1 345 2 3
346 2 386 3 3
347 0 346 3 3
387 0 347 1 3
348 1 347 2 3
348 2 388 3 3
349 0 348 3 3
389 0 349 1 3
350 1 349 2 3
350 2 390 3 3
351 0 350 3 3
391 0 351 1 3
352 1 351 2 3
352 2 392 3 3
353 0 352 3 3
393 0 353 1 3
354 1 353 2 3
354 2 394 3 3
355 0 354 3 3
395 0 355 1 3
356 1 355 2 3
356 2 396 3 3
357 0 356 3 3
397 0 357 1 3
358 1 357 2 3
358 2 398 3 3
359 0 358 3 3
399 0 359 1 3
400 0 360 1 3
361 1 360 2 3
361 2 401 3 3
362 0 361 3 3
402 0 362 1 3
363 1 362 2 3
363 2 403 3 3
364 0 363 3 3
404 0 364 1 3
365 1 364 2 3
365 2 405 3 3
366 0 365 3 3
406 0 366 1 3
367 1 366 2 3
367 2 407 3 3
368 0 367 3 3
408 0 368 1 3
369 1 368 2 3
369 2 409 3 3
370 0 369 3 3
410 0 370 1 3
371 1 370 2 3
371 2 411 3 3
372 0 371 3 3
412 0 372 1 3
373 1 372 2 3
373 2 413 3 3
374 0 373 3 3
414 0 374 1 3
375 1 374 2 3
375 2 415 3 3
376 0 375 3 3
416 0 376 1 3
377 1 376 2 3
377 2 417 3 3
378 0 377 3 3
418 0 378 1 3
379 1 378 2 3
379 2 419 3 3
380 0 379 3 3
420 0 380 1 3
381 1 380 2 3
381 2 421 3 3
382 0 381 3 3
422 0 382 1 3
383 1 382 2 3
383 2 423 3 3
384 0 383 3 3
424 0 384 1 3
385 1 384 2 3
385 2 425 3 3
386 0 385 3 3
426 0 386 1 3
387 1 386 2 3
387 2 427 3 3
388 0 387 3 3
428 0 388 1 3
389 1 388 2 3
389 2 429 3 3
390 0 389 3 3
430 0 390 1 3
391 1 390 2 3
391 2 431 3 3
392 0 391 3 3
432 0 392 1 3
393 1 392 2 3
393 2 433 3 3
394 0 393 3 3
434 0 394 1 3
395 1 394 2 3
395 2 435 3 3
396 0 395 3 3
436 0 396 1 3
397 1 396 2 3
397 2 437 3 3
398 0 397 3 3
438 0 398 1 3
399 1 398 2 3
399 2 439 3 3
400 2 440 3 3
401 0 400 3 3
441 0 401 1 3
402 1 401 2 3
402 2 442 3 3
403 0 402 3 3
443 0 403 1 3
404 1 403 2 3
404 2 444 3 3
405 0 404 3 3
445 0 405 1 3
406 1 405 2 3
406 2 446 3 3
407 0 406 3 3
447 0 407 1 3
408 1 407 2 3
408 2 448 3 3
409 0 408 3 3
449 0 409 1 3
410 1 409 2 3
410 2 450 3 3
411 0 410 3 3
451 0 411 1 3
412 1 411 2 3
412 2 452 3 3
413 0 412 3 3
453 0 413 1 3
414 1 413 2 3
414 2 454 3 3
415 0 414 3 3
455 0 415 1 3
416 1 415 2 3
416 2 456 3 3
417 0 416 3 3
457 0 417 1 3
418 1 417 2 3
418 2 458 3 3
419 0 418 3 3
459 0 419 1 3
420 1 419 2 3
420 2 460 3 3
421 0 420 3 3
461 0 421 1 3
422 1 421 2 3
422 2 462 3 3
423 0 422 3 3
463 0 423 1 3
424 1 423 2 3
424 2 464 3 3
425 0 424 3 3
465 0 425 1 3
426 1 425 2 3
426 2 466 3 3
427 0 426 3 3
467 0 427 1 3
428 1 427 2 3
428 2 468 3 3
429 0 428 3 3
469 0 429 1 3
430 1 429 2 3
430 2 470 3 3
431 0 430 3 3
471 0 431 1 3
432 1 431 2 3
432 2 472 3 3
433 0 432 3 3
473 0 433 1 3
434 1 433 2 3
434 2 474 3 3
435 0 434 3 3
475 0 435 1 3
436 1 435 2 3
436 2 476 3 3
437 0 436 3 3
477 0 437 1 3
438 1 437 2 3
438 2 478 3 3
439 0 438 3 3
479 0 439 1 3
480 0 440 1 3
441 1 440 2 3
441 2 481 3 3
442 0 441 3 3
482 0 442 1 3
443 1 442 2 3
443 2 483 3 3
444 0 443 3 3
484 0 444 1 3
445 1 444 2 3
445 2 485 3 3
446 0 445 3 3
486 0 446 1 3
447 1 446 2 3
447 2 487 3 3
448 0 447 3 3
488 0 448 1 3
449 1 448 2 3
449 2 489 3 3
450 0 449 3 3
490 0 450 1 3
451 1 450 2 3
451 2 491 3 3
452 0 451 3 3
492 0 452 1 3
453 1 452 2 3
453 2 493 3 3
454 0 453 3 3
494 0 454 1 3
455 1 454 2 3
455 2 495 3 3
456 0 455 3 3
496 0 456 1 3
457 1 456 2 3
457 2 497 3 3
458 0 457 3 3
498 0 458 1 3
459 1 458 2 3
459 2 499 3 3
460 0 459 3 3
500 0 460 1 3
461 1 460 2 3
461 2 501 3 3
462 0 461 3 3
502 0 462 1 3
463 1 462 2 3
463 2 503 3 3
464 0 463 3 3
504 0 464 1 3
465 1 464 2 3
465 2 505 3 3
466 0 465 3 3
506 0 466 1 3
467 1 466 2 3
467 2 507 3 3
468 0 467 3 3
508 0 468 1 3
469 1 468 2 3
469 2 509 3 3
470 0 469 3 3
510 0 470 1 3
471 1 470 2 3
471 2 511 3 3
472 0 471 3 3
512 0 472 1 3
473 1 472 2 3
473 2 513 3 3
474 0 473 3 3
514 0 474 1 3
475 1 474 2 3
475 2 515 3 3
476 0 475 3 3
516 0 476 1 3
477 1 476 2 3
477 2 517 3 3
478 0 477 3 3
518 0 478 1 3
479 1 478 2 3
479 2 519 3 3
480 2 520 3 3
481 0 480 3 3
521 0 481 1 3
482 1 481 2 3
482 2 522 3 3
483 0 482 3 3
523 0 483 1 3
484 1 483 2 3
484 2 524 3 3
485 0 484 3 3
525 0 485 1 3
486 1 485 2 3
486 2 526 3 3
487 0 486 3 3
527 0 487 1 3
488 1 487 2 3
488 2 528 3 3
489 0 488 3 3
529 0 489 1 3
490 1 489 2 3
490 2 530 3 3
491 0 490 3 3
531 0 491 1 3
492 1 491 2 3
492 2 532 3 3
493 0 492 3 3
533 0 493 1 3
494 1 493 2 3
494 2 534 3 3
495 0 494 3 3
535 0 495 1 3
496 1 495 2 3
496 2 536 3 3
497 0 496 3 3
537 0 497 1 3
498 1 497 2 3
498 2 538 3 3
499 0 498 3 3
539 0 499 1 3
500 1 499 2 3
500 2 540 3 3
501 0 500 3 3
541 0 501 1 3
502 1 501 2 3
502 2 542 3 3
503 0 502 3 3
543 0 503 1 3
504 1 503 2 3
504 2 544 3 3
505 0 504 3 3
545 0 505 1 3
506 1 505 2 3
506 2 546 3 3
507 0 506 3 3
547 0 507 1 3
508 1 507 2 3
508 2 548 3 3
509 0 508 3 3
549 0 509 1 3
510 1 509 2 3
510 2 550 3 3
511 0 510 3 3
551 0 511 1 3
512 1 511 2 3
512 2 552 3 3
513 0 512 3 3
553 0 513 1 3
514 1 513 2 3
514 2 554 3 3
515 0 514 3 3
555 0 515 1 3
516 1 515 2 3
516 2 556 3 3
517 0 516 3 3
557 0 517 1 3
518 1 517 2 3
518 2 558 3 3
519 0 518 3 3
559 0 519 1 3
560 0 520 1 3
521 1 520 2 3
521 2 561 3 3
522 0 521 3 3
562 0 522 1 3
523 1 522 2 3
523 2 563 3 3
524 0 523 3 3
564 0 524 1 3
525 1 524 2 3
525 2 565 3 3
526 0 525 3 3
566 0 526 1 3
527 1 526 2 3
527 2 567 3 3
528 0 527 3 3
568 0 528 1 3
529 1 528 2 3
529 2 569 3 3
530 0 529 3 3
570 0 530 1 3
531 1 530 2 3
531 2 571 3 3
532 0 531 3 3
572 0 532 1 3
533 1 532 2 3
533 2 573 3 3
534 0 533 3 3
574 0 534 1 3
535 1 534 2 3
535 2 575 3 3
536 0 535 3 3
576 0 536 1 3
537 1 536 2 3
537 2 577 3 3
538 0 537 3 3
578 0 538 1 3
539 1 538 2 3
539 2 579 3 3
540 0 539 3 3
580 0 540 1 3
541 1 540 2 3
541 2 581 3 3
542 0 541 3 3
582 0 542 1 3
543 1 542 2 3
543 2 583 3 3
544 0 543 3 3
584 0 544 1 3
545 1 544 2 3
545 2 585 3 3
546 0 545 3 3
586 0 546 1 3
547 1 546 2 3
547 2 587 3 3
548 0 547 3 3
588 0 548 1 3
549 1 548 2 3
549 2 589 3 3
550 0 549 3 3
590 0 550 1 3
551 1 550 2 3
551 2 591 3 3
552 0 551 3 3
592 0 552 1 3
553 1 552 2 3
553 2 593 3 3
554 0 553 3 3
594 0 554 1 3
555 1 554 2 3
555 2 595 3 3
556 0 555 3 3
596 0 556 1 3
557 1 556 2 3
557 2 597 3 3
558 0 557 3 3
598 0 558 1 3
559 1 558 2 3
559 2 599 3 3
560 2 600 3 3
561 0 560 3 3
601 0 561 1 3
562 1 561 2 3
562 2 602 3 3
563 0 562 3 3
603 0 563 1 3
564 1 563 2 3
564 2 604 3 3
565 0 564 3 3
605 0 565 1 3
566 1 565 2 3
566 2 606 3 3
567 0 566 3 3
607 0 567 1 3
568 1 567 2 3
568 2 608 3 3
569 0 568 3 3
609 0 569 1 3
570 1 569 2 3
570 2 610 3 3
571 0 570 3 3
611 0 571 1 3
572 1 571 2 3
572 2 612 3 3
573 0 572 3 3
613 0 573 1 3
574 1 573 2 3
574 2 614 3 3
575 0 574 3 3
615 0 575 1 3
576 1 575 2 3
576 2 616 3 3
577 0 576 3 3
617 0 577 1 3
578 1 577 2 3
578 2 618 3 3
579 0 578 3 3
619 0 579 1 3
580 1 579 2 3
580 2 620 3 3
581 0 580 3 3
621 0 581 1 3
582 1 581 2 3
582 2 622 3 3
583 0 582 3 3
623 0 583 1 3
584 1 583 2 3
584 2 624 3 3
585 0 584 3 3
625 0 585 1 3
586 1 585 2 3
586 2 626 3 3
587 0 586 3 3
627 0 587 1 3
588 1 587 2 3
588 2 628 3 3
589 0 588 3 3
629 0 589 1 3
590 1 589 2 3
590 2 630 3 3
591 0 590 3 3
631 0 591 1 3
592 1 591 2 3
592 2 632 3 3
593 0 592 3 3
633 0 593 1 3
594 1 593 2 3
594 2 634 3 3
595 0 594 3 3
635 0 595 1 3
596 1 595 2 3
596 2 636 3 3
597 0 596 3 3
637 0 597 1 3
598 1 597 2 3
598 2 638 3 3
599 0 598 3 3
639 0 599 1 3
640 0 600 1 3
601 1 600 2 3
601 2 641 3 3
602 0 601 3 3
642 0 602 1 3
603 1 602 2 3
603 2 643 3 3
604 0 603 3 3
644 0 604 1 3
605 1 604 2 3
605 2 645 3 3
606 0 605 3 3
646 0 606 1 3
607 1 606 2 3
607 2 647 3 3
608 0 607 3 3
648 0 608 1 3
609 1 608 2 3
609 2 649 3 3
610 0 609 3 3
650 0 610 1 3
611 1 610 2 3
611 2 651 3 3
612 0 611 3 3
652 0 612 1 3
613 1 612 2 3
613 2 653 3 3
614 0 613 3 3
654 0 614 1 3
615 1 614 2 3
615 2 655 3 3
616 0 615 3 3
656 0 616 1 3
617 1 616 2 3
617 2 657 3 3
618 0 617 3 3
658 0 618 1 3
619 1 618 2 3
619 2 659 3 3
620 0 619 3 3
660 0 620 1 3
621 1 620 2 3
621 2 661 3 3
622 0 621 3 3
662 0 622 1 3
623 1 622 2 3
623 2 663 3 3
624 0 623 3 3
664 0 624 1 3
625 1 624 2 3
625 2 665 3 3
626 0 625 3 3
666 0 626 1 3
627 1 626 2 3
627 2 667 3 3
628 0 627 3 3
668 0 628 1 3
629 1 628 2 3
629 2 669 3 3
630 0 629 3 3
670 0 630 1 3
631 1 630 2 3
631 2 671 3 3
632 0 631 3 3
672 0 632 1 3
633 1 632 2 3
633 2 673 3 3
634 0 633 3 3
674 0 634 1 3
635 1 634 2 3
635 2 675 3 3
636 0 635 3 3
676 0 636 1 3
637 1 636 2 3
637 2 677 3 3
638 0 637 3 3
678 0 638 1 3
639 1 638 2 3
639 2 679 3 3
640 2 680 3 3
641 0 640 3 3
681 0 641 1 3
642 1 641 2 3
642 2 682 3 3
643 0 642 3 3
683 0 643 1 3
644 1 643 2 3
644 2 684 3 3
645 0 644 3 3
685 0 645 1 3
646 1 645 2 3
646 2 686 3 3
647 0 646 3 3
687 0 647 1 3
648 1 647 2 3
648 2 688 3 3
649 0 648 3 3
689 0 649 1 3
650 1 649 2 3
650 2 690 3 3
651 0 650 3 3
691 0 651 1 3
652 1 651 2 3
652 2 692 3 3
653 0 652 3 3
693 0 653 1 3
654 1 653 2 3
654 2 694 3 3
655 0 654 3 3
695 0 655 1 3
656 1 655 2 3
656 2 696 3 3
657 0 656 3 3
697 0 657 1 3
658 1 657 2 3
658 2 698 3 3
659 0 658 3 3
699 0 659 1 3
660 1 659 2 3
660 2 700 3 3
661 0 660 3 3
701 0 661 1 3
662 1 661 2 3
662 2 702 3 3
663 0 662 3 3
703 0 663 1 3
664 1 663 2 3
664 2 704 3 3
665 0 664 3 3
705 0 665 1 3
666 1 665 2 3
666 2 706 3 3
667 0 666 3 3
707 0 667 1 3
668 1 667 2 3
668 2 708 3 3
669 0 668 3 3
709 0 669 1 3
670 1 669 2 3
670 2 710 3 3
671 0 670 3 3
711 0 671 1 3
672 1 671 2 3
672 2 712 3 3
673 0 672 3 3
713 0 673 1 3
674 1 673 2 3
674 2 714 3 3
675 0 674 3 3
715 0 675 1 3
676 1 675 2 3
676 2 716 3 3
677 0 676 3 3
717 0 677 1 3
678 1 677 2 3
678 2 718 3 3
679 0 678 3 3
719 0 679 1 3
720 0 680 1 3
681 1 680 2 3
681 2 721 3 3
682 0 681 3 3
722 0 682 1 3
683 1 682 2 3
683 2 723 3 3
684 0 683 3 3
724 0 684 1 3
685 1 684 2 3
685 2 725 3 3
686 0 685 3 3
726 0 686 1 3
687 1 686 2 3
687 2 727 3 3
688 0 687 3 3
728 0 688 1 3
689 1 688 2 3
689 2 729 3 3
690 0 689 3 3
730 0 690 1 3
691 1 690 2 3
691 2 731 3 3
692 0 691 3 3
732 0 692 1 3
693 1 692 2 3
693 2 733 3 3
694 0 693 3 3
734 0 694 1 3
695 1 694 2 3
695 2 735 3 3
696 0 695 3 3
736 0 696 1 3
697 1 696 2 3
697 2 737 3 3
698 0 697 3 3
738 0 698 1 3
699 1 698 2 3
699 2 739 3 3
700 0 699 3 3
740 0 700 1 3
701 1 700 2 3
701 2 741 3 3
702 0 701 3 3
742 0 702 1 3
703 1 702 2 3
703 2 743 3 3
704 0 703 3 3
744 0 704 1 3
705 1 704 2 3
705 2 745 3 3
706 0 705 3 3
746 0 706 1 3
707 1 706 2 3
707 2 747 3 3
708 0 707 3 3
748 0 708 1 3
709 1 708 2 3
709 2 749 3 3
710 0 709 3 3
750 0 710 1 3
711 1 710 2 3
711 2 751 3 3
712 0 711 3 3
752 0 712 1 3
713 1 712 2 3
713 2 753 3 3
714 0 713 3 3
754 0 714 1 3
715 1 714 2 3
715 2 755 3 3
716 0 715 3 3
756 0 716 1 3
717 1 716 2 3
717 2 757 3 3
718 0 717 3 3
758 0 718 1 3
719 1 718 2 3
719 2 759 3 3
720 2 760 3 3
721 0 720 3 3
761 0 721 1 3
722 1 721 2 3
722 2 762 3 3
723 0 722 3 3
763 0 723 1 3
724 1 723 2 3
724 2 764 3 3
725 0 724 3 3
765 0 725 1 3
726 1 725 2 3
726 2 766 3 3
727 0 726 3 3
767 0 727 1 3
728 1 727 2 3
728 2 768 3 3
729 0 728 3 3
769 0 729 1 3
730 1 729 2 3
730 2 770 3 3
731 0 730 3 3
771 0 731 1 3
732 1 731 2 3
732 2 772 3 3
733 0 732 3 3
773 0 733 1 3
734 1 733 2 3
734 2 774 3 3
735 0 734 3 3
775 0 735 1 3
736 1 735 2 3
736 2 776 3 3
737 0 736 3 3
777 0 737 1 3
738 1 737 2 3
738 2 778 3 3
739 0 738 3 3
779 0 739 1 3
740 1 739 2 3
740 2 780 3 3
741 0 740 3 3
781 0 741 1 3
742 1 741 2 3
742 2 782 3 3
743 0 742 3 3
783 0 743 1 3
744 1 743 2 3
744 2 784 3 3
745 0 744 3 3
785 0 745 1 3
746 1 745 2 3
746 2 786 3 3
747 0 746 3 3
787 0 747 1 3
748 1 747 2 3
748 2 788 3 3
749 0 748 3 3
789 0 749 1 3
750 1 749 2 3
750 2 790 3 3
751 0 750 3 3
791 0 751 1 3
752 1 751 2 3
752 2 792 3 3
753 0 752 3 3
793 0 753 1 3
754 1 753 2 3
754 2 794 3 3
755 0 754 3 3
795 0 755 1 3
756 1 755 2 3
756 2 796 3 3
757 0 756 3 3
797 0 757 1 3
758 1 757 2 3
758 2 798 3 3
759 0 758 3 3
799 0 759 1 3
800 0 760 1 3
761 1 760 2 3
761 2 801 3 3
762 0 761 3 3
802 0 762 1 3
763 1 762 2 3
763 2 803 3 3
764 0 763 3 3
804 0 764 1 3
765 1 764 2 3
765 2 805 3 3
766 0 765 3 3
806 0 766 1 3
767 1 766 2 3
767 2 807 3 3
768 0 767 3 3
808 0 768 1 3
769 1 768 2 3
769 2 809 3 3
770 0 769 3 3
810 0 770 1 3
771 1 770 2 3
771 2 811 3 3
772 0 771 3 3
812 0 772 1 3
773 1 772 2 3
773 2 813 3 3
774 0 773 3 3
814 0 774 1 3
775 1 774 2 3
775 2 815 3 3
776 0 775 3 3
816 0 776 1 3
777 1 776 2 3
777 2 817 3 3
778 0 777 3 3
818 0 778 1 3
779 1 778 2 3
779 2 819 3 3
780 0 779 3 3
820 0 780 1 3
781 1 780 2 3
781 2 821 3 3
782 0 781 3 3
822 0 782 1 3
783 1 782 2 3
783 2 823 3 3
784 0 783 3 3
824 0 784 1 3
785 1 784 2 3
785 2 825 3 3
786 0 785 3 3
826 0 786 1 3
787 1 786 2 3
787 2 827 3 3
788 0 787 3 3
828 0 788 1 3
789 1 788 2 3
789 2 829 3 3
790 0 789 3 3
830 0 790 1 3
791 1 790 2 3
791 2 831 3 3
792 0 791 3 3
832 0 792 1 3
793 1 792 2 3
793 2 833 3 3
794 0 793 3 3
834 0 794 1 3
795 1 794 2 3
795 2 835 3 3
796 0 795 3 3
836 0 796 1 3
797 1 796 2 3
797 2 837 3 3
798 0 797 3 3
838 0 798 1 3
799 1 798 2 3
799 2 839 3 3
800 2 840 3 3
801 0 800 3 3
841 0 801 1 3
802 1 801 2 3
802 2 842 3 3
803 0 802 3 3
843 0 803 1 3
804 1 803 2 3
804 2 844 3 3
805 0 804 3 3
845 0 805 1 3
806 1 805 2 3
806 2 846 3 3
807 0 806 3 3
847 0 807 1 3
808 1 807 2 3
808 2 848 3 3
809 0 808 3 3
849 0 809 1 3
810 1 809 2 3
810 2 850 3 3
811 0 810 3 3
851 0 811 1 3
812 1 811 2 3
812 2 852 3 3
813 0 812 3 3
853 0 813 1 3
814 1 813 2 3
814 2 854 3 3
815 0 814 3 3
855 0 815 1 3
816 1 815 2 3
816 2 856 3 3
817 0 816 3 3
857 0 817 1 3
818 1 817 2 3
818 2 858 3 3
819 0 818 3 3
859 0 819 1 3
820 1 819 2 3
820 2 860 3 3
821 0 820 3 3
861 0 821 1 3
822 1 821 2 3
822 2 862 3 3
823 0 822 3 3
863 0 823 1 3
824 1 823 2 3
824 2 864 3 3
825 0 824 3 3
865 0 825 1 3
826 1 825 2 3
826 2 866 3 3
827 0 826 3 3
867 0 827 1 3
828 1 827 2 3
828 2 868 3 3
829 0 828 3 3
869 0 829 1 3
830 1 829 2 3
830 2 870 3 3
831 0 830 3 3
871 0 831 1 3
832 1 831 2 3
832 2 872 3 3
833 0 832 3 3
873 0 833 1 3
834 1 833 2 3
834 2 874 3 3
835 0 834 3 3
875 0 835 1 3
836 1 835 2 3
836 2 876 3 3
837 0 836 3 3
877 0 837 1 3
838 1 837 2 3
838 2 878 3 3
839 0 838 3 3
879 0 839 1 3
880 0 840 1 3
841 1 840 2 3
841 2 881 3 3
842 0 841 3 3
882 0 842 1 3
843 1 842 2 3
843 2 883 3 3
844 0 843 3 3
884 0 844 1 3
845 1 844 2 3
845 2 885 3 3
846 0 845 3 3
886 0 846 1 3
847 1 846 2 3
847 2 887 3 3
848 0 847 3 3
888 0 848 1 3
849 1 848 2 3
849 2 889 3 3
850 0 849 3 3
890 0 850 1 3
851 1 850 2 3
851 2 891 3 3
852 0 851 3 3
892 0 852 1 3
853 1 852 2 3
853 2 893 3 3
854 0 853 3 3
894 0 854 1 3
855 1 854 2 3
855 2 895 3 3
856 0 855 3 3
896 0 856 1 3
857 1 856 2 3
857 2 897 3 3
858 0 857 3 3
898 0 858 1 3
859 1 858 2 3
859 2 899 3 3
860 0 859 3 3
900 0 860 1 3
861 1 860 2 3
861 2 901 3 3
862 0 861 3 3
902 0 862 1 3
863 1 862 2 3
863 2 903 3 3
864 0 863 3 3
904 0 864 1 3
865 1 864 2 3
865 2 905 3 3
866 0 865 3 3
906 0 866 1 3
867 1 866 2 3
867 2 907 3 3
868 0 867 3 3
908 0 868 1 3
869 1 868 2 3
869 2 909 3 3
870 0 869 3 3
910 0 870 1 3
871 1 870 2 3
871 2 911 3 3
872 0 871 3 3
912 0 872 1 3
873 1 872 2 3
873 2 913 3 3
874 0 873 3 3
914 0 874 1 3
875 1 874 2 3
875 2 915 3 3
876 0 875 3 3
916 0 876 1 3
877 1 876 2 3
877 2 917 3 3
878 0 877 3 3
918 0 878 1 3
879 1 878 2 3
879 2 919 3 3
880 2 920 3 3
881 0 880 3 3
921 0 881 1 3
882 1 881 2 3
882 2 922 3 3
883 0 882 3 3
923 0 883 1 3
884 1 883 2 3
884 2 924 3 3
885 0 884 3 3
925 0 885 1 3
886 1 885 2 3
886 2 926 3 3
887 0 886 3 3
927 0 887 1 3
888 1 887 2 3
888 2 928 3 3
889 0 888 3 3
929 0 889 1 3
890 1 889 2 3
890 2 930 3 3
891 0 890 3 3
931 0 891 1 3
892 1 891 2 3
892 2 932 3 3
893 0 892 3 3
933 0 893 1 3
894 1 893 2 3
894 2 934 3 3
895 0 894 3 3
935 0 895 1 3
896 1 895 2 3
896 2 936 3 3
897 0 896 3 3
937 0 897 1 3
898 1 897 2 3
898 2 938 3 3
899 0 898 3 3
939 0 899 1 3
900 1 899 2 3
900 2 940 3 3
901 0 900 3 3
941 0 901 1 3
902 1 901 2 3
902 2 942 3 3
903 0 902 3 3
943 0 903 1 3
904 1 903 2 3
904 2 944 3 3
905 0 904 3 3
945 0 905 1 3
906 1 905 2 3
906 2 946 3 3
907 0 906 3 3
947 0 907 1 3
908 1 907 2 3
908 2 948 3 3
909 0 908 3 3
949 0 909 1 3
910 1 909 2 3
910 2 950 3 3
911 0 910 3 3
951 0 911 1 3
912 1 911 2 3
912 2 952 3 3
913 0 912 3 3
953 0 913 1 3
914 1 913 2 3
914 2 954 3 3
915 0 914 3 3
955 0 915 1 3
916 1 915 2 3
916 2 956 3 3
917 0 916 3 3
957 0 917 1 3
918 1 917 2 3
918 2 958 3 3
919 0 918 3 3
959 0 919 1 3
960 0 920 1 3
921 1 920 2 3
921 2 961 3 3
922 0 921 3 3
962 0 922 1 3
923 1 922 2 3
923 2 963 3 3
924 0 923 3 3
964 0 924 1 3
925 1 924 2 3
925 2 965 3 3
926 0 925 3 3
966 0 926 1 3
927 1 926 2 3
927 2 967 3 3
928 0 927 3 3
968 0 928 1 3
929 1 928 2 3
929 2 969 3 3
930 0 929 3 3
970 0 930 1 3
931 1 930 2 3
931 2 971 3 3
932 0 931 3 3
972 0 932 1 3
933 1 932 2 3
933 2 973 3 3
934 0 933 3 3
974 0 934 1 3
935 1 934 2 3
935 2 975 3 3
936 0 935 3 3
976 0 936 1 3
937 1 936 2 3
937 2 977 3 3
938 0 937 3 3
978 0 938 1 3
939 1 938 2 3
939 2 979 3 3
940 0 939 3 3
980 0 940 1 3
941 1 940 2 3
941 2 981 3 3
942 0 941 3 3
982 0 942 1 3
943 1 942 2 3
943 2 983 3 3
944 0 943 3 3
984 0 944 1 3
945 1 944 2 3
945 2 985 3 3
946 0 945 3 3
986 0 946 1 3
947 1 946 2 3
947 2 987 3 3
948 0 947 3 3
988 0 948 1 3
949 1 948 2 3
949 2 989 3 3
950 0 949 3 3
990 0 950 1 3
951 1 950 2 3
951 2 991 3 3
952 0 951 3 3
992 0 952 1 3
953 1 952 2 3
953 2 993 3 3
954 0 953 3 3
994 0 954 1 3
955 1 954 2 3
955 2 995 3 3
956 0 955 3 3
996 0 956 1 3
957 1 956 2 3
957 2 997 3 3
958 0 957 3 3
998 0 958 1 3
959 1 958 2 3
959 2 999 3 3
960 2 1000 3 3
961 0 960 3 3
1001 0 961 1 3
962 1 961 2 3
962 2 1002 3 3
963 0 962 3 3
1003 0 963 1 3
964 1 963 2 3
964 2 1004 3 3
965 0 964 3 3
1005 0 965 1 3
966 1 965 2 3
966 2 1006 3 3
967 0 966 3 3
1007 0 967 1 3
968 1 967 2 3
968 2 1008 3 3
969 0 968 3 3
1009 0 969 1 3
970 1 969 2 3
970 2 1010 3 3
971 0 970 3 3
1011 0 971 1 3
972 1 971 2 3
972 2 1012 3 3
973 0 972 3 3
1013 0 973 1 3
974 1 973 2 3
974 2 1014 3 3
975 0 974 3 3
1015 0 975 1 3
976 1 975 2 3
976 2 1016 3 3
977 0 976 3 3
1017 0 977 1 3
978 1 977 2 3
978 2 1018 3 3
979 0 978 3 3
1019 0 979 1 3
980 1 979 2 3
980 2 1020 3 3
981 0 980 3 3
1021 0 981 1 3
982 1 981 2 3
982 2 1022 3 3
983 0 982 3 3
1023 0 983 1 3
984 1 983 2 3
984 2 1024 3 3
985 0 984 3 3
1025 0 985 1 3
986 1 985 2 3
986 2 1026 3 3
987 0 986 3 3
1027 0 987 1 3
988 1 987 2 3
988 2 1028 3 3
989 0 988 3 3
1029 0 989 1 3
990 1 989 2 3
990 2 1030 3 3
991 0 990 3 3
1031 0 991 1 3
992 1 991 2 3
992 2 1032 3 3
993 0 992 3 3
1033 0 993 1 3
994 1 993 2 3
994 2 1034 3 3
995 0 994 3 3
1035 0 995 1 3
996 1 995 2 3
996 2 1036 3 3
997 0 996 3 3
1037 0 997 1 3
998 1 997 2 3
998 2 1038 3 3
999 0 998 3 3
1039 0 999 1 3
1040 0 1000 1 3
1001 1 1000 2 3
1001 2 1041 3 3
1002 0 1001 3 3
1042 0 1002 1 3
1003 1 1002 2 3
1003 2 1043 3 3
1004 0 1003 3 3
1044 0 1004 1 3
1005 1 1004 2 3
1005 2 1045 3 3
1006 0 1005 3 3
1046 0 1006 1 3
1007 1 1006 2 3
1007 2 1047 3 3
1008 0 1007 3 3
1048 0 1008 1 3
1009 1 1008 2 3
1009 2 1049 3 3
1010 0 1009 3 3
1050 0 1010 1 3
1011 1 1010 2 3
1011 2 1051 3 3
1012 0 1011 3 3
1052 0 1012 1 3
1013 1 1012 2 3
1013 2 1053 3 3
1014 0 1013 3 3
1054 0 1014 1 3
1015 1 1014 2 3
1015 2 1055 3 3
1016 0 1015 3 3
1056 0 1016 1 3
1017 1 1016 2 3
1017 2 1057 3 3
1018 0 1017 3 3
1058 0 1018 1 3
1019 1 1018 2 3
1019 2 1059 3 3
1020 0 1019 3 3
1060 0 1020 1 3
1021 1 1020 2 3
1021 2 1061 3 3
1022 0 1021 3 3
1062 0 1022 1 3
1023 1 1022 2 3
1023 2 1063 3 3
1024 0 1023 3 3
1064 0 1024 1 3
1025 1 1024 2 3
1025 2 1065 3 3
1026 0 1025 3 3
1066 0 1026 1 3
1027 1 1026 2 3
1027 2 1067 3 3
1028 0 1027 3 3
1068 0 1028 1 3
1029 1 1028 2 3
1029 2 1069 3 3
1030 0 1029 3 3
1070 0 1030 1 3
1031 1 1030 2 3
1031 2 1071 3 3
1032 0 1031 3 3
1072 0 1032 1 3
1033 1 1032 2 3
1033 2 1073 3 3
1034 0 1033 3 3
1074 0 1034 1 3
1035 1 1034 2 3
1035 2 1075 3 3
1036 0 1035 3 3
1076 0 1036 1 3
1037 1 1036 2 3
1037 2 1077 3 3
1038 0 1037 3 3
1078 0 1038 1 3
1039 1 1038 2 3
1039 2 1079 3 3
1040 2 1080 3 3
1041 0 1040 3 3
1081 0 1041 1 3
1042 1 1041 2 3
1042 2 1082 3 3
1043 0 1042 3 3
1083 0 1043 1 3
1044 1 1043 2 3
1044 2 1084 3 3
1045 0 1044 3 3
1085 0 1045 1 3
1046 1 1045 2 3
1046 2 1086 3 3
1047 0 1046 3 3
1087 0 1047 1 3
1048 1 1047 2 3
1048 2 1088 3 3
1049 0 1048 3 3
1089 0 1049 1 3
1050 1 1049 2 3
1050 2 1090 3 3
1051 0 1050 3 3
1091 0 1051 1 3
1052 1 1051 2 3
1052 2 1092 3 3
1053 0 1052 3 3
1093 0 1053 1 3
1054 1 1053 2 3
1054 2 1094 3 3
1055 0 1054 3 3
1095 0 1055 1 3
1056 1 1055 2 3
1056 2 1096 3 3
1057 0 1056 3 3
1097 0 1057 1 3
1058 1 1057 2 3
1058 2 1098 3 3
1059 0 1058 3 3
1099 0 1059 1 3
1060 1 1059 2 3
1060 2 1100 3 3
1061 0 1060 3 3
1101 0 1061 1 3
1062 1 1061 2 3
1062 2 1102 3 3
1063 0 1062 3 3
1103 0 1063 1 3
1064 1 1063 2 3
1064 2 1104 3 3
1065 0 1064 3 3
1105 0 1065 1 3
1066 1 1065 2 3
1066 2 1106 3 3
1067 0 1066 3 3
1107 0 1067 1 3
1068 1 1067 2 3
1068 2 1108 3 3
1069 0 1068 3 3
1109 0 1069 1 3
1070 1 1069 2 3
1070 2 1110 3 3
1071 0 1070 3 3
1111 0 1071 1 3
1072 1 1071 2 3
1072 2 1112 3 3
1073 0 1072 3 3
1113 0 1073 1 3
1074 1 1073 2 3
1074 2 1114 3 3
1075 0 1074 3 3
1115 0 1075 1 3
1076 1 1075 2 3
1076 2 1116 3 3
1077 0 1076 3 3
1117 0 1077 1 3
1078 1 1077 2 3
1078 2 1118 3 3
1079 0 1078 3 3
1119 0 1079 1 3
1120 0 1080 1 3
1081 1 1080 2 3
1081 2 1121 3 3
1082 0 1081 3 3
1122 0 1082 1 3
1083 1 1082 2 3
1083 2 1123 3 3
1084 0 1083 3 3
1124 0 1084 1 3
1085 1 1084 2 3
1085 2 1125 3 3
1086 0 1085 3 3
1126 0 1086 1 3
1087 1 1086 2 3
1087 2 1127 3 3
1088 0 1087 3 3
1128 0 1088 1 3
1089 1 1088 2 3
1089 2 1129 3 3
1090 0 1089 3 3
1130 0 1090 1 3
1091 1 1090 2 3
1091 2 1131 3 3
1092 0 1091 3 3
1132 0 1092 1 3
1093 1 1092 2 3
1093 2 1133 3 3
1094 0 1093 3 3
1134 0 1094 1 3
1095 1 1094 2 3
1095 2 1135 3 3
1096 0 1095 3 3
1136 0 1096 1 3
1097 1 1096 2 3
1097 2 1137 3 3
1098 0 1097 3 3
1138 0 1098 1 3
1099 1 1098 2 3
1099 2 1139 3 3
1100 0 1099 3 3
1140 0 1100 1 3
1101 1 1100 2 3
1101 2 1141 3 3
1102 0 1101 3 3
1142 0 1102 1 3
1103 1 1102 2 3
1103 2 1143 3 3
1104 0 1103 3 3
1144 0 1104 1 3
1105 1 1104 2 3
1105 2 1145 3 3
1106 0 1105 3 3
1146 0 1106 1 3
1107 1 1106 2 3
1107 2 1147 3 3
1108 0 1107 3 3
1148 0 1108 1 3
1109 1 1108 2 3
1109 2 1149 3 3
1110 0 1109 3 3
1150 0 1110 1 3
1111 1 1110 2 3
1111 2 1151 3 3
1112 0 1111 3 3
1152 0 1112 1 3
1113 1 1112 2 3
1113 2 1153 3 3
1114 0 1113 3 3
1154 0 1114 1 3
1115 1 1114 2 3
1115 2 1155 3 3
1116 0 1115 3 3
1156 0 1116 1 3
1117 1 1116 2 3
1117 2 1157 3 3
1118 0 1117 3 3
1158 0 1118 1 3
1119 1 1118 2 3
1119 2 1159 3 3
1120 2 1160 3 3
1121 0 1120 3 3
1161 0 1121 1 3
1122 1 1121 2 3
1122 2 1162 3 3
1123 0 1122 3 3
1163 0 1123 1 3
1124 1 1123 2 3
1124 2 1164 3 3
1125 0 1124 3 3
1165 0 1125 1 3
1126 1 1125 2 3
1126 2 1166 3 3
1127 0 1126 3 3
1167 0 1127 1 3
1128 1 1127 2 3
1128 2 1168 3 3
1129 0 1128 3 3
1169 0 1129 1 3
1130 1 1129 2 3
1130 2 1170 3 3
1131 0 1130 3 3
1171 0 1131 1 3
1132 1 1131 2 3
1132 2 1172 3 3
1133 0 1132 3 3
1173 0 1133 1 3
1134 1 1133 2 3
1134 2 1174 3 3
1135 0 1134 3 3
1175 0 1135 1 3
1136 1 1135 2 3
1136 2 1176 3 3
1137 0 1136 3 3
1177 0 1137 1 3
1138 1 1137 2 3
1138 2 1178 3 3
1139 0 1138 3 3
1179 0 1139 1 3
1140 1 1139 2 3
1140 2 1180 3 3
1141 0 1140 3 3
1181 0 1141 1 3
1142 1 1141 2 3
1142 2 1182 3 3
1143 0 1142 3 3
1183 0 1143 1 3
1144 1 1143 2 3
1144 2 1184 3 3
1145 0 1144 3 3
1185 0 1145 1 3
1146 1 1145 2 3
1146 2 1186 3 3
1147 0 1146 3 3
1187 0 1147 1 3
1148 1 1147 2 3
1148 2 1188 3 3
1149 0 1148 3 3
1189 0 1149 1 3
1150 1 1149 2 3
1150 2 1190 3 3
1151 0 1150 3 3
1191 0 1151 1 3
1152 1 1151 2 3
1152 2 1192 3 3
1153 0 1152 3 3
1193 0 1153 1 3
1154 1 1153 2 3
1154 2 1194 3 3
1155 0 1154 3 3
1195 0 1155 1 3
1156 1 1155 2 3
1156 2 1196 3 3
1157 0 1156 3 3
1197 0 1157 1 3
1158 1 1157 2 3
1158 2 1198 3 3
1159 0 1158 3 3
1199 0 1159 1 3
1200 0 1160 1 3
1161 1 1160 2 3
1161 2 1201 3 3
1162 0 1161 3 3
1202 0 1162 1 3
1163 1 1162 2 3
1163 2 1203 3 3
1164 0 1163 3 3
1204 0 1164 1 3
1165 1 1164 2 3
1165 2 1205 3 3
1166 0 1165 3 3
1206 0 1166 1 3
1167 1 1166 2 3
1167 2 1207 3 3
1168 0 1167 3 3
1208 0 1168 1 3
1169 1 1168 2 3
1169 2 1209 3 3
1170 0 1169 3 3
1210 0 1170 1 3
1171 1 1170 2 3
1171 2 1211 3 3
1172 0 1171 3 3
1212 0 1172 1 3
1173 1 1172 2 3
1173 2 1213 3 3
1174 0 1173 3 3
1214 0 1174 1 3
1175 1 1174 2 3
1175 2 1215 3 3
1176 0 1175 3 3
1216 0 1176 1 3
1177 1 1176 2 3
1177 2 1217 3 3
1178 0 1177 3 3
1218 0 1178 1 3
1179 1 1178 2 3
1179 2 1219 3 3
1180 0 1179 3 3
1220 0 1180 1 3
1181 1 1180 2 3
1181 2 1221 3 3
1182 0 1181 3 3
1222 0 1182 1 3
1183 1 1182 2 3
1183 2 1223 3 3
1184 0 1183 3 3
1224 0 1184 1 3
1185 1 1184 2 3
1185 2 1225 3 3
1186 0 1185 3 3
1226 0 1186 1 3
1187 1 1186 2 3
1187 2 1227 3 3
1188 0 1187 3 3
1228 0 1188 1 3
1189 1 1188 2 3
1189 2 1229 3 3
1190 0 1189 3 3
1230 0 1190 1 3
1191 1 1190 2 3
1191 2 1231 3 3
1192 0 1191 3 3
1232 0 1192 1 3
1193 1 1192 2 3
1193 2 1233 3 3
1194 0 1193 3 3
1234 0 1194 1 3
1195 1 1194 2 3
1195 2 1235 3 3
1196 0 1195 3 3
1236 0 1196 1 3
1197 1 1196 2 3
1197 2 1237 3 3
1198 0 1197 3 3
1238 0 1198 1 3
1199 1 1198 2 3
1199 2 1239 3 3
1200 2 1240 3 3
1201 0 1200 3 3
1241 0 1201 1 3
1202 1 1201 2 3
1202 2 1242 3 3
1203 0 1202 3 3
1243 0 1203 1 3
1204 1 1203 2 3
1204 2 1244 3 3
1205 0 1204 3 3
1245 0 1205 1 3
1206 1 1205 2 3
1206 2 1246 3 3
1207 0 1206 3 3
1247 0 1207 1 3
1208 1 1207 2 3
1208 2 1248 3 3
1209 0 1208 3 3
1249 0 1209 1 3
1210 1 1209 2 3
1210 2 1250 3 3
1211 0 1210 3 3
1251 0 1211 1 3
1212 1 1211 2 3
1212 2 1252 3 3
1213 0 1212 3 3
1253 0 1213 1 3
1214 1 1213 2 3
1214 2 1254 3 3
1215 0 1214 3 3
1255 0 1215 1 3
1216 1 1215 2 3
1216 2 1256 3 3
1217 0 1216 3 3
1257 0 1217 1 3
1218 1 1217 2 3
1218 2 1258 3 3
1219 0 1218 3 3
1259 0 1219 1 3
1220 1 1219 2 3
1220 2 1260 3 3
1221 0 1220 3 3
1261 0 1221 1 3
1222 1 1221 2 3
1222 2 1262 3 3
1223 0 1222 3 3
1263 0 1223 1 3
1224 1 1223 2 3
1224 2 1264 3 3
1225 0 1224 3 3
1265 0 1225 1 3
1226 1 1225 2 3
1226 2 1266 3 3
1227 0 1226 3 3
1267 0 1227 1 3
1228 1 1227 2 3
1228 2 1268 3 3
1229 0 1228 3 3
1269 0 1229 1 3
1230 1 1229 2 3
1230 2 1270 3 3
1231 0 1230 3 3
1271 0 1231 1 3
1232 1 1231 2 3
1232 2 1272 3 3
1233 0 1232 3 3
1273 0 1233 1 3
1234 1 1233 2 3
1234 2 1274 3 3
1235 0 1234 3 3
1275 0 1235 1 3
1236 1 1235 2 3
1236 2 1276 3 3
1237 0 1236 3 3
1277 0 1237 1 3
1238 1 1237 2 3
1238 2 1278 3 3
1239 0 1238 3 3
1279 0 1239 1 3
1280 0 1240 1 3
1241 1 1240 2 3
1241 2 1281 3 3
1242 0 1241 3 3
1282 0 1242 1 3
1243 1 1242 2 3
1243 2 1283 3 3
1244 0 1243 3 3
1284 0 1244 1 3
1245 1 1244 2 3
1245 2 1285 3 3
1246 0 1245 3 3
1286 0 1246 1 3
1247 1 1246 2 3
1247 2 1287 3 3
1248 0 1247 3 3
1288 0 1248 1 3
1249 1 1248 2 3
1249 2 1289 3 3
1250 0 1249 3 3
1290 0 1250 1 3
1251 1 1250 2 3
1251 2 1291 3 3
1252 0 1251 3 3
1292 0 1252 1 3
1253 1 1252 2 3
1253 2 1293 3 3
1254 0 1253 3 3
1294 0 1254 1 3
1255 1 1254 2 3
1255 2 1295 3 3
1256 0 1255 3 3
1296 0 1256 1 3
1257 1 1256 2 3
1257 2 1297 3 3
1258 0 1257 3 3
1298 0 1258 1 3
1259 1 1258 2 3
1259 2 1299 3 3
1260 0 1259 3 3
1300 0 1260 1 3
1261 1 1260 2 3
1261 2 1301 3 3
1262 0 1261 3 3
1302 0 1262 1 3
1263 1 1262 2 3
1263 2 1303 3 3
1264 0 1263 3 3
1304 0 1264 1 3
1265 1 1264 2 3
1265 2 1305 3 3
1266 0 1265 3 3
1306 0 1266 1 3
1267 1 1266 2 3
1267 2 1307 3 3
1268 0 1267 3 3
1308 0 1268 1 3
1269 1 1268 2 3
1269 2 1309 3 3
1270 0 1269 3 3
1310 0 1270 1 3
1271 1 1270 2 3
1271 2 1311 3 3
1272 0 1271 3 3
1312 0 1272 1 3
1273 1 1272 2 3
1273 2 1313 3 3
1274 0 1273 3 3
1314 0 1274 1 3
1275 1 1274 2 3
1275 2 1315 3 3
1276 0 1275 3 3
1316 0 1276 1 3
1277 1 1276 2 3
1277 2 1317 3 3
1278 0 1277 3 3
1318 0 1278 1 3
1279 1 1278 2 3
1279 2 1319 3 3
1280 2 1320 3 3
1281 0 1280 3 3
1321 0 1281 1 3
1282 1 1281 2 3
1282 2 1322 3 3
1283 0 1282 3 3
1323 0 1283 1 3
1284 1 1283 2 3
1284 2 1324 3 3
1285 0 1284 3 3
1325 0 1285 1 3
1286 1 1285 2 3
1286 2 1326 3 3
1287 0 1286 3 3
1327 0 1287 1 3
1288 1 1287 2 3
1288 2 1328 3 3
1289 0 1288 3 3
1329 0 1289 1 3
1290 1 1289 2 3
1290 2 1330 3 3
1291 0 1290 3 3
1331 0 1291 1 3
1292 1 1291 2 3
1292 2 1332 3 3
1293 0 1292 3 3
1333 0 1293 1 3
1294 1 1293 2 3
1294 2 1334 3 3
1295 0 1294 3 3
1335 0 1295 1 3
1296 1 1295 2 3
1296 2 1336 3 3
1297 0 1296 3 3
1337 0 1297 1 3
1298 1 1297 2 3
1298 2 1338 3 3
1299 0 1298 3 3
1339 0 1299 1 3
1300 1 1299 2 3
1300 2 1340 3 3
1301 0 1300 3 3
1341 0 1301 1 3
1302 1 1301 2 3
1302 2 1342 3 3
1303 0 1302 3 3
1343 0 1303 1 3
1304 1 1303 2 3
1304 2 1344 3 3
1305 0 1304 3 3
1345 0 1305 1 3
1306 1 1305 2 3
1306 2 1346 3 3
1307 0 1306 3 3
1347 0 1307 1 3
1308 1 1307 2 3
1308 2 1348 3 3
1309 0 1308 3 3
1349 0 1309 1 3
1310 1 1309 2 3
1310 2 1350 3 3
1311 0 1310 3 3
1351 0 1311 1 3
1312 1 1311 2 3
1312 2 1352 3 3
1313 0 1312 3 3
1353 0 1313 1 3
1314 1 1313 2 3
1314 2 1354 3 3
1315 0 1314 3 3
1355 0 1315 1 3
1316 1 1315 2 3
1316 2 1356 3 3
1317 0 1316 3 3
1357 0 1317 1 3
1318 1 1317 2 3
1318 2 1358 3 3
1319 0 1318 3 3
1359 0 1319 1 3
1360 0 1320 1 3
1321 1 1320 2 3
1321 2 1361 3 3
1322 0 1321 3 3
1362 0 1322 1 3
1323 1 1322 2 3
1323 2 1363 3 3
1324 0 1323 3 3
1364 0 1324 1 3
1325 1 1324 2 3
1325 2 1365 3 3
1326 0 1325 3 3
1366 0 1326 1 3
1327 1 1326 2 3
1327 2 1367 3 3
1328 0 1327 3 3
1368 0 1328 1 3
1329 1 1328 2 3
1329 2 1369 3 3
1330 0 1329 3 3
1370 0 1330 1 3
1331 1 1330 2 3
1331 2 1371 3 3
1332 0 1331 3 3
1372 0 1332 1 3
1333 1 1332 2 3
1333 2 1373 3 3
1334 0 1333 3 3
1374 0 1334 1 3
1335 1 1334 2 3
1335 2 1375 3 3
1336 0 1335 3 3
1376 0 1336 1 3
1337 1 1336 2 3
1337 2 1377 3 3
1338 0 1337 3 3
1378 0 1338 1 3
1339 1 1338 2 3
1339 2 1379 3 3
1340 0 1339 3 3
1380 0 1340 1 3
1341 1 1340 2 3
1341 2 1381 3 3
1342 0 1341 3 3
1382 0 1342 1 3
1343 1 1342 2 3
1343 2 1383 3 3
1344 0 1343 3 3
1384 0 1344 1 3
1345 1 1344 2 3
1345 2 1385 3 3
1346 0 1345 3 3
1386 0 1346 1 3
1347 1 1346 2 3
1347 2 1387 3 3
1348 0 1347 3 3
1388 0 1348 1 3
1349 1 1348 2 3
1349 2 1389 3 3
1350 0 1349 3 3
1390 0 1350 1 3
1351 1 1350 2 3
1351 2 1391 3 3
1352 0 1351 3 3
1392 0 1352 1 3
1353 1 1352 2 3
1353 2 1393 3 3
1354 0 1353 3 3
1394 0 1354 1 3
1355 1 1354 2 3
1355 2 1395 3 3
1356 0 1355 3 3
1396 0 1356 1 3
1357 1 1356 2 3
1357 2 1397 3 3
1358 0 1357 3 3
1398 0 1358 1 3
1359 1 1358 2 3
1359 2 1399 3 3
1360 2 1400 3 3
1361 0 1360 3 3
1401 0 1361 1 3
1362 1 1361 2 3
1362 2 1402 3 3
1363 0 1362 3 3
1403 0 1363 1 3
1364 1 1363 2 3
1364 2 1404 3 3
1365 0 1364 3 3
1405 0 1365 1 3
1366 1 1365 2 3
1366 2 1406 3 3
1367 0 1366 3 3
1407 0 1367 1 3
1368 1 1367 2 3
1368 2 1408 3 3
1369 0 1368 3 3
1409 0 1369 1 3
1370 1 1369 2 3
1370 2 1410 3 3
1371 0 1370 3 3
1411 0 1371 1 3
1372 1 1371 2 3
1372 2 1412 3 3
1373 0 1372 3 3
1413 0 1373 1 3
1374 1 1373 2 3
1374 2 1414 3 3
1375 0 1374 3 3
1415 0 1375 1 3
1376 1 1375 2 3
1376 2 1416 3 3
1377 0 1376 3 3
1417 0 1377 1 3
1378 1 1377 2 3
1378 2 1418 3 3
1379 0 1378 3 3
1419 0 1379 1 3
1380 1 1379 2 3
1380 2 1420 3 3
1381 0 1380 3 3
1421 0 1381 1 3
1382 1 1381 2 3
1382 2 1422 3 3
1383 0 1382 3 3
1423 0 1383 1 3
1384 1 1383 2 3
1384 2 1424 3 3
1385 0 1384 3 3
1425 0 1385 1 3
1386 1 1385 2 3
1386 2 1426 3 3
1387 0 1386 3 3
1427 0 1387 1 3
1388 1 1387 2 3
1388 2 1428 3 3
1389 0 1388 3 3
1429 0 1389 1 3
1390 1 1389 2 3
1390 2 1430 3 3
1391 0 1390 3 3
1431 0 1391 1 3
1392 1 1391 2 3
1392 2 1432 3 3
1393 0 1392 3 3
1433 0 1393 1 3
1394 1 1393 2 3
1394 2 1434 3 3
1395 0 1394 3 3
1435 0 1395 1 3
1396 1 1395 2 3
1396 2 1436 3 3
1397 0 1396 3 3
1437 0 1397 1 3
1398 1 1397 2 3
1398 2 1438 3 3
1399 0 1398 3 3
1439 0 1399 1 3
1440 0 1400 1 3
1401 1 1400 2 3
1401 2 1441 3 3
1402 0 1401 3 3
1442 0 1402 1 3
1403 1 1402 2 3
1403 2 1443 3 3
1404 0 1403 3 3
1444 0 1404 1 3
1405 1 1404 2 3
1405 2 1445 3 3
1406 0 1405 3 3
1446 0 1406 1 3
1407 1 1406 2 3
1407 2 1447 3 3
1408 0 1407 3 3
1448 0 1408 1 3
1409 1 1408 2 3
1409 2 1449 3 3
1410 0 1409 3 3
1450 0 1410 1 3
1411 1 1410 2 3
1411 2 1451 3 3
1412 0 1411 3 3
1452 0 1412 1 3
1413 1 1412 2 3
1413 2 1453 3 3
1414 0 1413 3 3
1454 0 1414 1 3
1415 1 1414 2 3
1415 2 1455 3 3
1416 0 1415 3 3
1456 0 1416 1 3
1417 1 1416 2 3
1417 2 1457 3 3
1418 0 1417 3 3
1458 0 1418 1 3
1419 1 1418 2 3
1419 2 1459 3 3
1420 0 1419 3 3
1460 0 1420 1 3
1421 1 1420 2 3
1421 2 1461 3 3
1422 0 1421 3 3
1462 0 1422 1 3
1423 1 1422 2 3
1423 2 1463 3 3
1424 0 1423 3 3
1464 0 1424 1 3
1425 1 1424 2 3
1425 2 1465 3 3
1426 0 1425 3 3
1466 0 1426 1 3
1427 1 1426 2 3
1427 2 1467 3 3
1428 0 1427 3 3
1468 0 1428 1 3
1429 1 1428 2 3
1429 2 1469 3 3
1430 0 1429 3 3
1470 0 1430 1 3
1431 1 1430 2 3
1431 2 1471 3 3
1432 0 1431 3 3
1472 0 1432 1 3
1433 1 1432 2 3
1433 2 1473 3 3
1434 0 1433 3 3
1474 0 1434 1 3
1435 1 1434 2 3
1435 2 1475 3 3
1436 0 1435 3 3
1476 0 1436 1 3
1437 1 1436 2 3
1437 2 1477 3 3
1438 0 1437 3 3
1478 0 1438 1 3
1439 1 1438 2 3
1439 2 1479 3 3
1440 2 1480 3 3
1441 0 1440 3 3
1481 0 1441 1 3
1442 1 1441 2 3
1442 2 1482 3 3
1443 0 1442 3 3
1483 0 1443 1 3
1444 1 1443 2 3
1444 2 1484 3 3
1445 0 1444 3 3
1485 0 1445 1 3
1446 1 1445 2 3
1446 2 1486 3 3
1447 0 1446 3 3
1487 0 1447 1 3
1448 1 1447 2 3
1448 2 1488 3 3
1449 0 1448 3 3
1489 0 1449 1 3
1450 1 1449 2 3
1450 2 1490 3 3
1451 0 1450 3 3
1491 0 1451 1 3
1452 1 1451 2 3
1452 2 1492 3 3
1453 0 1452 3 3
1493 0 1453 1 3
1454 1 1453 2 3
1454 2 1494 3 3
1455 0 1454 3 3
1495 0 1455 1 3
1456 1 1455 2 3
1456 2 1496 3 3
1457 0 1456 3 3
1497 0 1457 1 3
1458 1 1457 2 3
1458 2 1498 3 3
1459 0 1458 3 3
1499 0 1459 1 3
1460 1 1459 2 3
1460 2 1500 3 3
1461 0 1460 3 3
1501 0 1461 1 3
1462 1 1461 2 3
1462 2 1502 3 3
1463 0 1462 3 3
1503 0 1463 1 3
1464 1 1463 2 3
1464 2 1504 3 3
1465 0 1464 3 3
1505 0 1465 1 3
1466 1 1465 2 3
1466 2 1506 3 3
1467 0 1466 3 3
1507 0 1467 1 3
1468 1 1467 2 3
1468 2 1508 3 3
1469 0 1468 3 3
1509 0 1469 1 3
1470 1 1469 2 3
1470 2 1510 3 3
1471 0 1470 3 3
1511 0 1471 1 3
1472 1 1471 2 3
1472 2 1512 3 3
1473 0 1472 3 3
1513 0 1473 1 3
1474 1 1473 2 3
1474 2 1514 3 3
1475 0 1474 3 3
1515 0 1475 1 3
1476 1 1475 2 3
1476 2 1516 3 3
1477 0 1476 3 3
1517 0 1477 1 3
1478 1 1477 2 3
1478 2 1518 3 3
1479 0 1478 3 3
1519 0 1479 1 3
1520 0 1480 1 3
1481 1 1480 2 3
1481 2 1521 3 3
1482 0 1481 3 3
1522 0 1482 1 3
1483 1 1482 2 3
1483 2 1523 3 3
1484 0 1483 3 3
1524 0 1484 1 3
1485 1 1484 2 3
1485 2 1525 3 3
1486 0 1485 3 3
1526 0 1486 1 3
1487 1 1486 2 3
1487 2 1527 3 3
1488 0 1487 3 3
1528 0 1488 1 3
1489 1 1488 2 3
1489 2 1529 3 3
1490 0 1489 3 3
1530 0 1490 1 3
1491 1 1490 2 3
1491 2 1531 3 3
1492 0 1491 3 3
1532 0 1492 1 3
1493 1 1492 2 3
1493 2 1533 3 3
1494 0 1493 3 3
1534 0 1494 1 3
1495 1 1494 2 3
1495 2 1535 3 3
1496 0 1495 3 3
1536 0 1496 1 3
1497 1 1496 2 3
1497 2 1537 3 3
1498 0 1497 3 3
1538 0 1498 1 3
1499 1 1498 2 3
1499 2 1539 3 3
1500 0 1499 3 3
1540 0 1500 1 3
1501 1 1500 2 3
1501 2 1541 3 3
1502 0 1501 3 3
1542 0 1502 1 3
1503 1 1502 2 3
1503 2 1543 3 3
1504 0 1503 3 3
1544 0 1504 1 3
1505 1 1504 2 3
1505 2 1545 3 3
1506 0 1505 3 3
1546 0 1506 1 3
1507 1 1506 2 3
1507 2 1547 3 3
1508 0 1507 3 3
1548 0 1508 1 3
1509 1 1508 2 3
1509 2 1549 3 3
1510 0 1509 3 3
1550 0 1510 1 3
1511 1 1510 2 3
1511 2 1551 3 3
1512 0 1511 3 3
1552 0 1512 1 3
1513 1 1512 2 3
1513 2 1553 3 3
1514 0 1513 3 3
1554 0 1514 1 3
1515 1 1514 2 3
1515 2 1555 3 3
1516 0 1515 3 3
1556 0 1516 1 3
1517 1 1516 2 3
1517 2 1557 3 3
1518 0 1517 3 3
1558 0 1518 1 3
1519 1 1518 2 3
1519 2 1559 3 3
1520 2 1560 3 3
1521 0 1520 3 3
1561 0 1521 1 3
1522 1 1521 2 3
1522 2 1562 3 3
1523 0 1522 3 3
1563 0 1523 1 3
1524 1 1523 2 3
1524 2 1564 3 3
1525 0 1524 3 3
1565 0 1525 1 3
1526 1 1525 2 3
1526 2 1566 3 3
1527 0 1526 3 3
1567 0 1527 1 3
1528 1 1527 2 3
1528 2 1568 3 3
1529 0 1528 3 3
1569 0 1529 1 3
1530 1 1529 2 3
1530 2 1570 3 3
1531 0 1530 3 3
1571 0 1531 1 3
1532 1 1531 2 3
1532 2 1572 3 3
1533 0 1532 3 3
1573 0 1533 1 3
1534 1 1533 2 3
1534 2 1574 3 3
1535 0 1534 3 3
1575 0 1535 1 3
1536 1 1535 2 3
1536 2 1576 3 3
1537 0 1536 3 3
1577 0 1537 1 3
1538 1 1537 2 3
1538 2 1578 3 3
1539 0 1538 3 3
1579 0 1539 1 3
1540 1 1539 2 3
1540 2 1580 3 3
1541 0 1540 3 3
1581 0 1541 1 3
1542 1 1541 2 3
1542 2 1582 3 3
1543 0 1542 3 3
1583 0 1543 1 3
1544 1 1543 2 3
1544 2 1584 3 3
1545 0 1544 3 3
1585 0 1545 1 3
1546 1 1545 2 3
1546 2 1586 3 3
1547 0 1546 3 3
1587 0 1547 1 3
1548 1 1547 2 3
1548 2 1588 3 3
1549 0 1548 3 3
1589 0 1549 1 3
1550 1 1549 2 3
1550 2 1590 3 3
1551 0 1550 3 3
1591 0 1551 1 3
1552 1 1551 2 3
1552 2 1592 3 3
1553 0 1552 3 3
1593 0 1553 1 3
1554 1 1553 2 3
1554 2 1594 3 3
1555 0 1554 3 3
1595 0 1555 1 3
1556 1 1555 2 3
1556 2 1596 3 3
1557 0 1556 3 3
1597 0 1557 1 3
1558 1 1557 2 3
1558 2 1598 3 3
1559 0 1558 3 3
1599 0 1559 1 3
1561 1 1560 2 3
1562 0 1561 3 3
1563 1 1562 2 3
1564 0 1563 3 3
1565 1 1564 2 3
1566 0 1565 3 3
1567 1 1566 2 3
1568 0 1567 3 3
1569 1 1568 2 3
1570 0 1569 3 3
1571 1 1570 2 3
1572 0 1571 3 3
1573 1 1572 2 3
1574 0 1573 3 3
1575 1 1574 2 3
1576 0 1575 3 3
1577 1 1576 2 3
1578 0 1577 3 3
1579 1 1578 2 3
1580 0 1579 3 3
1581 1 1580 2 3
1582 0 1581 3 3
1583 1 1582 2 3
1584 0 1583 3 3
1585 1 1584 2 3
1586 0 1585 3 3
1587 1 1586 2 3
1588 0 1587 3 3
1589 1 1588 2 3
1590 0 1589 3 3
1591 1 1590 2 3
1592 0 1591 3 3
1593 1 1592 2 3
1594 0 1593 3 3
1595 1 1594 2 3
1596 0 1595 3 3
1597 1 1596 2 3
1598 0 1597 3 3
1599 1 1598 2 3
