0.499976924133707 2.83943134318488 0 -0.500023075866294 2.83943134318488 0 -1.2824278573764 2.45203151040764 0 0.499976924133707 1.83943134318488 0
0.499976924133707 1.83943134318488 0 0.908616059494203 1.69898490517459 0 1.2823373858199 2.45209805329403 0 0.499976924133708 2.83943134318488 0
2.06469784750609 2.06476476340317 0 1.2823373858199 2.45209805329403 0 0.998543614599557 1.88020449142065 0 2.06469784750609 1.06476476340317 0
2.06469784750609 1.06476476340317 0 2.31219016228821 0.875472201761163 0 2.45206010632226 1.28239991038966 0 2.06469784750609 2.06476476340317 0
2.83942236513843 0.50003505737614 0 2.45206010632226 1.28239991038966 0 1.83942236513843 -0.499964942623862 0 2.83942236513838 -0.499964942623852 0
-2.06483263888651 2.0646316776304 0 -1.06483263888651 2.0646316776304 0 -0.873788722015908 2.31158507239735 0 -1.2824278573764 2.45203151040764 0
0.908616059494203 1.69898490517459 0 -0.873788722015908 2.31158507239735 0 -1.69735790057133 1.24699632337456 0 0.624822288273854 1.12709134330122 0
0.624822288273854 1.12709134330122 0 1.21283841705005 1.09672933154069 0 1.24603592938167 1.69091192977865 0 0.998543614599557 1.88020449142065 0
2.31219016228821 0.875472201761163 0 1.24603592938167 1.69091192977865 0 1.11712642046086 -0.616362970310067 0 1.69955242110437 -0.90689265125235 0
1.69955242110437 -0.90689265125235 0 2.45212659999668 -1.28229679845289 0 2.83942236513838 -0.499964942623881 0 1.83942236513843 -0.499964942623862 0
-1.06483263888651 2.0646316776304 0 -2.06483263888651 2.0646316776304 0 -2.45212750201246 1.28229635068743 0 -1.88840181744193 1.00004292860761 0
-1.88840181744193 1.00004292860761 0 -1.13623639877174 0.623439078187865 0 -1.10934177179513 1.21663431161405 0 -1.69735790057133 1.24699632337456 0
1.21283841705005 1.09672933154069 0 -1.10934177179513 1.21663431161405 0 -1.21421375097665 -1.09645068579185 0 1.08392890812927 -1.210545568548 0
1.08392890812927 -1.210545568548 0 1.68324931214052 -1.24029976633784 0 1.86970059935319 -0.991767117510592 0 1.11712642046086 -0.616362970310067 0
2.45212659999668 -1.28229679845289 0 1.86970059935319 -0.991767117510592 0 1.06483083485517 -2.0646286542818 0 2.06483083485498 -2.06462865428191 0
-2.83942236513843 0.499961023744456 0 -1.83942236513843 0.499961023744448 0 -1.69996208334227 0.905692500267686 0 -2.45212750201246 1.28229635068743 0
-1.13623639877174 0.623439078187865 0 -1.69996208334227 0.905692500267686 0 -2.31260387228078 -0.87666484480914 0 -1.2411083779532 -1.68964591921804 0
-1.2411083779532 -1.68964591921804 0 -0.99321044868785 -1.87773474081809 0 -0.614893346965359 -1.12620488358195 0 -1.21421375097665 -1.09645068579185 0
1.68324931214052 -1.24029976633784 0 -0.614893346965359 -1.12620488358195 0 -0.904022730885521 -1.70056264756083 0 0.878379547642406 -2.31316130310925 0
0.878379547642406 -2.31316130310925 0 1.28242855632717 -2.45202999873325 0 2.0648308348552 -2.06462865428228 0 1.06483083485517 -2.0646286542818 0
-1.83942236513843 0.499961023744448 0 -2.83942236513843 0.499961023744452 0 -2.83942236513843 -0.500038976255547 0 -2.45206415407689 -1.2823963213324 0
-2.45206415407689 -1.2823963213324 0 -2.06470594301533 -2.06475366640918 0 -2.06470594301553 -1.06475366640931 0 -2.31260387228078 -0.87666484480914 0
-0.99321044868785 -1.87773474081809 0 -2.06470594301553 -1.06475366640931 0 -2.06470594301542 -2.0647536664093 0 -1.28233983260845 -2.45209250479674 0
-1.28233983260845 -2.45209250479674 0 -0.49997372220128 -2.83943134318488 0 -0.499973722200768 -1.83943134318484 0 -0.904022730885521 -1.70056264756083 0
1.28242855632717 -2.45202999873325 0 -0.499973722200768 -1.83943134318484 0 -0.499973722200733 -2.83943134318485 0 0.500026277799353 -2.83943134318472 0
