0 2 10 3 1
1 0 0 3 1
11 0 1 1 1
2 1 1 2 1
2 2 12 3 1
3 0 2 3 1
13 0 3 1 1
4 1 3 2 1
4 2 14 3 1
5 0 4 3 1
15 0 5 1 1
6 1 5 2 1
6 2 16 3 1
7 0 6 3 1
17 0 7 1 1
8 1 7 2 1
8 2 18 3 1
9 0 8 3 1
19 0 9 1 1
20 0 10 1 1
11 1 10 2 1
11 2 21 3 1
12 0 11 3 1
22 0 12 1 1
13 1 12 2 1
13 2 23 3 1
14 0 13 3 1
24 0 14 1 1
15 1 14 2 1
15 2 25 3 1
16 0 15 3 1
26 0 16 1 1
17 1 16 2 1
17 2 27 3 1
18 0 17 3 1
28 0 18 1 1
19 1 18 2 1
19 2 29 3 1
20 2 30 3 1
21 0 20 3 1
31 0 21 1 1
22 1 21 2 1
22 2 32 3 1
23 0 22 3 1
33 0 23 1 1
24 1 23 2 1
24 2 34 3 1
25 0 24 3 1
35 0 25 1 1
26 1 25 2 1
26 2 36 3 1
27 0 26 3 1
37 0 27 1 1
28 1 27 2 1
28 2 38 3 1
29 0 28 3 1
39 0 29 1 1
40 0 30 1 1
31 1 30 2 1
31 2 41 3 1
32 0 31 3 1
42 0 32 1 1
33 1 32 2 1
33 2 43 3 1
34 0 33 3 1
44 0 34 1 1
35 1 34 2 1
35 2 45 3 1
36 0 35 3 1
46 0 36 1 1
37 1 36 2 1
37 2 47 3 1
38 0 37 3 1
48 0 38 1 1
39 1 38 2 1
39 2 49 3 1
40 2 50 3 1
41 0 40 3 1
51 0 41 1 1
42 1 41 2 1
42 2 52 3 1
43 0 42 3 1
53 0 43 1 1
44 1 43 2 1
44 2 54 3 1
45 0 44 3 1
55 0 45 1 1
46 1 45 2 1
46 2 56 3 1
47 0 46 3 1
57 0 47 1 1
48 1 47 2 1
48 2 58 3 1
49 0 48 3 1
59 0 49 1 1
60 0 50 1 1
51 1 50 2 1
51 2 61 3 1
52 0 51 3 1
62 0 52 1 1
53 1 52 2 1
53 2 63 3 1
54 0 53 3 1
64 0 54 1 1
55 1 54 2 1
55 2 65 3 1
56 0 55 3 1
66 0 56 1 1
57 1 56 2 1
57 2 67 3 1
58 0 57 3 1
68 0 58 1 1
59 1 58 2 1
59 2 69 3 1
60 2 70 3 1
61 0 60 3 1
71 0 61 1 1
62 1 61 2 1
62 2 72 3 1
63 0 62 3 1
73 0 63 1 1
64 1 63 2 1
64 2 74 3 1
65 0 64 3 1
75 0 65 1 1
66 1 65 2 1
66 2 76 3 1
67 0 66 3 1
77 0 67 1 1
68 1 67 2 1
68 2 78 3 1
69 0 68 3 1
79 0 69 1 1
80 0 70 1 1
71 1 70 2 1
71 2 81 3 1
72 0 71 3 1
82 0 72 1 1
73 1 72 2 1
73 2 83 3 1
74 0 73 3 1
84 0 74 1 1
75 1 74 2 1
75 2 85 3 1
76 0 75 3 1
86 0 76 1 1
77 1 76 2 1
77 2 87 3 1
78 0 77 3 1
88 0 78 1 1
79 1 78 2 1
79 2 89 3 1
80 2 90 3 1
81 0 80 3 1
91 0 81 1 1
82 1 81 2 1
82 2 92 3 1
83 0 82 3 1
93 0 83 1 1
84 1 83 2 1
84 2 94 3 1
85 0 84 3 1
95 0 85 1 1
86 1 85 2 1
86 2 96 3 1
87 0 86 3 1
97 0 87 1 1
88 1 87 2 1
88 2 98 3 1
89 0 88 3 1
99 0 89 1 1
91 1 90 2 1
92 0 91 3 1
93 1 92 2 1
94 0 93 3 1
95 1 94 2 1
96 0 95 3 1
97 1 96 2 1
98 0 97 3 1
99 1 98 2 1
