-2.60245126369779 -2.61865290064949 0.126268693743571 -2.6044721357218 -2.65547082087989 -0.0204791615821226 -2.45835059583967 -2.60411217246196 -0.475567257211158 -2.23345218650064 -2.24058390799841 0.0283587785038674
-2.23345218650064 -2.24058390799841 0.0283587785038674 -1.99897039816352 -1.84654619559559 0.504200005771901 -2.37580782370003 -2.12027524456078 0.997374040686402 -2.60245126369779 -2.61865290064949 0.126268693743571
-2.16952390843648 -1.54889811869221 1.82777128493593 -2.37580782370003 -2.12027524456078 0.997374040686402 -1.99897039816352 -1.84654619559559 0.504200005771901 -1.69761208770981 -1.31516919807878 0.925475836905179
-1.69761208770981 -1.31516919807878 0.925475836905179 -1.45727301283291 -0.690401348295029 1.24571613601847 -1.68819573855607 -0.777248182402221 1.72967972730178 -2.16952390843648 -1.54889811869221 1.82777128493593
-1.35652569526246 0.0102622326081492 1.40323752059072 -1.68819573855607 -0.777248182402221 1.72967972730178 -1.45727301283291 -0.690401348295029 1.24571613601847 -1.35083297238169 0.0106239190992696 1.39031676906914
-1.35083297238169 0.0106239190992696 1.39031676906914 -1.42427545596733 0.694396564913839 1.16506519545915 -1.63502097195575 0.770620305261704 1.59212457207022 -1.35652569526246 0.0102622326081492 1.40323752059072
-2.05756350967359 1.48613454379351 1.56269699469412 -1.63502097195575 0.770620305261704 1.59212457207022 -1.42427545596733 0.694396564913839 1.16506519545915 -1.67105034130127 1.30500356484428 0.844523355925896
-1.67105034130127 1.30500356484428 0.844523355925896 -1.95527581829156 1.82317438955093 0.411852515443471 -2.3046857181205 2.07103165585246 0.851156835740705 -2.05756350967359 1.48613454379351 1.56269699469412
-2.58104889431084 2.57563216188487 0.0905922582350789 -2.3046857181205 2.07103165585246 0.851156835740705 -1.95527581829156 1.82317438955093 0.411852515443471 -2.21951537585878 2.22221369344141 -0.015729274701313
-2.21951537585878 2.22221369344141 -0.015729274701313 -2.47323029401141 2.58838809357573 -0.477704962720668 -2.62034978865126 2.6373418549142 -0.00369668452450013 -2.58104889431084 2.57563216188487 0.0905922582350789
-2.27218177489818 -2.55601461413574 -0.916161791284967 -1.8199690509377 -1.97475674271609 -0.410758285485186 -2.23345218650064 -2.24058390799841 0.0283587785038674 -2.45835059583967 -2.60411217246196 -0.475567257211158
-1.99897039816352 -1.84654619559559 0.504200005771901 -2.23345218650064 -2.24058390799841 0.0283587785038674 -1.8199690509377 -1.97475674271609 -0.410758285485186 -1.5792555295511 -1.58246463270829 0.0413253167259395
-1.5792555295511 -1.58246463270829 0.0413253167259395 -1.3600494207599 -1.14447983183985 0.461247409471265 -1.69761208770981 -1.31516919807878 0.925475836905179 -1.99897039816352 -1.84654619559559 0.504200005771901
-1.45727301283291 -0.690401348295029 1.24571613601847 -1.69761208770981 -1.31516919807878 0.925475836905179 -1.3600494207599 -1.14447983183985 0.461247409471265 -1.18153524533271 -0.614931126132741 0.783805114818735
-1.18153524533271 -0.614931126132741 0.783805114818735 -1.09673891293088 0.00780813487669476 0.929886166868709 -1.35083297238169 0.0106239190992696 1.39031676906914 -1.45727301283291 -0.690401348295029 1.24571613601847
-1.42427545596733 0.694396564913839 1.16506519545915 -1.35083297238169 0.0106239190992696 1.39031676906914 -1.09673891293088 0.00780813487669476 0.929886166868709 -1.17884478043227 0.623817057096158 0.755936612952407
-1.17884478043227 0.623817057096158 0.755936612952407 -1.35202704338477 1.14090905111659 0.410847409987401 -1.67105034130127 1.30500356484428 0.844523355925896 -1.42427545596733 0.694396564913839 1.16506519545915
-1.95527581829156 1.82317438955093 0.411852515443471 -1.67105034130127 1.30500356484428 0.844523355925896 -1.35202704338477 1.14090905111659 0.410847409987401 -1.57306436828263 1.57805049913996 -0.000868873282736091
-1.57306436828263 1.57805049913996 -0.000868873282736091 -1.8176209732476 1.96415092201192 -0.448727973301528 -2.21951537585878 2.22221369344141 -0.015729274701313 -1.95527581829156 1.82317438955093 0.411852515443471
-2.47323029401141 2.58838809357573 -0.477704962720668 -2.21951537585878 2.22221369344141 -0.015729274701313 -1.8176209732476 1.96415092201192 -0.448727973301528 -2.28682826196041 2.54036380895098 -0.937787178939296
-1.8199690509377 -1.97475674271609 -0.410758285485186 -2.27218177489818 -2.55601461413574 -0.916161791284967 -1.57744326124772 -2.06699500418082 -1.27443096181269 -1.36898565507766 -1.71953608541017 -0.818106523794596
-1.36898565507766 -1.71953608541017 -0.818106523794596 -1.15102785124031 -1.35370546508059 -0.380982991838272 -1.5792555295511 -1.58246463270829 0.0413253167259395 -1.8199690509377 -1.97475674271609 -0.410758285485186
-1.3600494207599 -1.14447983183985 0.461247409471265 -1.5792555295511 -1.58246463270829 0.0413253167259395 -1.15102785124031 -1.35370546508059 -0.380982991838272 -0.987304019369636 -0.981613914095425 0.0217852552289539
-0.987304019369636 -0.981613914095425 0.0217852552289539 -0.867595493580925 -0.529912395095244 0.352110987302268 -1.18153524533271 -0.614931126132741 0.783805114818735 -1.3600494207599 -1.14447983183985 0.461247409471265
-1.09673891293088 0.00780813487669476 0.929886166868709 -1.18153524533271 -0.614931126132741 0.783805114818735 -0.867595493580925 -0.529912395095244 0.352110987302268 -0.804498886195938 0.0062013632982302 0.492666372883663
-0.804498886195938 0.0062013632982302 0.492666372883663 -0.869230576926184 0.536972427529768 0.333773436865281 -1.17884478043227 0.623817057096158 0.755936612952407 -1.09673891293088 0.00780813487669476 0.929886166868709
-1.35202704338477 1.14090905111659 0.410847409987401 -1.17884478043227 0.623817057096158 0.755936612952407 -0.869230576926184 0.536972427529768 0.333773436865281 -0.999942703346405 0.986534875763294 -0.000227477698339716
-0.999942703346405 0.986534875763294 -0.000227477698339716 -1.15367378260935 1.3552619069901 -0.413938373425106 -1.57306436828263 1.57805049913996 -0.000868873282736091 -1.35202704338477 1.14090905111659 0.410847409987401
-1.8176209732476 1.96415092201192 -0.448727973301528 -1.57306436828263 1.57805049913996 -0.000868873282736091 -1.15367378260935 1.3552619069901 -0.413938373425106 -1.37825162774124 1.71991234362695 -0.852341373389896
-1.37825162774124 1.71991234362695 -0.852341373389896 -1.58931724063794 2.06222272122111 -1.31481022998924 -2.28682826196041 2.54036380895098 -0.937787178939296 -1.8176209732476 1.96415092201192 -0.448727973301528
-0.794822301217814 -1.64009926659761 -1.50985379312227 -0.747721247131319 -1.44752682381281 -1.15347459545826 -1.36898565507766 -1.71953608541017 -0.818106523794596 -1.57744326124772 -2.06699500418082 -1.27443096181269
-1.15102785124031 -1.35370546508059 -0.380982991838272 -1.36898565507766 -1.71953608541017 -0.818106523794596 -0.747721247131319 -1.44752682381281 -1.15347459545826 -0.642935204034402 -1.16717805149672 -0.728981413158633
-0.642935204034402 -1.16717805149672 -0.728981413158633 -0.548069355324183 -0.850330741707667 -0.328508138842424 -0.987304019369636 -0.981613914095425 0.0217852552289539 -1.15102785124031 -1.35370546508059 -0.380982991838272
-0.867595493580925 -0.529912395095244 0.352110987302268 -0.987304019369636 -0.981613914095425 0.0217852552289539 -0.548069355324183 -0.850330741707667 -0.328508138842424 -0.476806979402865 -0.468446840800066 -0.0161985379274659
-0.476806979402865 -0.468446840800066 -0.0161985379274659 -0.458511214915389 0.00297515536414221 0.144668945810823 -0.804498886195938 0.0062013632982302 0.492666372883663 -0.867595493580925 -0.529912395095244 0.352110987302268
-0.869230576926184 0.536972427529768 0.333773436865281 -0.804498886195938 0.0062013632982302 0.492666372883663 -0.458511214915389 0.00297515536414221 0.144668945810823 -0.485382324385938 0.474053704348036 -0.0272333836700708
-0.485382324385938 0.474053704348036 -0.0272333836700708 -0.562940700547946 0.854039977729924 -0.346266112969831 -0.999942703346405 0.986534875763294 -0.000227477698339716 -0.869230576926184 0.536972427529768 0.333773436865281
-1.15367378260935 1.3552619069901 -0.413938373425106 -0.999942703346405 0.986534875763294 -0.000227477698339716 -0.562940700547946 0.854039977729924 -0.346266112969831 -0.656972001743781 1.1732077651332 -0.754955188877524
-0.656972001743781 1.1732077651332 -0.754955188877524 -0.760340608717339 1.45216622496765 -1.18996477871589 -1.37825162774124 1.71991234362695 -0.852341373389896 -1.15367378260935 1.3552619069901 -0.413938373425106
-1.58931724063794 2.06222272122111 -1.31481022998924 -1.37825162774124 1.71991234362695 -0.852341373389896 -0.760340608717339 1.45216622496765 -1.18996477871589 -0.802831434100082 1.64583492879756 -1.57043576245938
-0.747721247131319 -1.44752682381281 -1.15347459545826 -0.794822301217814 -1.64009926659761 -1.50985379312227 -0.0159728550566399 -1.46743991917562 -1.6301589081892 -0.0170827710799053 -1.28218203481287 -1.25956168678718
-0.0170827710799053 -1.28218203481287 -1.25956168678718 -0.0120103878058441 -1.07217439370704 -0.902446885813257 -0.642935204034402 -1.16717805149672 -0.728981413158633 -0.747721247131319 -1.44752682381281 -1.15347459545826
-0.548069355324183 -0.850330741707667 -0.328508138842424 -0.642935204034402 -1.16717805149672 -0.728981413158633 -0.0120103878058441 -1.07217439370704 -0.902446885813257 -0.00202546312883468 -0.785498189800638 -0.503152277475378
-0.00202546312883468 -0.785498189800638 -0.503152277475378 -0.00107270505699927 -0.419380743004599 -0.175012005151983 -0.476806979402865 -0.468446840800066 -0.0161985379274659 -0.548069355324183 -0.850330741707667 -0.328508138842424
-0.458511214915389 0.00297515536414221 0.144668945810823 -0.476806979402865 -0.468446840800066 -0.0161985379274659 -0.00107270505699927 -0.419380743004599 -0.175012005151983 0.00131498185413097 0.000126729714302547 -0.0267125219440513
0.00131498185413097 0.000126729714302547 -0.0267125219440513 -0.00871974734331558 0.416334231917404 -0.183733288114815 -0.485382324385938 0.474053704348036 -0.0272333836700708 -0.458511214915389 0.00297515536414221 0.144668945810823
-0.562940700547946 0.854039977729924 -0.346266112969831 -0.485382324385938 0.474053704348036 -0.0272333836700708 -0.00871974734331558 0.416334231917404 -0.183733288114815 -0.0213564614028058 0.783383928452985 -0.519364443896934
-0.0213564614028058 0.783383928452985 -0.519364443896934 -0.0249729941338977 1.06941151440322 -0.926437856256209 -0.656972001743781 1.1732077651332 -0.754955188877524 -0.562940700547946 0.854039977729924 -0.346266112969831
-0.760340608717339 1.45216622496765 -1.18996477871589 -0.656972001743781 1.1732077651332 -0.754955188877524 -0.0249729941338977 1.06941151440322 -0.926437856256209 -0.0344333427203937 1.28518363837567 -1.30250680437972
-0.0344333427203937 1.28518363837567 -1.30250680437972 -0.0333398940138546 1.47100671274029 -1.69435515009329 -0.802831434100082 1.64583492879756 -1.57043576245938 -0.760340608717339 1.45216622496765 -1.18996477871589
0.746220402298152 -1.5172188191767 -1.37039054754622 0.715820401950748 -1.41246908610435 -1.17493312683443 -0.0170827710799053 -1.28218203481287 -1.25956168678718 -0.0159728550566399 -1.46743991917562 -1.6301589081892
-0.0120103878058441 -1.07217439370704 -0.902446885813257 -0.0170827710799053 -1.28218203481287 -1.25956168678718 0.715820401950748 -1.41246908610435 -1.17493312683443 0.628935040043845 -1.14362167168322 -0.756605156197136
0.628935040043845 -1.14362167168322 -0.756605156197136 0.550918173587613 -0.836956164856559 -0.363290769042014 -0.00202546312883468 -0.785498189800638 -0.503152277475378 -0.0120103878058441 -1.07217439370704 -0.902446885813257
-0.00107270505699927 -0.419380743004599 -0.175012005151983 -0.00202546312883468 -0.785498189800638 -0.503152277475378 0.550918173587613 -0.836956164856559 -0.363290769042014 0.485566668523206 -0.465177322165665 -0.0523759217953105
0.485566668523206 -0.465177322165665 -0.0523759217953105 0.470276591101741 -0.00274299884585869 0.105987080705743 0.00131498185413097 0.000126729714302547 -0.0267125219440513 -0.00107270505699927 -0.419380743004599 -0.175012005151983
-0.00871974734331558 0.416334231917404 -0.183733288114815 0.00131498185413097 0.000126729714302547 -0.0267125219440513 0.470276591101741 -0.00274299884585869 0.105987080705743 0.479651292263695 0.459372347156283 -0.0625929498943509
0.479651292263695 0.459372347156283 -0.0625929498943509 0.538374610668684 0.831305073826053 -0.379255397953881 -0.0213564614028058 0.783383928452985 -0.519364443896934 -0.00871974734331558 0.416334231917404 -0.183733288114815
-0.0249729941338977 1.06941151440322 -0.926437856256209 -0.0213564614028058 0.783383928452985 -0.519364443896934 0.538374610668684 0.831305073826053 -0.379255397953881 0.619021921106258 1.1380934132017 -0.784451991366754
0.619021921106258 1.1380934132017 -0.784451991366754 0.709557489738041 1.40785525635376 -1.21321707397675 -0.0344333427203937 1.28518363837567 -1.30250680437972 -0.0249729941338977 1.06941151440322 -0.926437856256209
-0.0333398940138546 1.47100671274029 -1.69435515009329 -0.0344333427203937 1.28518363837567 -1.30250680437972 0.709557489738041 1.40785525635376 -1.21321707397675 0.726143995377552 1.52504851014775 -1.45289047724272
0.715820401950748 -1.41246908610435 -1.17493312683443 0.746220402298152 -1.5172188191767 -1.37039054754622 1.5356345950723 -1.98574263916003 -1.2490188295428 1.3288978331835 -1.6665070917409 -0.827251931336586
1.3288978331835 -1.6665070917409 -0.827251931336586 1.133982328859 -1.32616306405366 -0.416504937626891 0.628935040043845 -1.14362167168322 -0.756605156197136 0.715820401950748 -1.41246908610435 -1.17493312683443
0.550918173587613 -0.836956164856559 -0.363290769042014 0.628935040043845 -1.14362167168322 -0.756605156197136 1.133982328859 -1.32616306405366 -0.416504937626891 0.990128455488599 -0.965376778171034 -0.0189710652067439
0.990128455488599 -0.965376778171034 -0.0189710652067439 0.874137823540194 -0.528278749455945 0.304115983500722 0.485566668523206 -0.465177322165665 -0.0523759217953105 0.550918173587613 -0.836956164856559 -0.363290769042014
0.470276591101741 -0.00274299884585869 0.105987080705743 0.485566668523206 -0.465177322165665 -0.0523759217953105 0.874137823540194 -0.528278749455945 0.304115983500722 0.819003460210929 -0.00456383496643852 0.446467105543859
0.819003460210929 -0.00456383496643852 0.446467105543859 0.876735392744986 0.518202467599996 0.301679801447626 0.479651292263695 0.459372347156283 -0.0625929498943509 0.470276591101741 -0.00274299884585869 0.105987080705743
0.538374610668684 0.831305073826053 -0.379255397953881 0.479651292263695 0.459372347156283 -0.0625929498943509 0.876735392744986 0.518202467599996 0.301679801447626 0.983856689151293 0.9569518863145 -0.031430757200936
0.983856689151293 0.9569518863145 -0.031430757200936 1.13951366182096 1.31770528886462 -0.432138580442545 0.619021921106258 1.1380934132017 -0.784451991366754 0.538374610668684 0.831305073826053 -0.379255397953881
0.709557489738041 1.40785525635376 -1.21321707397675 0.619021921106258 1.1380934132017 -0.784451991366754 1.13951366182096 1.31770528886462 -0.432138580442545 1.33250990687653 1.65400759924128 -0.855614824532211
1.33250990687653 1.65400759924128 -0.855614824532211 1.53634936843648 1.97690022173775 -1.28441288457975 0.726143995377552 1.52504851014775 -1.45289047724272 0.709557489738041 1.40785525635376 -1.21321707397675
2.26006355559744 -2.50924341094086 -1.00699510747892 1.79866905136076 -1.92321719963912 -0.431132032436408 1.3288978331835 -1.6665070917409 -0.827251931336586 1.5356345950723 -1.98574263916003 -1.2490188295428
1.133982328859 -1.32616306405366 -0.416504937626891 1.3288978331835 -1.6665070917409 -0.827251931336586 1.79866905136076 -1.92321719963912 -0.431132032436408 1.56604062474981 -1.54245348142359 -0.00346016588630299
1.56604062474981 -1.54245348142359 -0.00346016588630299 1.35448496823816 -1.11514982015726 0.389803529889261 0.990128455488599 -0.965376778171034 -0.0189710652067439 1.133982328859 -1.32616306405366 -0.416504937626891
0.874137823540194 -0.528278749455945 0.304115983500722 0.990128455488599 -0.965376778171034 -0.0189710652067439 1.35448496823816 -1.11514982015726 0.389803529889261 1.19301071693128 -0.608367852462045 0.721203021983438
1.19301071693128 -0.608367852462045 0.721203021983438 1.12112083437805 -0.00473581463591625 0.873482490313456 0.819003460210929 -0.00456383496643852 0.446467105543859 0.874137823540194 -0.528278749455945 0.304115983500722
0.876735392744986 0.518202467599996 0.301679801447626 0.819003460210929 -0.00456383496643852 0.446467105543859 1.12112083437805 -0.00473581463591625 0.873482490313456 1.20315858356864 0.603868120512178 0.725874211531955
1.20315858356864 0.603868120512178 0.725874211531955 1.37297228499621 1.12010279626078 0.404033145068843 0.983856689151293 0.9569518863145 -0.031430757200936 0.876735392744986 0.518202467599996 0.301679801447626
1.13951366182096 1.31770528886462 -0.432138580442545 0.983856689151293 0.9569518863145 -0.031430757200936 1.37297228499621 1.12010279626078 0.404033145068843 1.58495395578715 1.5440577860295 -0.0106593839062661
1.58495395578715 1.5440577860295 -0.0106593839062661 1.81711369574148 1.9235872362303 -0.456421145354029 1.33250990687653 1.65400759924128 -0.855614824532211 1.13951366182096 1.31770528886462 -0.432138580442545
1.53634936843648 1.97690022173775 -1.28441288457975 1.33250990687653 1.65400759924128 -0.855614824532211 1.81711369574148 1.9235872362303 -0.456421145354029 2.26979269919687 2.49807210411222 -1.00257400726493
1.79866905136076 -1.92321719963912 -0.431132032436408 2.26006355559744 -2.50924341094086 -1.00699510747892 2.49037583808145 -2.57538633397459 -0.440501035583783 2.218276159205 -2.20185384568235 0.00451530712039201
2.218276159205 -2.20185384568235 0.00451530712039201 1.96115969442076 -1.79681194249939 0.430470784494261 1.56604062474981 -1.54245348142359 -0.00346016588630299 1.79866905136076 -1.92321719963912 -0.431132032436408
1.35448496823816 -1.11514982015726 0.389803529889261 1.56604062474981 -1.54245348142359 -0.00346016588630299 1.96115969442076 -1.79681194249939 0.430470784494261 1.67415875052481 -1.27990439562403 0.829063277734653
1.67415875052481 -1.27990439562403 0.829063277734653 1.43359606541994 -0.676987772752689 1.12412106846549 1.19301071693128 -0.608367852462045 0.721203021983438 1.35448496823816 -1.11514982015726 0.389803529889261
1.12112083437805 -0.00473581463591625 0.873482490313456 1.19301071693128 -0.608367852462045 0.721203021983438 1.43359606541994 -0.676987772752689 1.12412106846549 1.37449519006427 -0.00582316035326983 1.33110345284061
1.37449519006427 -0.00582316035326983 1.33110345284061 1.48040932646551 0.67671118421373 1.1906597181536 1.20315858356864 0.603868120512178 0.725874211531955 1.12112083437805 -0.00473581463591625 0.873482490313456
1.37297228499621 1.12010279626078 0.404033145068843 1.20315858356864 0.603868120512178 0.725874211531955 1.48040932646551 0.67671118421373 1.1906597181536 1.71674102629224 1.29463377778918 0.872028534529931
1.71674102629224 1.29463377778918 0.872028534529931 2.02184368829821 1.82119229393155 0.461107044344598 1.58495395578715 1.5440577860295 -0.0106593839062661 1.37297228499621 1.12010279626078 0.404033145068843
1.81711369574148 1.9235872362303 -0.456421145354029 1.58495395578715 1.5440577860295 -0.0106593839062661 2.02184368829821 1.82119229393155 0.461107044344598 2.25308268339827 2.20994528925025 -0.0150599177389416
2.25308268339827 2.20994528925025 -0.0150599177389416 2.4979254297176 2.57400485740572 -0.503779994631134 2.26979269919687 2.49807210411222 -1.00257400726493 1.81711369574148 1.9235872362303 -0.456421145354029
2.67543351798695 -2.63257464263829 0.143291144674535 2.63605578905682 -2.57374570789994 0.229262222883999 2.218276159205 -2.20185384568235 0.00451530712039201 2.49037583808145 -2.57538633397459 -0.440501035583783
1.96115969442076 -1.79681194249939 0.430470784494261 2.218276159205 -2.20185384568235 0.00451530712039201 2.63605578905682 -2.57374570789994 0.229262222883999 2.32941952077421 -2.04230821506575 0.892235446958978
2.32941952077421 -2.04230821506575 0.892235446958978 2.04837207750036 -1.44075381563277 1.50471341208026 1.67415875052481 -1.27990439562403 0.829063277734653 1.96115969442076 -1.79681194249939 0.430470784494261
1.43359606541994 -0.676987772752689 1.12412106846549 1.67415875052481 -1.27990439562403 0.829063277734653 2.04837207750036 -1.44075381563277 1.50471341208026 1.6455708902732 -0.743223005263338 1.54318189242562
1.6455708902732 -0.743223005263338 1.54318189242562 1.38351184876901 -0.00530635628440977 1.35058708496348 1.37449519006427 -0.00582316035326983 1.33110345284061 1.43359606541994 -0.676987772752689 1.12412106846549
1.48040932646551 0.67671118421373 1.1906597181536 1.37449519006427 -0.00582316035326983 1.33110345284061 1.38351184876901 -0.00530635628440977 1.35058708496348 1.72211108953567 0.765139770312467 1.6722819828723
1.72211108953567 0.765139770312467 1.6722819828723 2.20149201185619 1.52259497048972 1.76276464021119 1.71674102629224 1.29463377778918 0.872028534529931 1.48040932646551 0.67671118421373 1.1906597181536
2.02184368829821 1.82119229393155 0.461107044344598 1.71674102629224 1.29463377778918 0.872028534529931 2.20149201185619 1.52259497048972 1.76276464021119 2.42593904109743 2.10924357854235 0.955045446296421
2.42593904109743 2.10924357854235 0.955045446296421 2.66972176686541 2.62211522932541 0.103894410752891 2.25308268339827 2.20994528925025 -0.0150599177389416 2.02184368829821 1.82119229393155 0.461107044344598
2.4979254297176 2.57400485740572 -0.503779994631134 2.25308268339827 2.20994528925025 -0.0150599177389416 2.66972176686541 2.62211522932541 0.103894410752891 2.68556697985258 2.65922623707937 0.0101261290849593
