-2.4685968498271 -2.80263471663601 5.77632235220821 -2.36039307641496 -2.72865989427357 5.85192998690692 -2.18800541298224 -2.34430284993739 6.08354768693285 -2.7931261975213 -2.37665389074212 5.82000469536365
-2.7931261975213 -2.37665389074212 5.82000469536365 -2.18800541298224 -2.34430284993739 6.08354768693285 -2.23862340734892 -1.69283165595425 6.26571289421176 -3.12487525806161 -1.95403245835695 5.8130109367745
-3.12487525806161 -1.95403245835695 5.8130109367745 -2.23862340734892 -1.69283165595425 6.26571289421176 -2.30162596066759 -1.02968154733253 6.39385073186136 -2.98339130348606 -0.962072688256109 6.10874871825683
-2.98339130348606 -0.962072688256109 6.10874871825683 -2.30162596066759 -1.02968154733253 6.39385073186136 -2.21590272475471 -0.499184063075626 6.47329917969223 -2.88935969060737 0.0710473957832384 6.23239132113959
-2.88935969060737 0.0710473957832384 6.23239132113959 -2.21590272475471 -0.499184063075626 6.47329917969223 -2.2152058273202 0.0434674599645904 6.49818723448321 -2.88753505396931 0.0849855653638022 6.23375142842202
-2.88753505396931 0.0849855653638022 6.23375142842202 -2.2152058273202 0.0434674599645904 6.49818723448321 -2.21889919169276 0.525189292299761 6.47506187471633 -2.89011659526005 0.0987760377143374 6.23211825208013
-2.89011659526005 0.0987760377143374 6.23211825208013 -2.21889919169276 0.525189292299761 6.47506187471633 -2.2968574149741 0.99576997842271 6.40379385056461 -2.97229765648115 0.923848949170326 6.12975438814074
-2.97229765648115 0.923848949170326 6.12975438814074 -2.2968574149741 0.99576997842271 6.40379385056461 -2.25813733882102 1.59710596491426 6.28800396194642 -3.11874700933584 1.71168225506577 5.89343150078039
-3.11874700933584 1.71168225506577 5.89343150078039 -2.25813733882102 1.59710596491426 6.28800396194642 -2.23455904519984 2.18763371395001 6.12297940725389 -2.82974359850928 2.13990504587177 5.88770175955822
-2.82974359850928 2.13990504587177 5.88770175955822 -2.23455904519984 2.18763371395001 6.12297940725389 -2.44655239568516 2.57152683233791 5.88546828672564 -2.55580375240393 2.57505881653615 5.8375673444174
-2.36039307641496 -2.72865989427357 5.85192998690692 -1.5055063882127 -2.92562698856242 6.01971029795265 -1.55867818396442 -2.32418205000548 6.28408426160692 -2.18800541298224 -2.34430284993739 6.08354768693285
-2.18800541298224 -2.34430284993739 6.08354768693285 -1.55867818396442 -2.32418205000548 6.28408426160692 -1.62236071408926 -1.69121876012121 6.45659288007852 -2.23862340734892 -1.69283165595425 6.26571289421176
-2.23862340734892 -1.69283165595425 6.26571289421176 -1.62236071408926 -1.69121876012121 6.45659288007852 -1.59195753403481 -1.10951598703563 6.59547875901821 -2.30162596066759 -1.02968154733253 6.39385073186136
-2.30162596066759 -1.02968154733253 6.39385073186136 -1.59195753403481 -1.10951598703563 6.59547875901821 -1.59688634710715 -0.513656138375864 6.65480106626623 -2.21590272475471 -0.499184063075626 6.47329917969223
-2.21590272475471 -0.499184063075626 6.47329917969223 -1.59688634710715 -0.513656138375864 6.65480106626623 -1.52150228847378 0.00479562551800662 6.70056364432339 -2.2152058273202 0.0434674599645904 6.49818723448321
-2.2152058273202 0.0434674599645904 6.49818723448321 -1.52150228847378 0.00479562551800662 6.70056364432339 -1.59898967006814 0.522903759119385 6.65443178061509 -2.21889919169276 0.525189292299761 6.47506187471633
-2.21889919169276 0.525189292299761 6.47506187471633 -1.59898967006814 0.522903759119385 6.65443178061509 -1.59582314757602 1.08282280344026 6.59735165366262 -2.2968574149741 0.99576997842271 6.40379385056461
-2.2968574149741 0.99576997842271 6.40379385056461 -1.59582314757602 1.08282280344026 6.59735165366262 -1.64457131668527 1.62817063646903 6.46697896670209 -2.25813733882102 1.59710596491426 6.28800396194642
-2.25813733882102 1.59710596491426 6.28800396194642 -1.64457131668527 1.62817063646903 6.46697896670209 -1.61896033925295 2.24862898180641 6.29384839990279 -2.23455904519984 2.18763371395001 6.12297940725389
-2.23455904519984 2.18763371395001 6.12297940725389 -1.61896033925295 2.24862898180641 6.29384839990279 -1.61159522276899 2.83925876062444 6.03557000018994 -2.44655239568516 2.57152683233791 5.88546828672564
-1.5055063882127 -2.92562698856242 6.01971029795265 -0.637891606756707 -3.1246989474035 6.09327230757774 -0.959720927213729 -2.31721210740796 6.40077059548078 -1.55867818396442 -2.32418205000548 6.28408426160692
-1.55867818396442 -2.32418205000548 6.28408426160692 -0.959720927213729 -2.31721210740796 6.40077059548078 -0.988360619801235 -1.69866127879109 6.57578129693956 -1.62236071408926 -1.69121876012121 6.45659288007852
-1.62236071408926 -1.69121876012121 6.45659288007852 -0.988360619801235 -1.69866127879109 6.57578129693956 -1.03277524293228 -1.07110548312323 6.71089202228398 -1.59195753403481 -1.10951598703563 6.59547875901821
-1.59195753403481 -1.10951598703563 6.59547875901821 -1.03277524293228 -1.07110548312323 6.71089202228398 -0.964115457405695 -0.539247400939055 6.77841432472104 -1.59688634710715 -0.513656138375864 6.65480106626623
-1.59688634710715 -0.513656138375864 6.65480106626623 -0.964115457405695 -0.539247400939055 6.77841432472104 -0.974254091137347 0.000324747866874853 6.80852034770329 -1.52150228847378 0.00479562551800662 6.70056364432339
-1.52150228847378 0.00479562551800662 6.70056364432339 -0.974254091137347 0.000324747866874853 6.80852034770329 -0.965749517498939 0.530096856468265 6.77861590632019 -1.59898967006814 0.522903759119385 6.65443178061509
-1.59898967006814 0.522903759119385 6.65443178061509 -0.965749517498939 0.530096856468265 6.77861590632019 -1.03299673797434 1.05221106021852 6.71154114149722 -1.59582314757602 1.08282280344026 6.59735165366262
-1.59582314757602 1.08282280344026 6.59735165366262 -1.03299673797434 1.05221106021852 6.71154114149722 -1.01564904196223 1.66711398106729 6.57833753652908 -1.64457131668527 1.62817063646903 6.46697896670209
-1.64457131668527 1.62817063646903 6.46697896670209 -1.01564904196223 1.66711398106729 6.57833753652908 -1.01662088973677 2.27203089080515 6.40448990390681 -1.61896033925295 2.24862898180641 6.29384839990279
-1.61896033925295 2.24862898180641 6.29384839990279 -1.01662088973677 2.27203089080515 6.40448990390681 -0.764310999751424 3.10507961743242 6.08875758424193 -1.61159522276899 2.83925876062444 6.03557000018994
-0.637891606756707 -3.1246989474035 6.09327230757774 -0.24593289089513 -3.04049933347388 6.16801227748124 -0.352104960658295 -2.34628307061361 6.44947858074284 -0.959720927213729 -2.31721210740796 6.40077059548078
-0.959720927213729 -2.31721210740796 6.40077059548078 -0.352104960658295 -2.34628307061361 6.44947858074284 -0.478636750110386 -1.62627803703694 6.64443975667367 -0.988360619801235 -1.69866127879109 6.57578129693956
-0.988360619801235 -1.69866127879109 6.57578129693956 -0.478636750110386 -1.62627803703694 6.64443975667367 -0.463752914765222 -1.06362854477055 6.77121628332802 -1.03277524293228 -1.07110548312323 6.71089202228398
-1.03277524293228 -1.07110548312323 6.71089202228398 -0.463752914765222 -1.06362854477055 6.77121628332802 -0.47136465638042 -0.49032028838098 6.83546908609277 -0.964115457405695 -0.539247400939055 6.77841432472104
-0.964115457405695 -0.539247400939055 6.77841432472104 -0.47136465638042 -0.49032028838098 6.83546908609277 -0.419776046939803 -0.00347916402164079 6.86931630319053 -0.974254091137347 0.000324747866874853 6.80852034770329
-0.974254091137347 0.000324747866874853 6.80852034770329 -0.419776046939803 -0.00347916402164079 6.86931630319053 -0.468977974920373 0.483616844593585 6.83559122406755 -0.965749517498939 0.530096856468265 6.77861590632019
-0.965749517498939 0.530096856468265 6.77861590632019 -0.468977974920373 0.483616844593585 6.83559122406755 -0.460960807102239 1.05284626678484 6.770916651087 -1.03299673797434 1.05221106021852 6.71154114149722
-1.03299673797434 1.05221106021852 6.71154114149722 -0.460960807102239 1.05284626678484 6.770916651087 -0.495907623712508 1.61064960810493 6.64480793686406 -1.01564904196223 1.66711398106729 6.57833753652908
-1.01564904196223 1.66711398106729 6.57833753652908 -0.495907623712508 1.61064960810493 6.64480793686406 -0.408115547558233 2.33196967528851 6.44610965681506 -1.01662088973677 2.27203089080515 6.40448990390681
-1.01662088973677 2.27203089080515 6.40448990390681 -0.408115547558233 2.33196967528851 6.44610965681506 -0.349189269254477 3.02859442231483 6.16550307678847 -0.764310999751424 3.10507961743242 6.08875758424193
-0.24593289089513 -3.04049933347388 6.16801227748124 0.161201648998742 -3.0268320794922 6.18681996086849 0.0559786240859724 -2.28564613674734 6.48758658325637 -0.352104960658295 -2.34628307061361 6.44947858074284
-0.352104960658295 -2.34628307061361 6.44947858074284 0.0559786240859724 -2.28564613674734 6.48758658325637 0.0398608423273446 -1.64888855611211 6.66496611319982 -0.478636750110386 -1.62627803703694 6.64443975667367
-0.478636750110386 -1.62627803703694 6.64443975667367 0.0398608423273446 -1.64888855611211 6.66496611319982 0.0227961306713116 -1.00371714595604 6.8086514708636 -0.463752914765222 -1.06362854477055 6.77121628332802
-0.463752914765222 -1.06362854477055 6.77121628332802 0.0227961306713116 -1.00371714595604 6.8086514708636 0.0260257360612155 -0.502994716454794 6.86539306553168 -0.47136465638042 -0.49032028838098 6.83546908609277
-0.47136465638042 -0.49032028838098 6.83546908609277 0.0260257360612155 -0.502994716454794 6.86539306553168 0.0243077992169252 -5.0107750119867e-05 6.89696069362177 -0.419776046939803 -0.00347916402164079 6.86931630319053
-0.419776046939803 -0.00347916402164079 6.86931630319053 0.0243077992169252 -5.0107750119867e-05 6.89696069362177 0.0318890811754918 0.503933150045857 6.86573698236762 -0.468977974920373 0.483616844593585 6.83559122406755
-0.468977974920373 0.483616844593585 6.83559122406755 0.0318890811754918 0.503933150045857 6.86573698236762 0.0329106918483265 1.0056661556048 6.80833850767026 -0.460960807102239 1.05284626678484 6.770916651087
-0.460960807102239 1.05284626678484 6.770916651087 0.0329106918483265 1.0056661556048 6.80833850767026 0.0290621601011526 1.6527873439092 6.66403760283562 -0.495907623712508 1.61064960810493 6.64480793686406
-0.495907623712508 1.61064960810493 6.64480793686406 0.0290621601011526 1.6527873439092 6.66403760283562 0.021985467439721 2.2906650643496 6.4833018670995 -0.408115547558233 2.33196967528851 6.44610965681506
-0.408115547558233 2.33196967528851 6.44610965681506 0.021985467439721 2.2906650643496 6.4833018670995 0.0793735455699379 3.02958447657035 6.18543105833709 -0.349189269254477 3.02859442231483 6.16550307678847
0.161201648998742 -3.0268320794922 6.18681996086849 0.384717537882787 -3.02103858199695 6.17632182951253 0.466232405488964 -2.32742146430914 6.44748466381383 0.0559786240859724 -2.28564613674734 6.48758658325637
0.0559786240859724 -2.28564613674734 6.48758658325637 0.466232405488964 -2.32742146430914 6.44748466381383 0.542437846745006 -1.60778608479514 6.64138579109065 0.0398608423273446 -1.64888855611211 6.66496611319982
0.0398608423273446 -1.64888855611211 6.66496611319982 0.542437846745006 -1.60778608479514 6.64138579109065 0.510475307752262 -1.04991824439257 6.76674685868538 0.0227961306713116 -1.00371714595604 6.8086514708636
0.0227961306713116 -1.00371714595604 6.8086514708636 0.510475307752262 -1.04991824439257 6.76674685868538 0.513375185142542 -0.48090155354517 6.83128435677275 0.0260257360612155 -0.502994716454794 6.86539306553168
0.0260257360612155 -0.502994716454794 6.86539306553168 0.513375185142542 -0.48090155354517 6.83128435677275 0.468092544882109 0.00320914834595836 6.86484826053996 0.0243077992169252 -5.0107750119867e-05 6.89696069362177
0.0243077992169252 -5.0107750119867e-05 6.89696069362177 0.468092544882109 0.00320914834595836 6.86484826053996 0.522381832484814 0.486410072093812 6.83152976725793 0.0318890811754918 0.503933150045857 6.86573698236762
0.0318890811754918 0.503933150045857 6.86573698236762 0.522381832484814 0.486410072093812 6.83152976725793 0.525432755699471 1.06161949145957 6.76558786324181 0.0329106918483265 1.0056661556048 6.80833850767026
0.0329106918483265 1.0056661556048 6.80833850767026 0.525432755699471 1.06161949145957 6.76558786324181 0.542335260860141 1.62621843893237 6.63844388665107 0.0290621601011526 1.6527873439092 6.66403760283562
0.0290621601011526 1.6527873439092 6.66403760283562 0.542335260860141 1.62621843893237 6.63844388665107 0.448832346982085 2.3526271658142 6.43813742941851 0.021985467439721 2.2906650643496 6.4833018670995
0.021985467439721 2.2906650643496 6.4833018670995 0.448832346982085 2.3526271658142 6.43813742941851 0.344771071744095 3.05281541000476 6.16346758174817 0.0793735455699379 3.02958447657035 6.18543105833709
0.384717537882787 -3.02103858199695 6.17632182951253 0.600548492165403 -3.0625847238712 6.13396969096838 1.03043251617082 -2.28595105574025 6.39751237989116 0.466232405488964 -2.32742146430914 6.44748466381383
0.466232405488964 -2.32742146430914 6.44748466381383 1.03043251617082 -2.28595105574025 6.39751237989116 1.03760198975752 -1.67383186691321 6.56874241010351 0.542437846745006 -1.60778608479514 6.64138579109065
0.542437846745006 -1.60778608479514 6.64138579109065 1.03760198975752 -1.67383186691321 6.56874241010351 1.06237658800492 -1.05262800300399 6.70123434455542 0.510475307752262 -1.04991824439257 6.76674685868538
0.510475307752262 -1.04991824439257 6.76674685868538 1.06237658800492 -1.05262800300399 6.70123434455542 0.995892959669417 -0.530050246973448 6.76867461819139 0.513375185142542 -0.48090155354517 6.83128435677275
0.513375185142542 -0.48090155354517 6.83128435677275 0.995892959669417 -0.530050246973448 6.76867461819139 1.00943422392824 7.70936851777725e-05 6.79760772600283 0.468092544882109 0.00320914834595836 6.86484826053996
0.468092544882109 0.00320914834595836 6.86484826053996 1.00943422392824 7.70936851777725e-05 6.79760772600283 1.00717415125777 0.541333529753297 6.76814083138955 0.522381832484814 0.486410072093812 6.83152976725793
0.522381832484814 0.486410072093812 6.83152976725793 1.00717415125777 0.541333529753297 6.76814083138955 1.08248350647118 1.07361236800044 6.69857825160272 0.525432755699471 1.06161949145957 6.76558786324181
0.525432755699471 1.06161949145957 6.76558786324181 1.08248350647118 1.07361236800044 6.69857825160272 1.04393863684951 1.71160779577573 6.56156545155756 0.542335260860141 1.62621843893237 6.63844388665107
0.542335260860141 1.62621843893237 6.63844388665107 1.04393863684951 1.71160779577573 6.56156545155756 1.02015262613617 2.33980334207181 6.38240095591307 0.448832346982085 2.3526271658142 6.43813742941851
0.448832346982085 2.3526271658142 6.43813742941851 1.02015262613617 2.33980334207181 6.38240095591307 0.592841856812035 3.13292520171624 6.10430670744469 0.344771071744095 3.05281541000476 6.16346758174817
0.600548492165403 -3.0625847238712 6.13396969096838 1.52156956185147 -2.89176446350589 6.03172051412402 1.58828783561951 -2.28204581038128 6.29111415628257 1.03043251617082 -2.28595105574025 6.39751237989116
1.03043251617082 -2.28595105574025 6.39751237989116 1.58828783561951 -2.28204581038128 6.29111415628257 1.6452945404163 -1.64065289336856 6.46099566219839 1.03760198975752 -1.67383186691321 6.56874241010351
1.03760198975752 -1.67383186691321 6.56874241010351 1.6452945404163 -1.64065289336856 6.46099566219839 1.60572994356501 -1.08927950618452 6.59024945825766 1.06237658800492 -1.05262800300399 6.70123434455542
1.06237658800492 -1.05262800300399 6.70123434455542 1.60572994356501 -1.08927950618452 6.59024945825766 1.61081262135596 -0.52454190762854 6.64795712629301 0.995892959669417 -0.530050246973448 6.76867461819139
0.995892959669417 -0.530050246973448 6.76867461819139 1.61081262135596 -0.52454190762854 6.64795712629301 1.54453466980619 -0.00753109450139797 6.69182124564736 1.00943422392824 7.70936851777725e-05 6.79760772600283
1.00943422392824 7.70936851777725e-05 6.79760772600283 1.54453466980619 -0.00753109450139797 6.69182124564736 1.62614112029837 0.507215741634281 6.64717342756415 1.00717415125777 0.541333529753297 6.76814083138955
1.00717415125777 0.541333529753297 6.76814083138955 1.62614112029837 0.507215741634281 6.64717342756415 1.63075226571806 1.11030711254919 6.58458658746082 1.08248350647118 1.07361236800044 6.69857825160272
1.08248350647118 1.07361236800044 6.69857825160272 1.63075226571806 1.11030711254919 6.58458658746082 1.66274121715633 1.69950714010493 6.44502511096389 1.04393863684951 1.71160779577573 6.56156545155756
1.04393863684951 1.71160779577573 6.56156545155756 1.66274121715633 1.69950714010493 6.44502511096389 1.58278319839269 2.35481601911192 6.26882808116786 1.02015262613617 2.33980334207181 6.38240095591307
1.02015262613617 2.33980334207181 6.38240095591307 1.58278319839269 2.35481601911192 6.26882808116786 1.48684606276745 2.97772744867172 6.0049232511549 0.592841856812035 3.13292520171624 6.10430670744469
1.52156956185147 -2.89176446350589 6.03172051412402 2.42621985867208 -2.72871777680659 5.82450943556159 2.2048577393532 -2.23659907915009 6.11970624635335 1.58828783561951 -2.28204581038128 6.29111415628257
1.58828783561951 -2.28204581038128 6.29111415628257 2.2048577393532 -2.23659907915009 6.11970624635335 2.23863862761803 -1.62074349861705 6.28910263700498 1.6452945404163 -1.64065289336856 6.46099566219839
1.6452945404163 -1.64065289336856 6.46099566219839 2.23863862761803 -1.62074349861705 6.28910263700498 2.2884660721869 -0.994218420790435 6.40783575449621 1.60572994356501 -1.08927950618452 6.59024945825766
1.60572994356501 -1.08927950618452 6.59024945825766 2.2884660721869 -0.994218420790435 6.40783575449621 2.21379674876177 -0.531054441491896 6.47737772952594 1.61081262135596 -0.52454190762854 6.64795712629301
1.61081262135596 -0.52454190762854 6.64795712629301 2.21379674876177 -0.531054441491896 6.47737772952594 2.22051894206959 -0.0573023291700413 6.49852262912207 1.54453466980619 -0.00753109450139797 6.69182124564736
1.54453466980619 -0.00753109450139797 6.69182124564736 2.22051894206959 -0.0573023291700413 6.49852262912207 2.23284317952372 0.488022275116728 6.47264132650089 1.62614112029837 0.507215741634281 6.64717342756415
1.62614112029837 0.507215741634281 6.64717342756415 2.23284317952372 0.488022275116728 6.47264132650089 2.33274791683294 1.01843874202635 6.38971676285792 1.63075226571806 1.11030711254919 6.58458658746082
1.63075226571806 1.11030711254919 6.58458658746082 2.33274791683294 1.01843874202635 6.38971676285792 2.26467402794815 1.70307643828142 6.25979831912352 1.66274121715633 1.69950714010493 6.44502511096389
1.66274121715633 1.69950714010493 6.44502511096389 2.26467402794815 1.70307643828142 6.25979831912352 2.20876150921548 2.3750347087688 6.07114711231715 1.58278319839269 2.35481601911192 6.26882808116786
1.58278319839269 2.35481601911192 6.26882808116786 2.20876150921548 2.3750347087688 6.07114711231715 2.36656962272501 2.83554110218399 5.80727486498497 1.48684606276745 2.97772744867172 6.0049232511549
2.42621985867208 -2.72871777680659 5.82450943556159 2.52732840643673 -2.73592411965022 5.77839879423052 2.7985421472191 -2.20694536250738 5.87832493868399 2.2048577393532 -2.23659907915009 6.11970624635335
2.2048577393532 -2.23659907915009 6.11970624635335 2.7985421472191 -2.20694536250738 5.87832493868399 3.06472833191887 -1.66827797467234 5.92675341149646 2.23863862761803 -1.62074349861705 6.28910263700498
2.23863862761803 -1.62074349861705 6.28910263700498 3.06472833191887 -1.66827797467234 5.92675341149646 2.94676537045038 -0.919165575940341 6.1443096821674 2.2884660721869 -0.994218420790435 6.40783575449621
2.2884660721869 -0.994218420790435 6.40783575449621 2.94676537045038 -0.919165575940341 6.1443096821674 2.87679534002772 -0.139016806440376 6.23857682790228 2.21379674876177 -0.531054441491896 6.47737772952594
2.21379674876177 -0.531054441491896 6.47737772952594 2.87679534002772 -0.139016806440376 6.23857682790228 2.87375560214244 -0.117878105437137 6.24082573438337 2.22051894206959 -0.0573023291700413 6.49852262912207
2.22051894206959 -0.0573023291700413 6.49852262912207 2.87375560214244 -0.117878105437137 6.24082573438337 2.87706022963177 -0.0967672450623653 6.23869552712818 2.23284317952372 0.488022275116728 6.47264132650089
2.23284317952372 0.488022275116728 6.47264132650089 2.87706022963177 -0.0967672450623653 6.23869552712818 3.00418577915686 0.926394814682279 6.10702862098551 2.33274791683294 1.01843874202635 6.38971676285792
2.33274791683294 1.01843874202635 6.38971676285792 3.00418577915686 0.926394814682279 6.10702862098551 3.15842079286351 1.9093182685444 5.8063133608502 2.26467402794815 1.70307643828142 6.25979831912352
2.26467402794815 1.70307643828142 6.25979831912352 3.15842079286351 1.9093182685444 5.8063133608502 2.80864163864075 2.39439880478678 5.80449243101176 2.20876150921548 2.3750347087688 6.07114711231715
2.20876150921548 2.3750347087688 6.07114711231715 2.80864163864075 2.39439880478678 5.80449243101176 2.44896519393196 2.86984341069257 5.75719742426766 2.36656962272501 2.83554110218399 5.80727486498497
