-3.03402448471772 -3.02931186558906 0 -2.70386451020344 -3.02931092836851 0 -2.23033803483821 -2.40104997796083 0 -3.03402477972502 -2.69941973919846 0
-2.70386451020344 -3.02931092836851 0 -1.80307770414065 -3.02931033065309 0 -1.42804361341254 -2.10319777417602 0 -2.23033803483821 -2.40104997796083 0
-2.23033803483821 -2.40104997796083 0 -1.42804361341254 -2.10319777417602 0 -1.03901770481478 -1.14253359947678 0 -2.10773695574973 -1.24446823242036 0
-3.03402477972502 -2.69941973919846 0 -2.23033803483821 -2.40104997796083 0 -2.10773695574973 -1.24446823242036 0 -3.03402627059129 -1.55088738974102 0
-1.80307770414065 -3.02931033065309 0 -7.64362983896812e-06 -3.02931045156791 0 -7.04756589917591e-06 -2.10319742263751 0 -1.42804361341254 -2.10319777417602 0
-7.64362983896812e-06 -3.02931045156791 0 1.80306241688097 -3.02931061187029 0 1.42802959731121 -2.10319790065363 0 -7.04756589917591e-06 -2.10319742263751 0
-7.04756589917591e-06 -2.10319742263751 0 1.42802959731121 -2.10319790065363 0 1.03900550591372 -1.14253354954088 0 -5.51379418408732e-06 -1.04343304750202 0
-1.42804361341254 -2.10319777417602 0 -7.04756589917591e-06 -2.10319742263751 0 -5.51379418408732e-06 -1.04343304750202 0 -1.03901770481478 -1.14253359947678 0
1.80306241688097 -3.02931061187029 0 2.70384889861758 -3.02931092836851 0 2.23032362234377 -2.40105061604768 0 1.42802959731121 -2.10319790065363 0
2.70384889861758 -3.02931092836851 0 3.03400854880582 -3.02931120039462 0 3.03400999092885 -2.69942020972519 0 2.23032362234377 -2.40105061604768 0
2.23032362234377 -2.40105061604768 0 3.03400999092885 -2.69942020972519 0 3.03401361114969 -1.5508889961259 0 2.10772502303849 -1.24447381066674 0
1.42802959731121 -2.10319790065363 0 2.23032362234377 -2.40105061604768 0 2.10772502303849 -1.24447381066674 0 1.03900550591372 -1.14253354954088 0
-3.03402627059129 -1.55088738974102 0 -2.10773695574973 -1.24446823242036 0 -1.97669010644786 -0.00821820820022757 0 -3.03402811169315 -0.0476467962647631 0
-2.10773695574973 -1.24446823242036 0 -1.03901770481478 -1.14253359947678 0 -1.04170529081108 0.0266487892488778 0 -1.97669010644786 -0.00821820820022757 0
-1.97669010644786 -0.00821820820022757 0 -1.04170529081108 0.0266487892488778 0 -1.04434518578737 1.17514982541237 0 -2.11427729497266 1.24965677429087 0
-3.03402811169315 -0.0476467962647631 0 -1.97669010644786 -0.00821820820022757 0 -2.11427729497266 1.24965677429087 0 -3.03403068271864 1.50275421613729 0
-1.03901770481478 -1.14253359947678 0 -5.51379418408732e-06 -1.04343304750202 0 3.53642782925568e-07 0.026645754374686 0 -1.04170529081108 0.0266487892488778 0
-5.51379418408732e-06 -1.04343304750202 0 1.03900550591372 -1.14253354954088 0 1.04170752643068 0.0266470969600228 0 3.53642782925568e-07 0.026645754374686 0
3.53642782925568e-07 0.026645754374686 0 1.04170752643068 0.0266470969600228 0 1.04435815269819 1.17514876149735 0 5.29062296394259e-06 1.10241984238192 0
-1.04170529081108 0.0266487892488778 0 3.53642782925568e-07 0.026645754374686 0 5.29062296394259e-06 1.10241984238192 0 -1.04434518578737 1.17514982541237 0
1.03900550591372 -1.14253354954088 0 2.10772502303849 -1.24447381066674 0 1.97669311893987 -0.00822231820441416 0 1.04170752643068 0.0266470969600228 0
2.10772502303849 -1.24447381066674 0 3.03401361114969 -1.5508889961259 0 3.03403095010607 -0.0476452210759106 0 1.97669311893987 -0.00822231820441416 0
1.97669311893987 -0.00822231820441416 0 3.03403095010607 -0.0476452210759106 0 3.03404593136345 1.5027589645534 0 2.11428987538364 1.24965602998897 0
1.04170752643068 0.0266470969600228 0 1.97669311893987 -0.00822231820441416 0 2.11428987538364 1.24965602998897 0 1.04435815269819 1.17514876149735 0
-3.03403068271864 1.50275421613729 0 -2.11427729497266 1.24965677429087 0 -2.23841139572959 2.38452669672681 0 -3.0340330178326 2.6313922836968 0
-2.11427729497266 1.24965677429087 0 -1.04434518578737 1.17514982541237 0 -1.43557244298797 2.13542091202954 0 -2.23841139572959 2.38452669672681 0
-2.23841139572959 2.38452669672681 0 -1.43557244298797 2.13542091202954 0 -1.80358975270257 3.03872260687382 0 -2.75646929826579 3.03872077740136 0
-3.0340330178326 2.6313922836968 0 -2.23841139572959 2.38452669672681 0 -2.75646929826579 3.03872077740136 0 -3.03403330231323 3.03871979723369 0
-1.04434518578737 1.17514982541237 0 5.29062296394259e-06 1.10241984238192 0 7.07040144920138e-06 2.13542160771511 0 -1.43557244298797 2.13542091202954 0
5.29062296394259e-06 1.10241984238192 0 1.04435815269819 1.17514876149735 0 1.43558627804932 2.13542308382317 0 7.07040144920138e-06 2.13542160771511 0
7.07040144920138e-06 2.13542160771511 0 1.43558627804932 2.13542308382317 0 1.80360220223787 3.03872534314823 0 6.22476740013444e-06 3.03872429856467 0
-1.43557244298797 2.13542091202954 0 7.07040144920138e-06 2.13542160771511 0 6.22476740013444e-06 3.03872429856467 0 -1.80358975270257 3.03872260687382 0
1.04435815269819 1.17514876149735 0 2.11428987538364 1.24965602998897 0 2.23842537931947 2.38453026459354 0 1.43558627804932 2.13542308382317 0
2.11428987538364 1.24965602998897 0 3.03404593136345 1.5027589645534 0 3.03404657046412 2.63139724049245 0 2.23842537931947 2.38453026459354 0
2.23842537931947 2.38453026459354 0 3.03404657046412 2.63139724049245 0 3.0340460894342 3.03872497089232 0 2.75648191659427 3.03872518839303 0
1.43558627804932 2.13542308382317 0 2.23842537931947 2.38453026459354 0 2.75648191659427 3.03872518839303 0 1.80360220223787 3.03872534314823 0
