0 2 8 3 1
1 0 0 3 1
9 0 1 1 1
2 1 1 2 1
2 2 10 3 1
3 0 2 3 1
11 0 3 1 1
4 1 3 2 1
4 2 12 3 1
5 0 4 3 1
13 0 5 1 1
6 1 5 2 1
6 2 14 3 1
7 0 6 3 1
15 0 7 1 1
16 0 8 1 1
9 1 8 2 1
9 2 17 3 1
10 0 9 3 1
18 0 10 1 1
11 1 10 2 1
11 2 19 3 1
12 0 11 3 1
20 0 12 1 1
13 1 12 2 1
13 2 21 3 1
14 0 13 3 1
22 0 14 1 1
15 1 14 2 1
15 2 23 3 1
16 2 24 3 1
17 0 16 3 1
25 0 17 1 1
18 1 17 2 1
18 2 26 3 1
19 0 18 3 1
27 0 19 1 1
20 1 19 2 1
20 2 28 3 1
21 0 20 3 1
29 0 21 1 1
22 1 21 2 1
22 2 30 3 1
23 0 22 3 1
31 0 23 1 1
32 0 24 1 1
25 1 24 2 1
25 2 33 3 1
26 0 25 3 1
34 0 26 1 1
27 1 26 2 1
27 2 35 3 1
28 0 27 3 1
36 0 28 1 1
29 1 28 2 1
29 2 37 3 1
30 0 29 3 1
38 0 30 1 1
31 1 30 2 1
31 2 39 3 1
32 2 40 3 1
33 0 32 3 1
41 0 33 1 1
34 1 33 2 1
34 2 42 3 1
35 0 34 3 1
43 0 35 1 1
36 1 35 2 1
36 2 44 3 1
37 0 36 3 1
45 0 37 1 1
38 1 37 2 1
38 2 46 3 1
39 0 38 3 1
47 0 39 1 1
48 0 40 1 1
41 1 40 2 1
41 2 49 3 1
42 0 41 3 1
50 0 42 1 1
43 1 42 2 1
43 2 51 3 1
44 0 43 3 1
52 0 44 1 1
45 1 44 2 1
45 2 53 3 1
46 0 45 3 1
54 0 46 1 1
47 1 46 2 1
47 2 55 3 1
48 2 56 3 1
49 0 48 3 1
57 0 49 1 1
50 1 49 2 1
50 2 58 3 1
51 0 50 3 1
59 0 51 1 1
52 1 51 2 1
52 2 60 3 1
53 0 52 3 1
61 0 53 1 1
54 1 53 2 1
54 2 62 3 1
55 0 54 3 1
63 0 55 1 1
64 0 56 1 1
57 1 56 2 1
57 2 65 3 1
58 0 57 3 1
66 0 58 1 1
59 1 58 2 1
59 2 67 3 1
60 0 59 3 1
68 0 60 1 1
61 1 60 2 1
61 2 69 3 1
62 0 61 3 1
70 0 62 1 1
63 1 62 2 1
63 2 71 3 1
64 2 72 3 1
65 0 64 3 1
73 0 65 1 1
66 1 65 2 1
66 2 74 3 1
67 0 66 3 1
75 0 67 1 1
68 1 67 2 1
68 2 76 3 1
69 0 68 3 1
77 0 69 1 1
70 1 69 2 1
70 2 78 3 1
71 0 70 3 1
79 0 71 1 1
80 0 72 1 1
73 1 72 2 1
73 2 81 3 1
74 0 73 3 1
82 0 74 1 1
75 1 74 2 1
75 2 83 3 1
76 0 75 3 1
84 0 76 1 1
77 1 76 2 1
77 2 85 3 1
78 0 77 3 1
86 0 78 1 1
79 1 78 2 1
79 2 87 3 1
80 2 88 3 1
81 0 80 3 1
89 0 81 1 1
82 1 81 2 1
82 2 90 3 1
83 0 82 3 1
91 0 83 1 1
84 1 83 2 1
84 2 92 3 1
85 0 84 3 1
93 0 85 1 1
86 1 85 2 1
86 2 94 3 1
87 0 86 3 1
95 0 87 1 1
96 0 88 1 1
89 1 88 2 1
89 2 97 3 1
90 0 89 3 1
98 0 90 1 1
91 1 90 2 1
91 2 99 3 1
92 0 91 3 1
100 0 92 1 1
93 1 92 2 1
93 2 101 3 1
94 0 93 3 1
102 0 94 1 1
95 1 94 2 1
95 2 103 3 1
96 2 104 3 1
97 0 96 3 1
105 0 97 1 1
98 1 97 2 1
98 2 106 3 1
99 0 98 3 1
107 0 99 1 1
100 1 99 2 1
100 2 108 3 1
101 0 100 3 1
109 0 101 1 1
102 1 101 2 1
102 2 110 3 1
103 0 102 3 1
111 0 103 1 1
112 0 104 1 1
105 1 104 2 1
105 2 113 3 1
106 0 105 3 1
114 0 106 1 1
107 1 106 2 1
107 2 115 3 1
108 0 107 3 1
116 0 108 1 1
109 1 108 2 1
109 2 117 3 1
110 0 109 3 1
118 0 110 1 1
111 1 110 2 1
111 2 119 3 1
112 2 120 3 1
113 0 112 3 1
121 0 113 1 1
114 1 113 2 1
114 2 122 3 1
115 0 114 3 1
123 0 115 1 1
116 1 115 2 1
116 2 124 3 1
117 0 116 3 1
125 0 117 1 1
118 1 117 2 1
118 2 126 3 1
119 0 118 3 1
127 0 119 1 1
121 1 120 2 1
122 0 121 3 1
123 1 122 2 1
124 0 123 3 1
125 1 124 2 1
126 0 125 3 1
127 1 126 2 1
136 1 128 2 1
129 0 128 1 1
137 0 129 3 1
129 2 130 3 1
138 1 130 2 1
131 0 130 1 1
139 0 131 3 1
131 2 132 3 1
140 1 132 2 1
133 0 132 1 1
141 0 133 3 1
133 2 134 3 1
142 1 134 2 1
135 0 134 1 1
143 0 135 3 1
144 0 136 3 1
136 2 137 3 1
145 1 137 2 1
138 0 137 1 1
146 0 138 3 1
138 2 139 3 1
147 1 139 2 1
140 0 139 1 1
148 0 140 3 1
140 2 141 3 1
149 1 141 2 1
142 0 141 1 1
150 0 142 3 1
142 2 143 3 1
151 1 143 2 1
152 1 144 2 1
145 0 144 1 1
153 0 145 3 1
145 2 146 3 1
154 1 146 2 1
147 0 146 1 1
155 0 147 3 1
147 2 148 3 1
156 1 148 2 1
149 0 148 1 1
157 0 149 3 1
149 2 150 3 1
158 1 150 2 1
151 0 150 1 1
159 0 151 3 1
160 0 152 3 1
152 2 153 3 1
161 1 153 2 1
154 0 153 1 1
162 0 154 3 1
154 2 155 3 1
163 1 155 2 1
156 0 155 1 1
164 0 156 3 1
156 2 157 3 1
165 1 157 2 1
158 0 157 1 1
166 0 158 3 1
158 2 159 3 1
167 1 159 2 1
168 1 160 2 1
161 0 160 1 1
169 0 161 3 1
161 2 162 3 1
170 1 162 2 1
163 0 162 1 1
171 0 163 3 1
163 2 164 3 1
172 1 164 2 1
165 0 164 1 1
173 0 165 3 1
165 2 166 3 1
174 1 166 2 1
167 0 166 1 1
175 0 167 3 1
176 0 168 3 1
168 2 169 3 1
177 1 169 2 1
170 0 169 1 1
178 0 170 3 1
170 2 171 3 1
179 1 171 2 1
172 0 171 1 1
180 0 172 3 1
172 2 173 3 1
181 1 173 2 1
174 0 173 1 1
182 0 174 3 1
174 2 175 3 1
183 1 175 2 1
184 1 176 2 1
177 0 176 1 1
185 0 177 3 1
177 2 178 3 1
186 1 178 2 1
179 0 178 1 1
187 0 179 3 1
179 2 180 3 1
188 1 180 2 1
181 0 180 1 1
189 0 181 3 1
181 2 182 3 1
190 1 182 2 1
183 0 182 1 1
191 0 183 3 1
192 0 184 3 1
184 2 185 3 1
193 1 185 2 1
186 0 185 1 1
194 0 186 3 1
186 2 187 3 1
195 1 187 2 1
188 0 187 1 1
196 0 188 3 1
188 2 189 3 1
197 1 189 2 1
190 0 189 1 1
198 0 190 3 1
190 2 191 3 1
199 1 191 2 1
200 1 192 2 1
193 0 192 1 1
201 0 193 3 1
193 2 194 3 1
202 1 194 2 1
195 0 194 1 1
203 0 195 3 1
195 2 196 3 1
204 1 196 2 1
197 0 196 1 1
205 0 197 3 1
197 2 198 3 1
206 1 198 2 1
199 0 198 1 1
207 0 199 3 1
208 0 200 3 1
200 2 201 3 1
209 1 201 2 1
202 0 201 1 1
210 0 202 3 1
202 2 203 3 1
211 1 203 2 1
204 0 203 1 1
212 0 204 3 1
204 2 205 3 1
213 1 205 2 1
206 0 205 1 1
214 0 206 3 1
206 2 207 3 1
215 1 207 2 1
216 1 208 2 1
209 0 208 1 1
217 0 209 3 1
209 2 210 3 1
218 1 210 2 1
211 0 210 1 1
219 0 211 3 1
211 2 212 3 1
220 1 212 2 1
213 0 212 1 1
221 0 213 3 1
213 2 214 3 1
222 1 214 2 1
215 0 214 1 1
223 0 215 3 1
224 0 216 3 1
216 2 217 3 1
225 1 217 2 1
218 0 217 1 1
226 0 218 3 1
218 2 219 3 1
227 1 219 2 1
220 0 219 1 1
228 0 220 3 1
220 2 221 3 1
229 1 221 2 1
222 0 221 1 1
230 0 222 3 1
222 2 223 3 1
231 1 223 2 1
232 1 224 2 1
225 0 224 1 1
233 0 225 3 1
225 2 226 3 1
234 1 226 2 1
227 0 226 1 1
235 0 227 3 1
227 2 228 3 1
236 1 228 2 1
229 0 228 1 1
237 0 229 3 1
229 2 230 3 1
238 1 230 2 1
231 0 230 1 1
239 0 231 3 1
240 0 232 3 1
232 2 233 3 1
241 1 233 2 1
234 0 233 1 1
242 0 234 3 1
234 2 235 3 1
243 1 235 2 1
236 0 235 1 1
244 0 236 3 1
236 2 237 3 1
245 1 237 2 1
238 0 237 1 1
246 0 238 3 1
238 2 239 3 1
247 1 239 2 1
248 1 240 2 1
241 0 240 1 1
249 0 241 3 1
241 2 242 3 1
250 1 242 2 1
243 0 242 1 1
251 0 243 3 1
243 2 244 3 1
252 1 244 2 1
245 0 244 1 1
253 0 245 3 1
245 2 246 3 1
254 1 246 2 1
247 0 246 1 1
255 0 247 3 1
248 2 249 3 1
250 0 249 1 1
250 2 251 3 1
252 0 251 1 1
252 2 253 3 1
254 0 253 1 1
254 2 255 3 1
0 1 128 3 1
8 0 136 0 1
16 1 144 3 1
24 0 152 0 1
32 1 160 3 1
40 0 168 0 1
48 1 176 3 1
56 0 184 0 1
64 1 192 3 1
72 0 200 0 1
80 1 208 3 1
88 0 216 0 1
96 1 224 3 1
104 0 232 0 1
112 1 240 3 1
120 0 248 0 1
7 2 135 2 1
15 3 143 1 1
23 2 151 2 1
31 3 159 1 1
39 2 167 2 1
47 3 175 1 1
55 2 183 2 1
63 3 191 1 1
71 2 199 2 1
79 3 207 1 1
87 2 215 2 1
95 3 223 1 1
103 2 231 2 1
111 3 239 1 1
119 2 247 2 1
127 3 255 1 1
