-6.46816889488809 -4.04692265604112 0.927943427841025 -6.36370120184145 -4.1508246718906 0.000122883522615853 -5.84490421253517 -3.57174214414394 0.0946686701950537 -5.87184155134753 -3.40765604759557 0.923463354437735
-5.87184155134753 -3.40765604759557 0.923463354437735 -5.96343151139321 -3.12265849602515 1.71399365369487 -6.54330859163641 -3.76373836482587 1.67879622562122 -6.47838063527975 -4.03671091564945 0.972181615410759
-7.03331441006459 -3.48177714086462 2.18717217286131 -6.54330859163641 -3.76373836482587 1.67879622562122 -6.13141474367596 -2.95796197877042 1.83218486893439 -6.67090813929 -2.77434327396437 2.32128548080126
-6.67090813929 -2.77434327396437 2.32128548080126 -6.56765148263741 -2.09877057861131 2.6326179329809 -7.2556005952929 -2.79087706253413 2.72502832642375 -7.19609516457507 -3.31899638635413 2.38257293917788
-7.85749368941987 -2.65759786150934 2.86577520119976 -7.2556005952929 -2.79087706253413 2.72502832642375 -7.11071193401288 -1.78645174114246 2.79185226501369 -8.28531841276966 -1.14805520646203 3.10329503853854
-8.28531841276966 -1.14805520646203 3.10329503853854 -8.44155470437525 0.0765783721758631 2.50320350435953 -9.0536328188334 -0.171579353263906 2.36096959129038 -9.1367234248424 -1.37836812608681 2.85513655328179
-10.2043078023532 -0.310783748576041 1.75779823977828 -9.0536328188334 -0.171579353263906 2.36096959129038 -8.97055606149303 0.729420344953292 1.77319294311823 -10.2086892918084 0.144263214332693 1.43268604290652
-10.2086892918084 0.144263214332693 1.43268604290652 -9.34959280576185 1.03867875395228 0.75940915586645 -9.63081371658596 0.984976668144943 -3.67762518672758e-05 -10.5854550000142 0.0703634490849758 0.423233123341397
-5.18589032992178 -3.15925352363657 -9.26026456125662e-05 -5.05300312260302 -2.94041618371433 0.895762444210967 -5.7543860509755 -3.38973418156269 0.92709030200175 -5.84490421253517 -3.57174214414394 0.0946686701950537
-5.96343151139321 -3.12265849602515 1.71399365369487 -5.7543860509755 -3.38973418156269 0.92709030200175 -5.12265007693043 -2.84025720167858 0.964564646459548 -5.31019798109147 -2.55650486381286 1.74914581671761
-5.31019798109147 -2.55650486381286 1.74914581671761 -5.50976238230063 -2.03648203594111 2.3979967059929 -6.27304059156973 -2.56671690746777 2.31525570131365 -6.13141474367596 -2.95796197877042 1.83218486893439
-6.56765148263741 -2.09877057861131 2.6326179329809 -6.27304059156973 -2.56671690746777 2.31525570131365 -5.60999249708898 -1.91941096422756 2.43061400606319 -6.28233295226886 -1.22484572392049 2.97272622198339
-6.28233295226886 -1.22484572392049 2.97272622198339 -6.72580952173357 -0.209174603379418 2.96333128868962 -7.40304603803727 -0.561304460490945 2.82256809003646 -7.11071193401288 -1.78645174114246 2.79185226501369
-8.44155470437525 0.0765783721758631 2.50320350435953 -7.40304603803727 -0.561304460490945 2.82256809003646 -7.31217870071642 0.318921121553622 2.73840130125416 -8.16780209582789 0.694165159264346 2.49328098063992
-8.16780209582789 0.694165159264346 2.49328098063992 -7.90498840588742 1.4167374188172 1.90864283144617 -8.42990759705176 1.63306499630937 1.22179377465518 -8.97055606149303 0.729420344953292 1.77319294311823
-9.34959280576185 1.03867875395228 0.75940915586645 -8.42990759705176 1.63306499630937 1.22179377465518 -7.91706825181976 2.19556854472778 0.497784695014173 -9.23827017660431 1.30251178972471 -1.60457437826849e-05
-5.05300312260302 -2.94041618371433 0.895762444210967 -5.10169888569454 -3.10077297310627 0.000105614278767574 -4.45230395376085 -2.62359800132481 0.0789215067863066 -4.3808936619059 -2.45037975638209 0.94997661629737
-4.3808936619059 -2.45037975638209 0.94997661629737 -4.41926646100255 -2.0819745967128 1.76031362077138 -5.19959192256768 -2.50450756774359 1.74985917479449 -5.12265007693043 -2.84025720167858 0.964564646459548
-5.50976238230063 -2.03648203594111 2.3979967059929 -5.19959192256768 -2.50450756774359 1.74985917479449 -4.50894577042499 -1.93201478155511 1.79994477585322 -4.84065090767863 -1.39844652212285 2.52365111921118
-4.84065090767863 -1.39844652212285 2.52365111921118 -5.15817787661177 -0.583514574709525 2.91548866216095 -5.84786043505426 -0.915183255741294 2.88862153286134 -5.60999249708898 -1.91941096422756 2.43061400606319
-6.72580952173357 -0.209174603379418 2.96333128868962 -5.84786043505426 -0.915183255741294 2.88862153286134 -5.45779410886692 -0.104467945437165 2.93259349320273 -6.49141703107866 0.529480352621546 3.00701439227889
-6.49141703107866 0.529480352621546 3.00701439227889 -6.02530213422574 1.55497728502226 2.55215370496514 -6.59246298492408 1.43572333647148 2.3489236268386 -7.31217870071642 0.318921121553622 2.73840130125416
-7.90498840588742 1.4167374188172 1.90864283144617 -6.59246298492408 1.43572333647148 2.3489236268386 -6.53497714004808 2.28624542962032 1.74265103864102 -7.58205481385748 2.13500069860262 1.49161623100759
-7.58205481385748 2.13500069860262 1.49161623100759 -6.90254463593594 2.580599371665 0.769139391947017 -7.46469963529263 2.49569553688155 5.49199208080672e-05 -7.91706825181976 2.19556854472778 0.497784695014173
-3.70809320564174 -2.31450329195066 -2.4870161176718e-05 -3.46676931599767 -2.09385248883676 0.857808407414704 -4.23744807600516 -2.41448225528252 0.935594408473025 -4.45230395376085 -2.62359800132481 0.0789215067863066
-4.41926646100255 -2.0819745967128 1.76031362077138 -4.23744807600516 -2.41448225528252 0.935594408473025 -3.51569117104754 -1.97278159571767 0.997727047459606 -3.66969606233075 -1.6140287629302 1.84230197449725
-3.66969606233075 -1.6140287629302 1.84230197449725 -3.80834684723498 -0.964333468491226 2.49376210106071 -4.6608162462824 -1.26717842704099 2.46962986513229 -4.50894577042499 -1.93201478155511 1.79994477585322
-5.15817787661177 -0.583514574709525 2.91548866216095 -4.6608162462824 -1.26717842704099 2.46962986513229 -3.90653508895422 -0.741297068806489 2.55070166048437 -4.55967029356082 -0.11349134429722 3.00068872069753
-4.55967029356082 -0.11349134429722 3.00068872069753 -4.59844891120444 0.89412477772761 2.92058655639207 -5.33758358462864 0.891591698722074 2.86532052928547 -5.45779410886692 -0.104467945437165 2.93259349320273
-6.02530213422574 1.55497728502226 2.55215370496514 -5.33758358462864 0.891591698722074 2.86532052928547 -5.02278664056189 1.59251505243827 2.76178192601246 -5.79617543193588 2.11791141153966 2.46382687056948
-5.79617543193588 2.11791141153966 2.46382687056948 -5.36181401948746 2.7705977619426 1.87367484957657 -5.99140482135911 2.99430100576379 1.15085728497199 -6.53497714004808 2.28624542962032 1.74265103864102
-6.90254463593594 2.580599371665 0.769139391947017 -5.99140482135911 2.99430100576379 1.15085728497199 -5.41821562531961 3.46657720823176 0.566551608965082 -6.51487820745732 2.99620662690214 -8.30594123118434e-05
-3.46676931599767 -2.09385248883676 0.857808407414704 -3.56127694023931 -2.2495872829697 -0.000140985479623011 -2.73731851483813 -1.92170162970582 0.0332558298109571 -2.69233565129846 -1.78042119215392 0.927185879350788
-2.69233565129846 -1.78042119215392 0.927185879350788 -2.67028967905358 -1.36434674694742 1.73185393977664 -3.49410898164167 -1.54329997849384 1.82897375595098 -3.51569117104754 -1.97278159571767 0.997727047459606
-3.80834684723498 -0.964333468491226 2.49376210106071 -3.49410898164167 -1.54329997849384 1.82897375595098 -2.72053536064256 -1.21512721506028 1.85323263333124 -3.00110359751223 -0.563296578252876 2.57456333175518
-3.00110359751223 -0.563296578252876 2.57456333175518 -3.16930813096325 0.365432925973577 2.93937685194197 -3.87813135672382 0.195593751171934 2.90898496903669 -3.90653508895422 -0.741297068806489 2.55070166048437
-4.59844891120444 0.89412477772761 2.92058655639207 -3.87813135672382 0.195593751171934 2.90898496903669 -3.35498098336185 0.965032622052611 2.94747977592415 -4.27177466853205 1.558741601238 2.95138993391891
-4.27177466853205 1.558741601238 2.95138993391891 -3.72557579159406 2.4151513314308 2.54983635316021 -4.29952572224258 2.48424110175288 2.3784334207073 -5.02278664056189 1.59251505243827 2.76178192601246
-5.36181401948746 2.7705977619426 1.87367484957657 -4.29952572224258 2.48424110175288 2.3784334207073 -4.15080209735404 3.20877246443579 1.74959492731229 -4.89140132038188 3.45940519879198 1.35103811621813
-4.89140132038188 3.45940519879198 1.35103811621813 -4.31519181856393 3.64302467902138 0.715099534755571 -5.07657318161754 3.59974814063022 -0.000117410343683981 -5.41821562531961 3.46657720823176 0.566551608965082
-1.87552667506954 -1.71257419411381 -9.53673191001912e-05 -1.69522555253946 -1.550101314484 0.860505182008911 -2.49538341682441 -1.74216677565241 0.9068616628846 -2.73731851483813 -1.92170162970582 0.0332558298109571
-2.67028967905358 -1.36434674694742 1.73185393977664 -2.49538341682441 -1.74216677565241 0.9068616628846 -1.72249256351259 -1.45685718141939 1.02653550676774 -1.89581814317406 -1.05710583140853 1.89288714140326
-1.89581814317406 -1.05710583140853 1.89288714140326 -1.97444800437081 -0.335126239248481 2.53551534136906 -2.87502367415126 -0.484742605645767 2.5123452995956 -2.72053536064256 -1.21512721506028 1.85323263333124
-3.16930813096325 0.365432925973577 2.93937685194197 -2.87502367415126 -0.484742605645767 2.5123452995956 -2.01121537105775 -0.156708354595494 2.59763019606806 -2.49047464315377 0.623975875488185 3.00675452594411
-2.49047464315377 0.623975875488185 3.00675452594411 -2.33312188168746 1.61313623346964 2.94894584596948 -3.01977904906141 1.8654556107036 2.90307714227127 -3.35498098336185 0.965032622052611 2.94747977592415
-3.72557579159406 2.4151513314308 2.54983635316021 -3.01977904906141 1.8654556107036 2.90307714227127 -2.47818186264307 2.40755740923047 2.78086214806299 -3.46918762663926 2.93524252434248 2.38448496963639
-3.46918762663926 2.93524252434248 2.38448496963639 -2.63489448632577 3.57118600590506 1.82128900356758 -3.28149542129036 3.81286683842041 1.24358435792563 -4.15080209735404 3.20877246443579 1.74959492731229
-4.31519181856393 3.64302467902138 0.715099534755571 -3.28149542129036 3.81286683842041 1.24358435792563 -2.73088590750576 4.15171394952202 0.596385679310277 -3.65897884693202 4.03181601760162 2.22453928013345e-05
-1.69522555253946 -1.550101314484 0.860505182008911 -1.70417754791314 -1.67791443963876 2.8397342524482e-05 -0.8809459162092 -1.55392754998115 0.0115404734898083 -0.892196038630001 -1.41250603881332 0.985011679628239
-0.892196038630001 -1.41250603881332 0.985011679628239 -0.867099382597309 -0.942516811679694 1.84887111859991 -1.72514182192612 -0.996656302888562 1.8764487648566 -1.72249256351259 -1.45685718141939 1.02653550676774
-1.97444800437081 -0.335126239248481 2.53551534136906 -1.72514182192612 -0.996656302888562 1.8764487648566 -0.874840257243578 -0.836846972131781 1.90692919740559 -1.08341858116621 -0.142864977090817 2.59083886213398
-1.08341858116621 -0.142864977090817 2.59083886213398 -1.02912656663 0.796051118374063 2.91998524180095 -1.792801000151 0.768137523442331 2.9197727790189 -2.01121537105775 -0.156708354595494 2.59763019606806
-2.33312188168746 1.61313623346964 2.94894584596948 -1.792801000151 0.768137523442331 2.9197727790189 -1.09985932975923 1.3396957409173 2.94396137142159 -1.7893291145903 2.1041897189733 2.96951088036649
-1.7893291145903 2.1041897189733 2.96951088036649 -1.36643238754041 2.91441404340282 2.49499301373568 -2.04850400734252 3.11327043282251 2.36835212485829 -2.47818186264307 2.40755740923047 2.78086214806299
-2.63489448632577 3.57118600590506 1.82128900356758 -2.04850400734252 3.11327043282251 2.36835212485829 -1.61520628672776 3.74276487575094 1.68915891694754 -2.12743502554631 4.08113276495747 1.28028603959667
-2.12743502554631 4.08113276495747 1.28028603959667 -1.67567622872918 4.23586970652935 0.718130723404302 -2.23224992670076 4.31785106378846 1.12759257055842e-05 -2.73088590750576 4.15171394952202 0.596385679310277
-0.0493310250733233 -1.5152349882462 -8.37610262551622e-05 -3.03129389128211e-06 -1.36709010269174 0.930822105579501 -0.837887062586222 -1.40013394144626 0.980485344770884 -0.8809459162092 -1.55392754998115 0.0115404734898083
-0.867099382597309 -0.942516811679694 1.84887111859991 -0.837887062586222 -1.40013394144626 0.980485344770884 -5.34300470079138e-05 -1.35214919632229 0.975377920672209 -0.0102801226327525 -0.873615689481596 1.88114916813694
-0.0102801226327525 -0.873615689481596 1.88114916813694 3.0766808734655e-05 -0.0969229609055411 2.54910579929438 -0.876063269416226 -0.0948286100096247 2.54499108365113 -0.874840257243578 -0.836846972131781 1.90692919740559
-1.02912656663 0.796051118374063 2.91998524180095 -0.876063269416226 -0.0948286100096247 2.54499108365113 1.16472429054263e-05 0.0240152317726938 2.62023432850888 -0.288230724640498 0.959889840569229 3.01058373606444
-0.288230724640498 0.959889840569229 3.01058373606444 -1.16748986219114e-05 1.97264536381058 2.96011844842937 -0.710555734120127 2.26818164715074 2.90418162180975 -1.09985932975923 1.3396957409173 2.94396137142159
-1.36643238754041 2.91441404340282 2.49499301373568 -0.710555734120127 2.26818164715074 2.90418162180975 -8.98273781296334e-06 2.84394328340393 2.67453938666277 -0.867341158089015 3.39513255457176 2.29344619975779
-0.867341158089015 3.39513255457176 2.29344619975779 1.66428435257096e-05 3.86962635340487 1.8202214082698 -0.321909073996324 4.24883687734131 1.25301153822644 -1.61520628672776 3.74276487575094 1.68915891694754
-1.67567622872918 4.23586970652935 0.718130723404302 -0.321909073996324 4.24883687734131 1.25301153822644 1.76061758951399e-05 4.44580942009575 0.482428369538375 -1.15164355960339 4.44068625064041 5.64271427567602e-05
-3.03129389128211e-06 -1.36709010269174 0.930822105579501 0.0493310284255754 -1.5152349882462 -8.37610262551622e-05 0.880945919561453 -1.55392754998115 0.0115404734898083 0.837887065938475 -1.40013394144626 0.980485344770884
0.837887065938475 -1.40013394144626 0.980485344770884 0.867099385949561 -0.942516811679694 1.84887111859991 0.0102801259850047 -0.873615689481596 1.88114916813694 -5.34300470079138e-05 -1.35214919632229 0.975377920672209
3.0766808734655e-05 -0.0969229609055411 2.54910579929438 0.0102801259850047 -0.873615689481596 1.88114916813694 0.87484026059583 -0.836846972131781 1.90692919740559 0.876063272768479 -0.0948286100096247 2.54499108365113
0.876063272768479 -0.0948286100096247 2.54499108365113 1.02912656998226 0.796051118374063 2.91998524180095 0.28823072799275 0.959889840569229 3.01058373606444 1.16472429054263e-05 0.0240152317726938 2.62023432850888
-1.16748986219114e-05 1.97264536381058 2.96011844842937 0.28823072799275 0.959889840569229 3.01058373606444 1.09985933311148 1.3396957409173 2.94396137142159 0.71055573747238 2.26818164715074 2.90418162180975
0.71055573747238 2.26818164715074 2.90418162180975 1.36643239089266 2.91441404340282 2.49499301373568 0.867341161441267 3.39513255457176 2.29344619975779 -8.98273781296334e-06 2.84394328340393 2.67453938666277
1.66428435257096e-05 3.86962635340487 1.8202214082698 0.867341161441267 3.39513255457176 2.29344619975779 1.61520629008001 3.74276487575094 1.68915891694754 0.321909077348577 4.24883687734131 1.25301153822644
0.321909077348577 4.24883687734131 1.25301153822644 1.67567623208144 4.23586970652935 0.718130723404302 1.15164356295564 4.44068625064041 5.64271427567602e-05 1.76061758951399e-05 4.44580942009575 0.482428369538375
1.70417755126539 -1.67791443963876 2.8397342524482e-05 1.69522555589171 -1.550101314484 0.860505182008911 0.892196041982254 -1.41250603881332 0.985011679628239 0.880945919561453 -1.55392754998115 0.0115404734898083
0.867099385949561 -0.942516811679694 1.84887111859991 0.892196041982254 -1.41250603881332 0.985011679628239 1.72249256686485 -1.45685718141939 1.02653550676774 1.72514182527837 -0.996656302888562 1.8764487648566
1.72514182527837 -0.996656302888562 1.8764487648566 1.97444800772307 -0.335126239248481 2.53551534136906 1.08341858451847 -0.142864977090817 2.59083886213398 0.87484026059583 -0.836846972131781 1.90692919740559
1.02912656998226 0.796051118374063 2.91998524180095 1.08341858451847 -0.142864977090817 2.59083886213398 2.01121537441 -0.156708354595494 2.59763019606806 1.79280100350325 0.768137523442331 2.9197727790189
1.79280100350325 0.768137523442331 2.9197727790189 2.33312188503971 1.61313623346964 2.94894584596948 1.78932911794256 2.1041897189733 2.96951088036649 1.09985933311148 1.3396957409173 2.94396137142159
1.36643239089266 2.91441404340282 2.49499301373568 1.78932911794256 2.1041897189733 2.96951088036649 2.47818186599533 2.40755740923047 2.78086214806299 2.04850401069477 3.11327043282251 2.36835212485829
2.04850401069477 3.11327043282251 2.36835212485829 2.63489448967802 3.57118600590506 1.82128900356758 2.12743502889856 4.08113276495747 1.28028603959667 1.61520629008001 3.74276487575094 1.68915891694754
1.67567623208144 4.23586970652935 0.718130723404302 2.12743502889856 4.08113276495747 1.28028603959667 2.73088591085801 4.15171394952202 0.596385679310277 2.23224993005302 4.31785106378846 1.12759257055842e-05
1.69522555589171 -1.550101314484 0.860505182008911 1.8755266784218 -1.71257419411381 -9.53673191001912e-05 2.73731851819038 -1.92170162970582 0.0332558298109571 2.49538342017666 -1.74216677565241 0.9068616628846
2.49538342017666 -1.74216677565241 0.9068616628846 2.67028968240583 -1.36434674694742 1.73185393977664 1.89581814652631 -1.05710583140853 1.89288714140326 1.72249256686485 -1.45685718141939 1.02653550676774
1.97444800772307 -0.335126239248481 2.53551534136906 1.89581814652631 -1.05710583140853 1.89288714140326 2.72053536399481 -1.21512721506028 1.85323263333124 2.87502367750351 -0.484742605645767 2.5123452995956
2.87502367750351 -0.484742605645767 2.5123452995956 3.1693081343155 0.365432925973577 2.93937685194197 2.49047464650602 0.623975875488185 3.00675452594411 2.01121537441 -0.156708354595494 2.59763019606806
2.33312188503971 1.61313623346964 2.94894584596948 2.49047464650602 0.623975875488185 3.00675452594411 3.3549809867141 0.965032622052611 2.94747977592415 3.01977905241367 1.8654556107036 2.90307714227127
3.01977905241367 1.8654556107036 2.90307714227127 3.72557579494632 2.4151513314308 2.54983635316021 3.46918762999151 2.93524252434248 2.38448496963639 2.47818186599533 2.40755740923047 2.78086214806299
2.63489448967802 3.57118600590506 1.82128900356758 3.46918762999151 2.93524252434248 2.38448496963639 4.15080210070629 3.20877246443579 1.74959492731229 3.28149542464261 3.81286683842041 1.24358435792563
3.28149542464261 3.81286683842041 1.24358435792563 4.31519182191618 3.64302467902138 0.715099534755571 3.65897885028428 4.03181601760162 2.22453928013345e-05 2.73088591085801 4.15171394952202 0.596385679310277
3.56127694359156 -2.2495872829697 -0.000140985479623011 3.46676931934992 -2.09385248883676 0.857808407414704 2.69233565465071 -1.78042119215392 0.927185879350788 2.73731851819038 -1.92170162970582 0.0332558298109571
2.67028968240583 -1.36434674694742 1.73185393977664 2.69233565465071 -1.78042119215392 0.927185879350788 3.5156911743998 -1.97278159571767 0.997727047459606 3.49410898499392 -1.54329997849384 1.82897375595098
3.49410898499392 -1.54329997849384 1.82897375595098 3.80834685058723 -0.964333468491228 2.49376210106071 3.00110360086448 -0.563296578252876 2.57456333175518 2.72053536399481 -1.21512721506028 1.85323263333124
3.1693081343155 0.365432925973577 2.93937685194197 3.00110360086448 -0.563296578252876 2.57456333175518 3.90653509230647 -0.741297068806491 2.55070166048437 3.87813136007607 0.195593751171932 2.90898496903669
3.87813136007607 0.195593751171932 2.90898496903669 4.59844891455669 0.894124777727608 2.92058655639207 4.27177467188431 1.558741601238 2.95138993391891 3.3549809867141 0.965032622052611 2.94747977592415
3.72557579494632 2.4151513314308 2.54983635316021 4.27177467188431 1.558741601238 2.95138993391891 5.02278664391414 1.59251505243827 2.76178192601246 4.29952572559484 2.48424110175288 2.3784334207073
4.29952572559484 2.48424110175288 2.3784334207073 5.36181402283971 2.7705977619426 1.87367484957657 4.89140132373414 3.45940519879198 1.35103811621813 4.15080210070629 3.20877246443579 1.74959492731229
4.31519182191618 3.64302467902138 0.715099534755571 4.89140132373414 3.45940519879198 1.35103811621813 5.41821562867187 3.46657720823176 0.566551608965082 5.07657318496979 3.59974814063022 -0.000117410343683981
3.46676931934992 -2.09385248883676 0.857808407414704 3.70809320899399 -2.31450329195066 -2.4870161176718e-05 4.4523039571131 -2.62359800132481 0.0789215067863066 4.23744807935741 -2.41448225528252 0.935594408473025
4.23744807935741 -2.41448225528252 0.935594408473025 4.4192664643548 -2.0819745967128 1.76031362077138 3.669696065683 -1.6140287629302 1.84230197449725 3.5156911743998 -1.97278159571767 0.997727047459606
3.80834685058723 -0.964333468491228 2.49376210106071 3.669696065683 -1.6140287629302 1.84230197449725 4.50894577377724 -1.93201478155511 1.79994477585322 4.66081624963465 -1.26717842704099 2.46962986513229
4.66081624963465 -1.26717842704099 2.46962986513229 5.15817787996402 -0.583514574709525 2.91548866216095 4.55967029691307 -0.11349134429722 3.00068872069753 3.90653509230647 -0.741297068806491 2.55070166048437
4.59844891455669 0.894124777727608 2.92058655639207 4.55967029691307 -0.11349134429722 3.00068872069753 5.45779411221918 -0.104467945437165 2.93259349320273 5.33758358798089 0.891591698722074 2.86532052928547
5.33758358798089 0.891591698722074 2.86532052928547 6.025302137578 1.55497728502226 2.55215370496514 5.79617543528813 2.11791141153966 2.46382687056948 5.02278664391414 1.59251505243827 2.76178192601246
5.36181402283971 2.7705977619426 1.87367484957657 5.79617543528813 2.11791141153966 2.46382687056948 6.53497714340033 2.28624542962032 1.74265103864102 5.99140482471136 2.99430100576379 1.15085728497199
5.99140482471136 2.99430100576379 1.15085728497199 6.90254463928819 2.580599371665 0.769139391947017 6.51487821080957 2.99620662690214 -8.30594123118434e-05 5.41821562867187 3.46657720823176 0.566551608965082
5.10169888904679 -3.10077297310627 0.000105614278767574 5.05300312595527 -2.94041618371433 0.895762444210967 4.38089366525815 -2.45037975638209 0.94997661629737 4.4523039571131 -2.62359800132481 0.0789215067863066
4.4192664643548 -2.0819745967128 1.76031362077138 4.38089366525815 -2.45037975638209 0.94997661629737 5.12265008028268 -2.84025720167858 0.964564646459548 5.19959192591993 -2.50450756774359 1.74985917479449
5.19959192591993 -2.50450756774359 1.74985917479449 5.50976238565288 -2.03648203594111 2.3979967059929 4.84065091103088 -1.39844652212285 2.52365111921118 4.50894577377724 -1.93201478155511 1.79994477585322
5.15817787996402 -0.583514574709525 2.91548866216095 4.84065091103088 -1.39844652212285 2.52365111921118 5.60999250044124 -1.91941096422756 2.43061400606319 5.84786043840651 -0.915183255741294 2.88862153286134
5.84786043840651 -0.915183255741294 2.88862153286134 6.72580952508582 -0.20917460337942 2.96333128868962 6.49141703443092 0.529480352621544 3.00701439227889 5.45779411221918 -0.104467945437165 2.93259349320273
6.025302137578 1.55497728502226 2.55215370496514 6.49141703443092 0.529480352621544 3.00701439227889 7.31217870406868 0.31892112155362 2.73840130125416 6.59246298827634 1.43572333647148 2.3489236268386
6.59246298827634 1.43572333647148 2.3489236268386 7.90498840923967 1.41673741881719 1.90864283144617 7.58205481720973 2.13500069860262 1.49161623100759 6.53497714340033 2.28624542962032 1.74265103864102
6.90254463928819 2.580599371665 0.769139391947017 7.58205481720973 2.13500069860262 1.49161623100759 7.91706825517201 2.19556854472778 0.497784695014173 7.46469963864489 2.49569553688155 5.49199208080672e-05
5.05300312595527 -2.94041618371433 0.895762444210967 5.18589033327403 -3.15925352363657 -9.26026456125662e-05 5.84490421588743 -3.57174214414394 0.0946686701950537 5.75438605432775 -3.3897341815627 0.92709030200175
5.75438605432775 -3.3897341815627 0.92709030200175 5.96343151474546 -3.12265849602516 1.71399365369487 5.31019798444372 -2.55650486381286 1.74914581671761 5.12265008028268 -2.84025720167858 0.964564646459548
5.50976238565288 -2.03648203594111 2.3979967059929 5.31019798444372 -2.55650486381286 1.74914581671761 6.13141474702821 -2.95796197877043 1.83218486893439 6.27304059492198 -2.56671690746777 2.31525570131365
6.27304059492198 -2.56671690746777 2.31525570131365 6.56765148598966 -2.09877057861132 2.6326179329809 6.28233295562111 -1.22484572392049 2.97272622198339 5.60999250044124 -1.91941096422756 2.43061400606319
6.72580952508582 -0.20917460337942 2.96333128868962 6.28233295562111 -1.22484572392049 2.97272622198339 7.11071193736513 -1.78645174114246 2.79185226501369 7.40304604138952 -0.561304460490947 2.82256809003646
7.40304604138952 -0.561304460490947 2.82256809003646 8.44155470772751 0.0765783721758631 2.50320350435953 8.16780209918015 0.694165159264346 2.49328098063992 7.31217870406868 0.31892112155362 2.73840130125416
7.90498840923967 1.41673741881719 1.90864283144617 8.16780209918015 0.694165159264346 2.49328098063992 8.97055606484528 0.72942034495329 1.77319294311823 8.42990760040402 1.63306499630937 1.22179377465518
8.42990760040402 1.63306499630937 1.22179377465518 9.34959280911411 1.03867875395228 0.75940915586645 9.23827017995657 1.30251178972471 -1.60457437826849e-05 7.91706825517201 2.19556854472778 0.497784695014173
6.3637012051937 -4.1508246718906 0.000122883522615853 6.46816889824034 -4.04692265604112 0.927943427841025 5.87184155469978 -3.40765604759557 0.923463354437735 5.84490421588743 -3.57174214414394 0.0946686701950537
5.96343151474546 -3.12265849602516 1.71399365369487 5.87184155469978 -3.40765604759557 0.923463354437735 6.478380638632 -4.03671091564946 0.972181615410759 6.54330859498866 -3.76373836482587 1.67879622562122
6.54330859498866 -3.76373836482587 1.67879622562122 7.03331441341684 -3.48177714086462 2.18717217286131 6.67090814264225 -2.77434327396437 2.32128548080126 6.13141474702821 -2.95796197877043 1.83218486893439
6.56765148598966 -2.09877057861132 2.6326179329809 6.67090814264225 -2.77434327396437 2.32128548080126 7.19609516792733 -3.31899638635413 2.38257293917788 7.25560059864515 -2.79087706253413 2.72502832642375
7.25560059864515 -2.79087706253413 2.72502832642375 7.85749369277212 -2.65759786150934 2.86577520119976 8.28531841612192 -1.14805520646203 3.10329503853854 7.11071193736513 -1.78645174114246 2.79185226501369
8.44155470772751 0.0765783721758631 2.50320350435953 8.28531841612192 -1.14805520646203 3.10329503853854 9.13672342819465 -1.37836812608681 2.85513655328179 9.05363282218566 -0.171579353263908 2.36096959129038
9.05363282218566 -0.171579353263908 2.36096959129038 10.2043078057054 -0.310783748576043 1.75779823977828 10.2086892951607 0.144263214332691 1.43268604290652 8.97055606484528 0.72942034495329 1.77319294311823
9.34959280911411 1.03867875395228 0.75940915586645 10.2086892951607 0.144263214332691 1.43268604290652 10.5854550033664 0.0703634490849741 0.423233123341397 9.63081371993821 0.984976668144942 -3.67762518672758e-05
-6.46816889488809 -4.04692265604112 -0.927943427841025 -5.87184155134753 -3.40765604759557 -0.923463354437735 -5.84490421253517 -3.57174214414394 -0.0946686701950538 -6.36370120184145 -4.1508246718906 -0.000122883522615912
-5.87184155134753 -3.40765604759557 -0.923463354437735 -6.47838063527975 -4.03671091564945 -0.972181615410759 -6.54330859163641 -3.76373836482587 -1.67879622562122 -5.96343151139321 -3.12265849602515 -1.71399365369487
-7.03331441006459 -3.48177714086462 -2.18717217286131 -6.67090813929 -2.77434327396437 -2.32128548080126 -6.13141474367596 -2.95796197877042 -1.83218486893439 -6.54330859163641 -3.76373836482587 -1.67879622562122
-6.67090813929 -2.77434327396437 -2.32128548080126 -7.19609516457507 -3.31899638635413 -2.38257293917788 -7.2556005952929 -2.79087706253413 -2.72502832642375 -6.56765148263741 -2.09877057861131 -2.6326179329809
-7.85749368941987 -2.65759786150934 -2.86577520119976 -8.28531841276966 -1.14805520646203 -3.10329503853854 -7.11071193401288 -1.78645174114246 -2.79185226501369 -7.2556005952929 -2.79087706253413 -2.72502832642375
-8.28531841276966 -1.14805520646203 -3.10329503853854 -9.1367234248424 -1.37836812608681 -2.85513655328179 -9.0536328188334 -0.171579353263906 -2.36096959129038 -8.44155470437525 0.0765783721758631 -2.50320350435953
-10.2043078023532 -0.310783748576041 -1.75779823977828 -10.2086892918084 0.144263214332693 -1.43268604290652 -8.97055606149303 0.729420344953292 -1.77319294311823 -9.0536328188334 -0.171579353263906 -2.36096959129038
-10.2086892918084 0.144263214332693 -1.43268604290652 -10.5854550000142 0.0703634490849758 -0.423233123341397 -9.63081371658596 0.984976668144943 3.67762518672172e-05 -9.34959280576185 1.03867875395228 -0.75940915586645
-5.18589032992178 -3.15925352363657 9.26026456125076e-05 -5.84490421253517 -3.57174214414394 -0.0946686701950538 -5.7543860509755 -3.38973418156269 -0.92709030200175 -5.05300312260302 -2.94041618371433 -0.895762444210967
-5.96343151139321 -3.12265849602515 -1.71399365369487 -5.31019798109147 -2.55650486381286 -1.74914581671761 -5.12265007693043 -2.84025720167858 -0.964564646459548 -5.7543860509755 -3.38973418156269 -0.92709030200175
-5.31019798109147 -2.55650486381286 -1.74914581671761 -6.13141474367596 -2.95796197877042 -1.83218486893439 -6.27304059156973 -2.56671690746777 -2.31525570131365 -5.50976238230063 -2.03648203594111 -2.3979967059929
-6.56765148263741 -2.09877057861131 -2.6326179329809 -6.28233295226886 -1.22484572392049 -2.97272622198339 -5.60999249708898 -1.91941096422756 -2.43061400606319 -6.27304059156973 -2.56671690746777 -2.31525570131365
-6.28233295226886 -1.22484572392049 -2.97272622198339 -7.11071193401288 -1.78645174114246 -2.79185226501369 -7.40304603803727 -0.561304460490945 -2.82256809003646 -6.72580952173357 -0.209174603379418 -2.96333128868962
-8.44155470437525 0.0765783721758631 -2.50320350435953 -8.16780209582789 0.694165159264346 -2.49328098063992 -7.31217870071642 0.318921121553622 -2.73840130125416 -7.40304603803727 -0.561304460490945 -2.82256809003646
-8.16780209582789 0.694165159264346 -2.49328098063992 -8.97055606149303 0.729420344953292 -1.77319294311823 -8.42990759705176 1.63306499630937 -1.22179377465518 -7.90498840588742 1.4167374188172 -1.90864283144617
-9.34959280576185 1.03867875395228 -0.75940915586645 -9.23827017660431 1.30251178972471 1.60457437826263e-05 -7.91706825181976 2.19556854472778 -0.497784695014173 -8.42990759705176 1.63306499630937 -1.22179377465518
-5.05300312260302 -2.94041618371433 -0.895762444210967 -4.3808936619059 -2.45037975638209 -0.94997661629737 -4.45230395376085 -2.62359800132481 -0.0789215067863066 -5.10169888569454 -3.10077297310627 -0.000105614278767632
-4.3808936619059 -2.45037975638209 -0.94997661629737 -5.12265007693043 -2.84025720167858 -0.964564646459548 -5.19959192256768 -2.50450756774359 -1.74985917479449 -4.41926646100255 -2.0819745967128 -1.76031362077138
-5.50976238230063 -2.03648203594111 -2.3979967059929 -4.84065090767863 -1.39844652212285 -2.52365111921118 -4.50894577042499 -1.93201478155511 -1.79994477585322 -5.19959192256768 -2.50450756774359 -1.74985917479449
-4.84065090767863 -1.39844652212285 -2.52365111921118 -5.60999249708898 -1.91941096422756 -2.43061400606319 -5.84786043505426 -0.915183255741294 -2.88862153286134 -5.15817787661177 -0.583514574709525 -2.91548866216095
-6.72580952173357 -0.209174603379418 -2.96333128868962 -6.49141703107866 0.529480352621546 -3.00701439227889 -5.45779410886692 -0.104467945437165 -2.93259349320273 -5.84786043505426 -0.915183255741294 -2.88862153286134
-6.49141703107866 0.529480352621546 -3.00701439227889 -7.31217870071642 0.318921121553622 -2.73840130125416 -6.59246298492408 1.43572333647148 -2.3489236268386 -6.02530213422574 1.55497728502226 -2.55215370496514
-7.90498840588742 1.4167374188172 -1.90864283144617 -7.58205481385748 2.13500069860262 -1.49161623100759 -6.53497714004808 2.28624542962032 -1.74265103864102 -6.59246298492408 1.43572333647148 -2.3489236268386
-7.58205481385748 2.13500069860262 -1.49161623100759 -7.91706825181976 2.19556854472778 -0.497784695014173 -7.46469963529263 2.49569553688155 -5.49199208081259e-05 -6.90254463593594 2.580599371665 -0.769139391947017
-3.70809320564174 -2.31450329195066 2.48701611766594e-05 -4.45230395376085 -2.62359800132481 -0.0789215067863066 -4.23744807600516 -2.41448225528252 -0.935594408473025 -3.46676931599767 -2.09385248883676 -0.857808407414704
-4.41926646100255 -2.0819745967128 -1.76031362077138 -3.66969606233075 -1.6140287629302 -1.84230197449725 -3.51569117104754 -1.97278159571767 -0.997727047459606 -4.23744807600516 -2.41448225528252 -0.935594408473025
-3.66969606233075 -1.6140287629302 -1.84230197449725 -4.50894577042499 -1.93201478155511 -1.79994477585322 -4.6608162462824 -1.26717842704099 -2.46962986513229 -3.80834684723498 -0.964333468491226 -2.49376210106071
-5.15817787661177 -0.583514574709525 -2.91548866216095 -4.55967029356082 -0.11349134429722 -3.00068872069753 -3.90653508895422 -0.741297068806489 -2.55070166048437 -4.6608162462824 -1.26717842704099 -2.46962986513229
-4.55967029356082 -0.11349134429722 -3.00068872069753 -5.45779410886692 -0.104467945437165 -2.93259349320273 -5.33758358462864 0.891591698722074 -2.86532052928547 -4.59844891120444 0.89412477772761 -2.92058655639207
-6.02530213422574 1.55497728502226 -2.55215370496514 -5.79617543193588 2.11791141153966 -2.46382687056948 -5.02278664056189 1.59251505243827 -2.76178192601246 -5.33758358462864 0.891591698722074 -2.86532052928547
-5.79617543193588 2.11791141153966 -2.46382687056948 -6.53497714004808 2.28624542962032 -1.74265103864102 -5.99140482135911 2.99430100576379 -1.15085728497199 -5.36181401948746 2.7705977619426 -1.87367484957657
-6.90254463593594 2.580599371665 -0.769139391947017 -6.51487820745732 2.99620662690214 8.30594123117848e-05 -5.41821562531961 3.46657720823176 -0.566551608965082 -5.99140482135911 2.99430100576379 -1.15085728497199
-3.46676931599767 -2.09385248883676 -0.857808407414704 -2.69233565129846 -1.78042119215392 -0.927185879350788 -2.73731851483813 -1.92170162970582 -0.0332558298109571 -3.56127694023931 -2.2495872829697 0.000140985479622953
-2.69233565129846 -1.78042119215392 -0.927185879350788 -3.51569117104754 -1.97278159571767 -0.997727047459606 -3.49410898164167 -1.54329997849384 -1.82897375595098 -2.67028967905358 -1.36434674694742 -1.73185393977664
-3.80834684723498 -0.964333468491226 -2.49376210106071 -3.00110359751223 -0.563296578252876 -2.57456333175518 -2.72053536064256 -1.21512721506028 -1.85323263333124 -3.49410898164167 -1.54329997849384 -1.82897375595098
-3.00110359751223 -0.563296578252876 -2.57456333175518 -3.90653508895422 -0.741297068806489 -2.55070166048437 -3.87813135672382 0.195593751171934 -2.90898496903669 -3.16930813096325 0.365432925973577 -2.93937685194197
-4.59844891120444 0.89412477772761 -2.92058655639207 -4.27177466853205 1.558741601238 -2.95138993391891 -3.35498098336185 0.965032622052611 -2.94747977592415 -3.87813135672382 0.195593751171934 -2.90898496903669
-4.27177466853205 1.558741601238 -2.95138993391891 -5.02278664056189 1.59251505243827 -2.76178192601246 -4.29952572224258 2.48424110175288 -2.3784334207073 -3.72557579159406 2.4151513314308 -2.54983635316021
-5.36181401948746 2.7705977619426 -1.87367484957657 -4.89140132038188 3.45940519879198 -1.35103811621813 -4.15080209735404 3.20877246443579 -1.74959492731229 -4.29952572224258 2.48424110175288 -2.3784334207073
-4.89140132038188 3.45940519879198 -1.35103811621813 -5.41821562531961 3.46657720823176 -0.566551608965082 -5.07657318161754 3.59974814063022 0.000117410343683922 -4.31519181856393 3.64302467902138 -0.715099534755571
-1.87552667506954 -1.71257419411381 9.53673191001325e-05 -2.73731851483813 -1.92170162970582 -0.0332558298109571 -2.49538341682441 -1.74216677565241 -0.9068616628846 -1.69522555253946 -1.550101314484 -0.860505182008911
-2.67028967905358 -1.36434674694742 -1.73185393977664 -1.89581814317406 -1.05710583140853 -1.89288714140326 -1.72249256351259 -1.45685718141939 -1.02653550676774 -2.49538341682441 -1.74216677565241 -0.9068616628846
-1.89581814317406 -1.05710583140853 -1.89288714140326 -2.72053536064256 -1.21512721506028 -1.85323263333124 -2.87502367415126 -0.484742605645767 -2.5123452995956 -1.97444800437081 -0.335126239248481 -2.53551534136906
-3.16930813096325 0.365432925973577 -2.93937685194197 -2.49047464315377 0.623975875488185 -3.00675452594411 -2.01121537105775 -0.156708354595494 -2.59763019606806 -2.87502367415126 -0.484742605645767 -2.5123452995956
-2.49047464315377 0.623975875488185 -3.00675452594411 -3.35498098336185 0.965032622052611 -2.94747977592415 -3.01977904906141 1.8654556107036 -2.90307714227127 -2.33312188168746 1.61313623346964 -2.94894584596948
-3.72557579159406 2.4151513314308 -2.54983635316021 -3.46918762663926 2.93524252434248 -2.38448496963639 -2.47818186264307 2.40755740923047 -2.78086214806299 -3.01977904906141 1.8654556107036 -2.90307714227127
-3.46918762663926 2.93524252434248 -2.38448496963639 -4.15080209735404 3.20877246443579 -1.74959492731229 -3.28149542129036 3.81286683842041 -1.24358435792563 -2.63489448632577 3.57118600590506 -1.82128900356758
-4.31519181856393 3.64302467902138 -0.715099534755571 -3.65897884693202 4.03181601760162 -2.22453928013931e-05 -2.73088590750576 4.15171394952202 -0.596385679310277 -3.28149542129036 3.81286683842041 -1.24358435792563
-1.69522555253946 -1.550101314484 -0.860505182008911 -0.892196038630001 -1.41250603881332 -0.985011679628239 -0.8809459162092 -1.55392754998115 -0.0115404734898084 -1.70417754791314 -1.67791443963876 -2.83973425245406e-05
-0.892196038630001 -1.41250603881332 -0.985011679628239 -1.72249256351259 -1.45685718141939 -1.02653550676774 -1.72514182192612 -0.996656302888562 -1.8764487648566 -0.867099382597309 -0.942516811679694 -1.84887111859991
-1.97444800437081 -0.335126239248481 -2.53551534136906 -1.08341858116621 -0.142864977090817 -2.59083886213398 -0.874840257243578 -0.836846972131781 -1.90692919740559 -1.72514182192612 -0.996656302888562 -1.8764487648566
-1.08341858116621 -0.142864977090817 -2.59083886213398 -2.01121537105775 -0.156708354595494 -2.59763019606806 -1.792801000151 0.768137523442331 -2.9197727790189 -1.02912656663 0.796051118374063 -2.91998524180095
-2.33312188168746 1.61313623346964 -2.94894584596948 -1.7893291145903 2.1041897189733 -2.96951088036649 -1.09985932975923 1.3396957409173 -2.94396137142159 -1.792801000151 0.768137523442331 -2.9197727790189
-1.7893291145903 2.1041897189733 -2.96951088036649 -2.47818186264307 2.40755740923047 -2.78086214806299 -2.04850400734252 3.11327043282251 -2.36835212485829 -1.36643238754041 2.91441404340282 -2.49499301373568
-2.63489448632577 3.57118600590506 -1.82128900356758 -2.12743502554631 4.08113276495747 -1.28028603959667 -1.61520628672776 3.74276487575094 -1.68915891694754 -2.04850400734252 3.11327043282251 -2.36835212485829
-2.12743502554631 4.08113276495747 -1.28028603959667 -2.73088590750576 4.15171394952202 -0.596385679310277 -2.23224992670076 4.31785106378846 -1.12759257056428e-05 -1.67567622872918 4.23586970652935 -0.718130723404302
-0.0493310250733233 -1.5152349882462 8.37610262551035e-05 -0.8809459162092 -1.55392754998115 -0.0115404734898084 -0.837887062586222 -1.40013394144626 -0.980485344770884 -3.03129389128211e-06 -1.36709010269174 -0.930822105579501
-0.867099382597309 -0.942516811679694 -1.84887111859991 -0.0102801226327525 -0.873615689481596 -1.88114916813694 -5.34300470079138e-05 -1.35214919632229 -0.975377920672209 -0.837887062586222 -1.40013394144626 -0.980485344770884
-0.0102801226327525 -0.873615689481596 -1.88114916813694 -0.874840257243578 -0.836846972131781 -1.90692919740559 -0.876063269416226 -0.0948286100096247 -2.54499108365113 3.0766808734655e-05 -0.0969229609055411 -2.54910579929438
-1.02912656663 0.796051118374063 -2.91998524180095 -0.288230724640498 0.959889840569229 -3.01058373606444 1.16472429054263e-05 0.0240152317726938 -2.62023432850888 -0.876063269416226 -0.0948286100096247 -2.54499108365113
-0.288230724640498 0.959889840569229 -3.01058373606444 -1.09985932975923 1.3396957409173 -2.94396137142159 -0.710555734120127 2.26818164715074 -2.90418162180975 -1.16748986219114e-05 1.97264536381058 -2.96011844842937
-1.36643238754041 2.91441404340282 -2.49499301373568 -0.867341158089015 3.39513255457176 -2.29344619975779 -8.98273781296334e-06 2.84394328340393 -2.67453938666277 -0.710555734120127 2.26818164715074 -2.90418162180975
-0.867341158089015 3.39513255457176 -2.29344619975779 -1.61520628672776 3.74276487575094 -1.68915891694754 -0.321909073996324 4.24883687734131 -1.25301153822644 1.66428435257096e-05 3.86962635340487 -1.8202214082698
-1.67567622872918 4.23586970652935 -0.718130723404302 -1.15164355960339 4.44068625064041 -5.64271427568188e-05 1.76061758951399e-05 4.44580942009575 -0.482428369538375 -0.321909073996324 4.24883687734131 -1.25301153822644
-3.03129389128211e-06 -1.36709010269174 -0.930822105579501 0.837887065938475 -1.40013394144626 -0.980485344770884 0.880945919561453 -1.55392754998115 -0.0115404734898084 0.0493310284255754 -1.5152349882462 8.37610262551035e-05
0.837887065938475 -1.40013394144626 -0.980485344770884 -5.34300470079138e-05 -1.35214919632229 -0.975377920672209 0.0102801259850047 -0.873615689481596 -1.88114916813694 0.867099385949561 -0.942516811679694 -1.84887111859991
3.0766808734655e-05 -0.0969229609055411 -2.54910579929438 0.876063272768479 -0.0948286100096247 -2.54499108365113 0.87484026059583 -0.836846972131781 -1.90692919740559 0.0102801259850047 -0.873615689481596 -1.88114916813694
0.876063272768479 -0.0948286100096247 -2.54499108365113 1.16472429054263e-05 0.0240152317726938 -2.62023432850888 0.28823072799275 0.959889840569229 -3.01058373606444 1.02912656998226 0.796051118374063 -2.91998524180095
-1.16748986219114e-05 1.97264536381058 -2.96011844842937 0.71055573747238 2.26818164715074 -2.90418162180975 1.09985933311148 1.3396957409173 -2.94396137142159 0.28823072799275 0.959889840569229 -3.01058373606444
0.71055573747238 2.26818164715074 -2.90418162180975 -8.98273781296334e-06 2.84394328340393 -2.67453938666277 0.867341161441267 3.39513255457176 -2.29344619975779 1.36643239089266 2.91441404340282 -2.49499301373568
1.66428435257096e-05 3.86962635340487 -1.8202214082698 0.321909077348577 4.24883687734131 -1.25301153822644 1.61520629008001 3.74276487575094 -1.68915891694754 0.867341161441267 3.39513255457176 -2.29344619975779
0.321909077348577 4.24883687734131 -1.25301153822644 1.76061758951399e-05 4.44580942009575 -0.482428369538375 1.15164356295564 4.44068625064041 -5.64271427568188e-05 1.67567623208144 4.23586970652935 -0.718130723404302
1.70417755126539 -1.67791443963876 -2.83973425245406e-05 0.880945919561453 -1.55392754998115 -0.0115404734898084 0.892196041982254 -1.41250603881332 -0.985011679628239 1.69522555589171 -1.550101314484 -0.860505182008911
0.867099385949561 -0.942516811679694 -1.84887111859991 1.72514182527837 -0.996656302888562 -1.8764487648566 1.72249256686485 -1.45685718141939 -1.02653550676774 0.892196041982254 -1.41250603881332 -0.985011679628239
1.72514182527837 -0.996656302888562 -1.8764487648566 0.87484026059583 -0.836846972131781 -1.90692919740559 1.08341858451847 -0.142864977090817 -2.59083886213398 1.97444800772307 -0.335126239248481 -2.53551534136906
1.02912656998226 0.796051118374063 -2.91998524180095 1.79280100350325 0.768137523442331 -2.9197727790189 2.01121537441 -0.156708354595494 -2.59763019606806 1.08341858451847 -0.142864977090817 -2.59083886213398
1.79280100350325 0.768137523442331 -2.9197727790189 1.09985933311148 1.3396957409173 -2.94396137142159 1.78932911794256 2.1041897189733 -2.96951088036649 2.33312188503971 1.61313623346964 -2.94894584596948
1.36643239089266 2.91441404340282 -2.49499301373568 2.04850401069477 3.11327043282251 -2.36835212485829 2.47818186599533 2.40755740923047 -2.78086214806299 1.78932911794256 2.1041897189733 -2.96951088036649
2.04850401069477 3.11327043282251 -2.36835212485829 1.61520629008001 3.74276487575094 -1.68915891694754 2.12743502889856 4.08113276495747 -1.28028603959667 2.63489448967802 3.57118600590506 -1.82128900356758
1.67567623208144 4.23586970652935 -0.718130723404302 2.23224993005302 4.31785106378846 -1.12759257056428e-05 2.73088591085801 4.15171394952202 -0.596385679310277 2.12743502889856 4.08113276495747 -1.28028603959667
1.69522555589171 -1.550101314484 -0.860505182008911 2.49538342017666 -1.74216677565241 -0.9068616628846 2.73731851819038 -1.92170162970582 -0.0332558298109571 1.8755266784218 -1.71257419411381 9.53673191001325e-05
2.49538342017666 -1.74216677565241 -0.9068616628846 1.72249256686485 -1.45685718141939 -1.02653550676774 1.89581814652631 -1.05710583140853 -1.89288714140326 2.67028968240583 -1.36434674694742 -1.73185393977664
1.97444800772307 -0.335126239248481 -2.53551534136906 2.87502367750351 -0.484742605645767 -2.5123452995956 2.72053536399481 -1.21512721506028 -1.85323263333124 1.89581814652631 -1.05710583140853 -1.89288714140326
2.87502367750351 -0.484742605645767 -2.5123452995956 2.01121537441 -0.156708354595494 -2.59763019606806 2.49047464650602 0.623975875488185 -3.00675452594411 3.1693081343155 0.365432925973577 -2.93937685194197
2.33312188503971 1.61313623346964 -2.94894584596948 3.01977905241367 1.8654556107036 -2.90307714227127 3.3549809867141 0.965032622052611 -2.94747977592415 2.49047464650602 0.623975875488185 -3.00675452594411
3.01977905241367 1.8654556107036 -2.90307714227127 2.47818186599533 2.40755740923047 -2.78086214806299 3.46918762999151 2.93524252434248 -2.38448496963639 3.72557579494632 2.4151513314308 -2.54983635316021
2.63489448967802 3.57118600590506 -1.82128900356758 3.28149542464261 3.81286683842041 -1.24358435792563 4.15080210070629 3.20877246443579 -1.74959492731229 3.46918762999151 2.93524252434248 -2.38448496963639
3.28149542464261 3.81286683842041 -1.24358435792563 2.73088591085801 4.15171394952202 -0.596385679310277 3.65897885028428 4.03181601760162 -2.22453928013931e-05 4.31519182191618 3.64302467902138 -0.715099534755571
3.56127694359156 -2.2495872829697 0.000140985479622953 2.73731851819038 -1.92170162970582 -0.0332558298109571 2.69233565465071 -1.78042119215392 -0.927185879350788 3.46676931934992 -2.09385248883676 -0.857808407414704
2.67028968240583 -1.36434674694742 -1.73185393977664 3.49410898499392 -1.54329997849384 -1.82897375595098 3.5156911743998 -1.97278159571767 -0.997727047459606 2.69233565465071 -1.78042119215392 -0.927185879350788
3.49410898499392 -1.54329997849384 -1.82897375595098 2.72053536399481 -1.21512721506028 -1.85323263333124 3.00110360086448 -0.563296578252876 -2.57456333175518 3.80834685058723 -0.964333468491228 -2.49376210106071
3.1693081343155 0.365432925973577 -2.93937685194197 3.87813136007607 0.195593751171932 -2.90898496903669 3.90653509230647 -0.741297068806491 -2.55070166048437 3.00110360086448 -0.563296578252876 -2.57456333175518
3.87813136007607 0.195593751171932 -2.90898496903669 3.3549809867141 0.965032622052611 -2.94747977592415 4.27177467188431 1.558741601238 -2.95138993391891 4.59844891455669 0.894124777727608 -2.92058655639207
3.72557579494632 2.4151513314308 -2.54983635316021 4.29952572559484 2.48424110175288 -2.3784334207073 5.02278664391414 1.59251505243827 -2.76178192601246 4.27177467188431 1.558741601238 -2.95138993391891
4.29952572559484 2.48424110175288 -2.3784334207073 4.15080210070629 3.20877246443579 -1.74959492731229 4.89140132373414 3.45940519879198 -1.35103811621813 5.36181402283971 2.7705977619426 -1.87367484957657
4.31519182191618 3.64302467902138 -0.715099534755571 5.07657318496979 3.59974814063022 0.000117410343683922 5.41821562867187 3.46657720823176 -0.566551608965082 4.89140132373414 3.45940519879198 -1.35103811621813
3.46676931934992 -2.09385248883676 -0.857808407414704 4.23744807935741 -2.41448225528252 -0.935594408473025 4.4523039571131 -2.62359800132481 -0.0789215067863066 3.70809320899399 -2.31450329195066 2.48701611766594e-05
4.23744807935741 -2.41448225528252 -0.935594408473025 3.5156911743998 -1.97278159571767 -0.997727047459606 3.669696065683 -1.6140287629302 -1.84230197449725 4.4192664643548 -2.0819745967128 -1.76031362077138
3.80834685058723 -0.964333468491228 -2.49376210106071 4.66081624963465 -1.26717842704099 -2.46962986513229 4.50894577377724 -1.93201478155511 -1.79994477585322 3.669696065683 -1.6140287629302 -1.84230197449725
4.66081624963465 -1.26717842704099 -2.46962986513229 3.90653509230647 -0.741297068806491 -2.55070166048437 4.55967029691307 -0.11349134429722 -3.00068872069753 5.15817787996402 -0.583514574709525 -2.91548866216095
4.59844891455669 0.894124777727608 -2.92058655639207 5.33758358798089 0.891591698722074 -2.86532052928547 5.45779411221918 -0.104467945437165 -2.93259349320273 4.55967029691307 -0.11349134429722 -3.00068872069753
5.33758358798089 0.891591698722074 -2.86532052928547 5.02278664391414 1.59251505243827 -2.76178192601246 5.79617543528813 2.11791141153966 -2.46382687056948 6.025302137578 1.55497728502226 -2.55215370496514
5.36181402283971 2.7705977619426 -1.87367484957657 5.99140482471136 2.99430100576379 -1.15085728497199 6.53497714340033 2.28624542962032 -1.74265103864102 5.79617543528813 2.11791141153966 -2.46382687056948
5.99140482471136 2.99430100576379 -1.15085728497199 5.41821562867187 3.46657720823176 -0.566551608965082 6.51487821080957 2.99620662690214 8.30594123117848e-05 6.90254463928819 2.580599371665 -0.769139391947017
5.10169888904679 -3.10077297310627 -0.000105614278767632 4.4523039571131 -2.62359800132481 -0.0789215067863066 4.38089366525815 -2.45037975638209 -0.94997661629737 5.05300312595527 -2.94041618371433 -0.895762444210967
4.4192664643548 -2.0819745967128 -1.76031362077138 5.19959192591993 -2.50450756774359 -1.74985917479449 5.12265008028268 -2.84025720167858 -0.964564646459548 4.38089366525815 -2.45037975638209 -0.94997661629737
5.19959192591993 -2.50450756774359 -1.74985917479449 4.50894577377724 -1.93201478155511 -1.79994477585322 4.84065091103088 -1.39844652212285 -2.52365111921118 5.50976238565288 -2.03648203594111 -2.3979967059929
5.15817787996402 -0.583514574709525 -2.91548866216095 5.84786043840651 -0.915183255741294 -2.88862153286134 5.60999250044124 -1.91941096422756 -2.43061400606319 4.84065091103088 -1.39844652212285 -2.52365111921118
5.84786043840651 -0.915183255741294 -2.88862153286134 5.45779411221918 -0.104467945437165 -2.93259349320273 6.49141703443092 0.529480352621544 -3.00701439227889 6.72580952508582 -0.20917460337942 -2.96333128868962
6.025302137578 1.55497728502226 -2.55215370496514 6.59246298827634 1.43572333647148 -2.3489236268386 7.31217870406868 0.31892112155362 -2.73840130125416 6.49141703443092 0.529480352621544 -3.00701439227889
6.59246298827634 1.43572333647148 -2.3489236268386 6.53497714340033 2.28624542962032 -1.74265103864102 7.58205481720973 2.13500069860262 -1.49161623100759 7.90498840923967 1.41673741881719 -1.90864283144617
6.90254463928819 2.580599371665 -0.769139391947017 7.46469963864489 2.49569553688155 -5.49199208081259e-05 7.91706825517201 2.19556854472778 -0.497784695014173 7.58205481720973 2.13500069860262 -1.49161623100759
5.05300312595527 -2.94041618371433 -0.895762444210967 5.75438605432775 -3.3897341815627 -0.92709030200175 5.84490421588743 -3.57174214414394 -0.0946686701950538 5.18589033327403 -3.15925352363657 9.26026456125076e-05
5.75438605432775 -3.3897341815627 -0.92709030200175 5.12265008028268 -2.84025720167858 -0.964564646459548 5.31019798444372 -2.55650486381286 -1.74914581671761 5.96343151474546 -3.12265849602516 -1.71399365369487
5.50976238565288 -2.03648203594111 -2.3979967059929 6.27304059492198 -2.56671690746777 -2.31525570131365 6.13141474702821 -2.95796197877043 -1.83218486893439 5.31019798444372 -2.55650486381286 -1.74914581671761
6.27304059492198 -2.56671690746777 -2.31525570131365 5.60999250044124 -1.91941096422756 -2.43061400606319 6.28233295562111 -1.22484572392049 -2.97272622198339 6.56765148598966 -2.09877057861132 -2.6326179329809
6.72580952508582 -0.20917460337942 -2.96333128868962 7.40304604138952 -0.561304460490947 -2.82256809003646 7.11071193736513 -1.78645174114246 -2.79185226501369 6.28233295562111 -1.22484572392049 -2.97272622198339
7.40304604138952 -0.561304460490947 -2.82256809003646 7.31217870406868 0.31892112155362 -2.73840130125416 8.16780209918015 0.694165159264346 -2.49328098063992 8.44155470772751 0.0765783721758631 -2.50320350435953
7.90498840923967 1.41673741881719 -1.90864283144617 8.42990760040402 1.63306499630937 -1.22179377465518 8.97055606484528 0.72942034495329 -1.77319294311823 8.16780209918015 0.694165159264346 -2.49328098063992
8.42990760040402 1.63306499630937 -1.22179377465518 7.91706825517201 2.19556854472778 -0.497784695014173 9.23827017995657 1.30251178972471 1.60457437826263e-05 9.34959280911411 1.03867875395228 -0.75940915586645
6.3637012051937 -4.1508246718906 -0.000122883522615912 5.84490421588743 -3.57174214414394 -0.0946686701950538 5.87184155469978 -3.40765604759557 -0.923463354437735 6.46816889824034 -4.04692265604112 -0.927943427841025
5.96343151474546 -3.12265849602516 -1.71399365369487 6.54330859498866 -3.76373836482587 -1.67879622562122 6.478380638632 -4.03671091564946 -0.972181615410759 5.87184155469978 -3.40765604759557 -0.923463354437735
6.54330859498866 -3.76373836482587 -1.67879622562122 6.13141474702821 -2.95796197877043 -1.83218486893439 6.67090814264225 -2.77434327396437 -2.32128548080126 7.03331441341684 -3.48177714086462 -2.18717217286131
6.56765148598966 -2.09877057861132 -2.6326179329809 7.25560059864515 -2.79087706253413 -2.72502832642375 7.19609516792733 -3.31899638635413 -2.38257293917788 6.67090814264225 -2.77434327396437 -2.32128548080126
7.25560059864515 -2.79087706253413 -2.72502832642375 7.11071193736513 -1.78645174114246 -2.79185226501369 8.28531841612192 -1.14805520646203 -3.10329503853854 7.85749369277212 -2.65759786150934 -2.86577520119976
8.44155470772751 0.0765783721758631 -2.50320350435953 9.05363282218566 -0.171579353263908 -2.36096959129038 9.13672342819465 -1.37836812608681 -2.85513655328179 8.28531841612192 -1.14805520646203 -3.10329503853854
9.05363282218566 -0.171579353263908 -2.36096959129038 8.97055606484528 0.72942034495329 -1.77319294311823 10.2086892951607 0.144263214332691 -1.43268604290652 10.2043078057054 -0.310783748576043 -1.75779823977828
9.34959280911411 1.03867875395228 -0.75940915586645 9.63081371993821 0.984976668144942 3.67762518672172e-05 10.5854550033664 0.0703634490849741 -0.423233123341397 10.2086892951607 0.144263214332691 -1.43268604290652
