-7.28553048466062 -0.799289037482974 2.55538429192072 -6.34608386258903 -0.799289037482974 2.55538429192065 -6.44584548389115 -0.799289037482974 3.33221978792181 -7.2855304846606 -0.799289037482974 3.42958285445772
-7.2855304846606 -0.799289037482974 3.42958285445772 -6.44584548389115 -0.799289037482974 3.33221978792181 -6.53352142887318 -0.799289037482974 4.19291287957702 -7.28553048466061 -0.799289037482974 4.3047595068531
-7.28553048466061 -0.799289037482974 4.3047595068531 -6.53352142887318 -0.799289037482974 4.19291287957702 -6.5345389741713 -0.799289037482974 5.1107685838417 -7.28553048466059 -0.799289037482971 5.1107685838417
-7.28553048466059 -0.799289037482971 5.1107685838417 -6.5345389741713 -0.799289037482974 5.1107685838417 -7.2134190423556 -0.0922198306472589 5.1107685838417 -7.82235280642457 -0.262466715718998 5.1107685838417
-7.82235280642457 -0.262466715718998 5.1107685838417 -7.2134190423556 -0.0922198306472589 5.1107685838417 -7.5717303882816 0.85958965470077 5.1107685838417 -8.94440917684434 0.859589654700815 5.1107685838417
-8.94440917684434 0.859589654700815 5.1107685838417 -7.5717303882816 0.85958965470077 5.1107685838417 -7.66127798815288 0.85958965470077 4.44111674620082 -8.94440917684743 0.85958965470077 4.19463925428662
-8.94440917684743 0.85958965470077 4.19463925428662 -7.66127798815288 0.85958965470077 4.44111674620082 -7.55902305901444 0.85958965470077 3.36699963650929 -8.94440917684439 0.85958965470077 3.63538929187656
-8.94440917684439 0.85958965470077 3.63538929187656 -7.55902305901444 0.85958965470077 3.36699963650929 -7.55623657807793 0.85958965470077 2.55538429192065 -8.94440917684429 0.85958965470077 2.5553842919208
-6.34608386258903 -0.799289037482974 2.55538429192065 -5.41436230602849 -0.799289037482974 2.55538429192055 -5.58980865479564 -0.799289037482974 3.37026133025561 -6.44584548389115 -0.799289037482974 3.33221978792181
-6.44584548389115 -0.799289037482974 3.33221978792181 -5.58980865479564 -0.799289037482974 3.37026133025561 -5.67845329745416 -0.799289037482974 4.20366505669764 -6.53352142887318 -0.799289037482974 4.19291287957702
-6.53352142887318 -0.799289037482974 4.19291287957702 -5.67845329745416 -0.799289037482974 4.20366505669764 -5.89697486691997 -0.799289037483432 5.1107685838417 -6.5345389741713 -0.799289037482974 5.1107685838417
-6.5345389741713 -0.799289037482974 5.1107685838417 -5.89697486691997 -0.799289037483432 5.1107685838417 -6.12310716764202 0.106696192881823 5.1107685838417 -7.2134190423556 -0.0922198306472589 5.1107685838417
-7.2134190423556 -0.0922198306472589 5.1107685838417 -6.12310716764202 0.106696192881823 5.1107685838417 -6.31181432234978 0.859589654700054 5.1107685838417 -7.5717303882816 0.85958965470077 5.1107685838417
-7.5717303882816 0.85958965470077 5.1107685838417 -6.31181432234978 0.859589654700054 5.1107685838417 -6.70389929582345 0.85958965470077 4.31301717647951 -7.66127798815288 0.85958965470077 4.44111674620082
-7.66127798815288 0.85958965470077 4.44111674620082 -6.70389929582345 0.85958965470077 4.31301717647951 -6.37616857987134 0.85958965470077 3.4843483723799 -7.55902305901444 0.85958965470077 3.36699963650929
-7.55902305901444 0.85958965470077 3.36699963650929 -6.37616857987134 0.85958965470077 3.4843483723799 -5.88562875100829 0.85958965470077 2.55538429192076 -7.55623657807793 0.85958965470077 2.55538429192065
-5.41436230602849 -0.799289037482974 2.55538429192055 -4.50316165640557 -0.799289037482974 2.55538429192067 -4.69931274519836 -0.799289037482974 3.34097096837388 -5.58980865479564 -0.799289037482974 3.37026133025561
-5.58980865479564 -0.799289037482974 3.37026133025561 -4.69931274519836 -0.799289037482974 3.34097096837388 -4.82109223303988 -0.799289037482974 4.22001635629757 -5.67845329745416 -0.799289037482974 4.20366505669764
-5.67845329745416 -0.799289037482974 4.20366505669764 -4.82109223303988 -0.799289037482974 4.22001635629757 -4.93860458250457 -0.79928903748301 5.1107685838417 -5.89697486691997 -0.799289037483432 5.1107685838417
-5.89697486691997 -0.799289037483432 5.1107685838417 -4.93860458250457 -0.79928903748301 5.1107685838417 -5.00311150297194 -0.0362516211741803 5.1107685838417 -6.12310716764202 0.106696192881823 5.1107685838417
-6.12310716764202 0.106696192881823 5.1107685838417 -5.00311150297194 -0.0362516211741803 5.1107685838417 -5.09698706929356 0.859589654701697 5.1107685838417 -6.31181432234978 0.859589654700054 5.1107685838417
-6.31181432234978 0.859589654700054 5.1107685838417 -5.09698706929356 0.859589654701697 5.1107685838417 -5.33917399068428 0.85958965470077 4.54637430697427 -6.70389929582345 0.85958965470077 4.31301717647951
-6.70389929582345 0.85958965470077 4.31301717647951 -5.33917399068428 0.85958965470077 4.54637430697427 -5.2889838684285 0.85958965470077 3.50151075847876 -6.37616857987134 0.85958965470077 3.4843483723799
-6.37616857987134 0.85958965470077 3.4843483723799 -5.2889838684285 0.85958965470077 3.50151075847876 -5.14911768374935 0.85958965470077 2.55538429192061 -5.88562875100829 0.85958965470077 2.55538429192076
-4.50316165640557 -0.799289037482974 2.55538429192067 -3.58511921801488 -0.799289037482974 2.55538429192103 -3.79208461567563 -0.799289037482974 3.36776668722356 -4.69931274519836 -0.799289037482974 3.34097096837388
-4.69931274519836 -0.799289037482974 3.34097096837388 -3.79208461567563 -0.799289037482974 3.36776668722356 -3.89069617796394 -0.799289037482974 4.21048172046776 -4.82109223303988 -0.799289037482974 4.22001635629757
-4.82109223303988 -0.799289037482974 4.22001635629757 -3.89069617796394 -0.799289037482974 4.21048172046776 -3.98280674490861 -0.799289037482974 5.11076858382742 -4.93860458250457 -0.79928903748301 5.1107685838417
-4.93860458250457 -0.79928903748301 5.1107685838417 -3.98280674490861 -0.799289037482974 5.11076858382742 -4.00427269195236 0.123531876423495 5.1107685838417 -5.00311150297194 -0.0362516211741803 5.1107685838417
-5.00311150297194 -0.0362516211741803 5.1107685838417 -4.00427269195236 0.123531876423495 5.1107685838417 -4.09144712647934 0.859589654700736 5.1107685838417 -5.09698706929356 0.859589654701697 5.1107685838417
-5.09698706929356 0.859589654701697 5.1107685838417 -4.09144712647934 0.859589654700736 5.1107685838417 -4.37081490981377 0.85958965470077 4.38753667294482 -5.33917399068428 0.85958965470077 4.54637430697427
-5.33917399068428 0.85958965470077 4.54637430697427 -4.37081490981377 0.85958965470077 4.38753667294482 -4.22151954125488 0.85958965470077 3.41460099035935 -5.2889838684285 0.85958965470077 3.50151075847876
-5.2889838684285 0.85958965470077 3.50151075847876 -4.22151954125488 0.85958965470077 3.41460099035935 -3.82813615720328 0.85958965470077 2.55538429192063 -5.14911768374935 0.85958965470077 2.55538429192061
-3.58511921801488 -0.799289037482974 2.55538429192103 -2.70804330811159 -0.799289037482974 2.55538429192071 -2.88771566157236 -0.799289037482974 3.42443527401049 -3.79208461567563 -0.799289037482974 3.36776668722356
-3.79208461567563 -0.799289037482974 3.36776668722356 -2.88771566157236 -0.799289037482974 3.42443527401049 -2.95671491904092 -0.799289037482974 4.27023302504023 -3.89069617796394 -0.799289037482974 4.21048172046776
-3.89069617796394 -0.799289037482974 4.21048172046776 -2.95671491904092 -0.799289037482974 4.27023302504023 -2.97091757206999 -0.799289037482974 5.11076858383498 -3.98280674490861 -0.799289037482974 5.11076858382742
-3.98280674490861 -0.799289037482974 5.11076858382742 -2.97091757206999 -0.799289037482974 5.11076858383498 -3.01992918105237 -0.0714175533107053 5.1107685838417 -4.00427269195236 0.123531876423495 5.1107685838417
-4.00427269195236 0.123531876423495 5.1107685838417 -3.01992918105237 -0.0714175533107053 5.1107685838417 -2.99919434849281 0.859589654700744 5.1107685838417 -4.09144712647934 0.859589654700736 5.1107685838417
-4.09144712647934 0.859589654700736 5.1107685838417 -2.99919434849281 0.859589654700744 5.1107685838417 -3.16902153564759 0.85958965470077 4.53221040708227 -4.37081490981377 0.85958965470077 4.38753667294482
-4.37081490981377 0.85958965470077 4.38753667294482 -3.16902153564759 0.85958965470077 4.53221040708227 -3.35972155818224 0.85958965470077 3.58029877239237 -4.22151954125488 0.85958965470077 3.41460099035935
-4.22151954125488 0.85958965470077 3.41460099035935 -3.35972155818224 0.85958965470077 3.58029877239237 -3.15317845889059 0.85958965470077 2.55538429192149 -3.82813615720328 0.85958965470077 2.55538429192063
-2.70804330811159 -0.799289037482974 2.55538429192071 -1.81387377074502 -0.799289037482974 2.55538429192065 -1.96550095279951 -0.799289037482974 3.36550766146333 -2.88771566157236 -0.799289037482974 3.42443527401049
-2.88771566157236 -0.799289037482974 3.42443527401049 -1.96550095279951 -0.799289037482974 3.36550766146333 -1.98968697150813 -0.799289037482974 4.19767267488622 -2.95671491904092 -0.799289037482974 4.27023302504023
-2.95671491904092 -0.799289037482974 4.27023302504023 -1.98968697150813 -0.799289037482974 4.19767267488622 -1.97504725518898 -0.799289037483013 5.1107685838417 -2.97091757206999 -0.799289037482974 5.11076858383498
-2.97091757206999 -0.799289037482974 5.11076858383498 -1.97504725518898 -0.799289037483013 5.1107685838417 -2.03640139592446 0.126605295242962 5.1107685838417 -3.01992918105237 -0.0714175533107053 5.1107685838417
-3.01992918105237 -0.0714175533107053 5.1107685838417 -2.03640139592446 0.126605295242962 5.1107685838417 -2.03737654718742 0.859589654700775 5.1107685838417 -2.99919434849281 0.859589654700744 5.1107685838417
-2.99919434849281 0.859589654700744 5.1107685838417 -2.03737654718742 0.859589654700775 5.1107685838417 -1.99464996663374 0.85958965470077 4.3359700136277 -3.16902153564759 0.85958965470077 4.53221040708227
-3.16902153564759 0.85958965470077 4.53221040708227 -1.99464996663374 0.85958965470077 4.3359700136277 -2.19280545679727 0.85958965470077 3.45791567650042 -3.35972155818224 0.85958965470077 3.58029877239237
-3.35972155818224 0.85958965470077 3.58029877239237 -2.19280545679727 0.85958965470077 3.45791567650042 -2.04350221969991 0.85958965470077 2.55538429192065 -3.15317845889059 0.85958965470077 2.55538429192149
-1.81387377074502 -0.799289037482974 2.55538429192065 -0.943910197430632 -0.799289037482974 2.55538429192066 -0.98198371060512 -0.799289037482974 3.38710898442209 -1.96550095279951 -0.799289037482974 3.36550766146333
-1.96550095279951 -0.799289037482974 3.36550766146333 -0.98198371060512 -0.799289037482974 3.38710898442209 -1.02439725181323 -0.799289037482974 4.24625363849958 -1.98968697150813 -0.799289037482974 4.19767267488622
-1.98968697150813 -0.799289037482974 4.19767267488622 -1.02439725181323 -0.799289037482974 4.24625363849958 -0.978629490970244 -0.79928903748297 5.1107685838417 -1.97504725518898 -0.799289037483013 5.1107685838417
-1.97504725518898 -0.799289037483013 5.1107685838417 -0.978629490970244 -0.79928903748297 5.1107685838417 -1.04661287776339 -0.0381345772188481 5.1107685838417 -2.03640139592446 0.126605295242962 5.1107685838417
-2.03640139592446 0.126605295242962 5.1107685838417 -1.04661287776339 -0.0381345772188481 5.1107685838417 -1.00758414773613 0.859589654700776 5.1107685838417 -2.03737654718742 0.859589654700775 5.1107685838417
-2.03737654718742 0.859589654700775 5.1107685838417 -1.00758414773613 0.859589654700776 5.1107685838417 -1.07287323905404 0.85958965470077 4.39206086113484 -1.99464996663374 0.85958965470077 4.3359700136277
-1.99464996663374 0.85958965470077 4.3359700136277 -1.07287323905404 0.85958965470077 4.39206086113484 -1.45534266420747 0.85958965470077 3.44388855468606 -2.19280545679727 0.85958965470077 3.45791567650042
-2.19280545679727 0.85958965470077 3.45791567650042 -1.45534266420747 0.85958965470077 3.44388855468606 -1.24857969870082 0.85958965470077 2.55538429192064 -2.04350221969991 0.85958965470077 2.55538429192065
-0.943910197430632 -0.799289037482974 2.55538429192066 0 -0.799289037482974 2.55538429192065 0 -0.799289037482974 3.39539509147291 -0.98198371060512 -0.799289037482974 3.38710898442209
-0.98198371060512 -0.799289037482974 3.38710898442209 0 -0.799289037482974 3.39539509147291 0 -0.799289037482974 4.23472390890239 -1.02439725181323 -0.799289037482974 4.24625363849958
-1.02439725181323 -0.799289037482974 4.24625363849958 0 -0.799289037482974 4.23472390890239 0 -0.799289037482974 5.1107685838417 -0.978629490970244 -0.79928903748297 5.1107685838417
-0.978629490970244 -0.79928903748297 5.1107685838417 0 -0.799289037482974 5.1107685838417 0 0.0879830981959194 5.1107685838417 -1.04661287776339 -0.0381345772188481 5.1107685838417
-1.04661287776339 -0.0381345772188481 5.1107685838417 0 0.0879830981959194 5.1107685838417 0 0.859589654700774 5.1107685838417 -1.00758414773613 0.859589654700776 5.1107685838417
-1.00758414773613 0.859589654700776 5.1107685838417 0 0.859589654700774 5.1107685838417 0 0.85958965470077 4.16782678108318 -1.07287323905404 0.85958965470077 4.39206086113484
-1.07287323905404 0.85958965470077 4.39206086113484 0 0.85958965470077 4.16782678108318 0 0.85958965470077 3.41341151833757 -1.45534266420747 0.85958965470077 3.44388855468606
-1.45534266420747 0.85958965470077 3.44388855468606 0 0.85958965470077 3.41341151833757 0 0.85958965470077 2.55538429192064 -1.24857969870082 0.85958965470077 2.55538429192064
0 -0.799289037482974 2.55538429192065 0.943910197430632 -0.799289037482974 2.55538429192066 0.98198371060512 -0.799289037482974 3.38710898442209 0 -0.799289037482974 3.39539509147291
0 -0.799289037482974 3.39539509147291 0.98198371060512 -0.799289037482974 3.38710898442209 1.02439725181323 -0.799289037482974 4.24625363849958 0 -0.799289037482974 4.23472390890239
0 -0.799289037482974 4.23472390890239 1.02439725181323 -0.799289037482974 4.24625363849958 0.978629490970244 -0.79928903748297 5.1107685838417 0 -0.799289037482974 5.1107685838417
0 -0.799289037482974 5.1107685838417 0.978629490970244 -0.79928903748297 5.1107685838417 1.04661287776339 -0.0381345772188481 5.1107685838417 0 0.0879830981959194 5.1107685838417
0 0.0879830981959194 5.1107685838417 1.04661287776339 -0.0381345772188481 5.1107685838417 1.00758414773613 0.859589654700776 5.1107685838417 0 0.859589654700774 5.1107685838417
0 0.859589654700774 5.1107685838417 1.00758414773613 0.859589654700776 5.1107685838417 1.07287323905404 0.85958965470077 4.39206086113484 0 0.85958965470077 4.16782678108318
0 0.85958965470077 4.16782678108318 1.07287323905404 0.85958965470077 4.39206086113484 1.45534266420747 0.85958965470077 3.44388855468606 0 0.85958965470077 3.41341151833757
0 0.85958965470077 3.41341151833757 1.45534266420747 0.85958965470077 3.44388855468606 1.24857969870082 0.85958965470077 2.55538429192064 0 0.85958965470077 2.55538429192064
0.943910197430632 -0.799289037482974 2.55538429192066 1.81387377074502 -0.799289037482974 2.55538429192065 1.96550095279951 -0.799289037482974 3.36550766146333 0.98198371060512 -0.799289037482974 3.38710898442209
0.98198371060512 -0.799289037482974 3.38710898442209 1.96550095279951 -0.799289037482974 3.36550766146333 1.98968697150813 -0.799289037482974 4.19767267488622 1.02439725181323 -0.799289037482974 4.24625363849958
1.02439725181323 -0.799289037482974 4.24625363849958 1.98968697150813 -0.799289037482974 4.19767267488622 1.97504725518898 -0.799289037483013 5.1107685838417 0.978629490970244 -0.79928903748297 5.1107685838417
0.978629490970244 -0.79928903748297 5.1107685838417 1.97504725518898 -0.799289037483013 5.1107685838417 2.03640139592446 0.126605295242962 5.1107685838417 1.04661287776339 -0.0381345772188481 5.1107685838417
1.04661287776339 -0.0381345772188481 5.1107685838417 2.03640139592446 0.126605295242962 5.1107685838417 2.03737654718742 0.859589654700775 5.1107685838417 1.00758414773613 0.859589654700776 5.1107685838417
1.00758414773613 0.859589654700776 5.1107685838417 2.03737654718742 0.859589654700775 5.1107685838417 1.99464996663374 0.85958965470077 4.3359700136277 1.07287323905404 0.85958965470077 4.39206086113484
1.07287323905404 0.85958965470077 4.39206086113484 1.99464996663374 0.85958965470077 4.3359700136277 2.19280545679727 0.85958965470077 3.45791567650042 1.45534266420747 0.85958965470077 3.44388855468606
1.45534266420747 0.85958965470077 3.44388855468606 2.19280545679727 0.85958965470077 3.45791567650042 2.04350221969991 0.85958965470077 2.55538429192065 1.24857969870082 0.85958965470077 2.55538429192064
1.81387377074502 -0.799289037482974 2.55538429192065 2.70804330811159 -0.799289037482974 2.55538429192071 2.88771566157236 -0.799289037482974 3.42443527401049 1.96550095279951 -0.799289037482974 3.36550766146333
1.96550095279951 -0.799289037482974 3.36550766146333 2.88771566157236 -0.799289037482974 3.42443527401049 2.95671491904092 -0.799289037482974 4.27023302504023 1.98968697150813 -0.799289037482974 4.19767267488622
1.98968697150813 -0.799289037482974 4.19767267488622 2.95671491904092 -0.799289037482974 4.27023302504023 2.97091757206999 -0.799289037482974 5.11076858383498 1.97504725518898 -0.799289037483013 5.1107685838417
1.97504725518898 -0.799289037483013 5.1107685838417 2.97091757206999 -0.799289037482974 5.11076858383498 3.01992918105237 -0.0714175533107053 5.1107685838417 2.03640139592446 0.126605295242962 5.1107685838417
2.03640139592446 0.126605295242962 5.1107685838417 3.01992918105237 -0.0714175533107053 5.1107685838417 2.99919434849281 0.859589654700744 5.1107685838417 2.03737654718742 0.859589654700775 5.1107685838417
2.03737654718742 0.859589654700775 5.1107685838417 2.99919434849281 0.859589654700744 5.1107685838417 3.16902153564759 0.85958965470077 4.53221040708227 1.99464996663374 0.85958965470077 4.3359700136277
1.99464996663374 0.85958965470077 4.3359700136277 3.16902153564759 0.85958965470077 4.53221040708227 3.35972155818224 0.85958965470077 3.58029877239237 2.19280545679727 0.85958965470077 3.45791567650042
2.19280545679727 0.85958965470077 3.45791567650042 3.35972155818224 0.85958965470077 3.58029877239237 3.15317845889059 0.85958965470077 2.55538429192149 2.04350221969991 0.85958965470077 2.55538429192065
2.70804330811159 -0.799289037482974 2.55538429192071 3.58511921801488 -0.799289037482974 2.55538429192103 3.79208461567563 -0.799289037482974 3.36776668722356 2.88771566157236 -0.799289037482974 3.42443527401049
2.88771566157236 -0.799289037482974 3.42443527401049 3.79208461567563 -0.799289037482974 3.36776668722356 3.89069617796394 -0.799289037482974 4.21048172046776 2.95671491904092 -0.799289037482974 4.27023302504023
2.95671491904092 -0.799289037482974 4.27023302504023 3.89069617796394 -0.799289037482974 4.21048172046776 3.98280674490861 -0.799289037482974 5.11076858382742 2.97091757206999 -0.799289037482974 5.11076858383498
2.97091757206999 -0.799289037482974 5.11076858383498 3.98280674490861 -0.799289037482974 5.11076858382742 4.00427269195236 0.123531876423495 5.1107685838417 3.01992918105237 -0.0714175533107053 5.1107685838417
3.01992918105237 -0.0714175533107053 5.1107685838417 4.00427269195236 0.123531876423495 5.1107685838417 4.09144712647934 0.859589654700736 5.1107685838417 2.99919434849281 0.859589654700744 5.1107685838417
2.99919434849281 0.859589654700744 5.1107685838417 4.09144712647934 0.859589654700736 5.1107685838417 4.37081490981377 0.85958965470077 4.38753667294482 3.16902153564759 0.85958965470077 4.53221040708227
3.16902153564759 0.85958965470077 4.53221040708227 4.37081490981377 0.85958965470077 4.38753667294482 4.22151954125488 0.85958965470077 3.41460099035935 3.35972155818224 0.85958965470077 3.58029877239237
3.35972155818224 0.85958965470077 3.58029877239237 4.22151954125488 0.85958965470077 3.41460099035935 3.82813615720328 0.85958965470077 2.55538429192063 3.15317845889059 0.85958965470077 2.55538429192149
3.58511921801488 -0.799289037482974 2.55538429192103 4.50316165640557 -0.799289037482974 2.55538429192067 4.69931274519836 -0.799289037482974 3.34097096837388 3.79208461567563 -0.799289037482974 3.36776668722356
3.79208461567563 -0.799289037482974 3.36776668722356 4.69931274519836 -0.799289037482974 3.34097096837388 4.82109223303988 -0.799289037482974 4.22001635629757 3.89069617796394 -0.799289037482974 4.21048172046776
3.89069617796394 -0.799289037482974 4.21048172046776 4.82109223303988 -0.799289037482974 4.22001635629757 4.93860458250457 -0.79928903748301 5.1107685838417 3.98280674490861 -0.799289037482974 5.11076858382742
3.98280674490861 -0.799289037482974 5.11076858382742 4.93860458250457 -0.79928903748301 5.1107685838417 5.00311150297194 -0.0362516211741803 5.1107685838417 4.00427269195236 0.123531876423495 5.1107685838417
4.00427269195236 0.123531876423495 5.1107685838417 5.00311150297194 -0.0362516211741803 5.1107685838417 5.09698706929356 0.859589654701697 5.1107685838417 4.09144712647934 0.859589654700736 5.1107685838417
4.09144712647934 0.859589654700736 5.1107685838417 5.09698706929356 0.859589654701697 5.1107685838417 5.33917399068428 0.85958965470077 4.54637430697427 4.37081490981377 0.85958965470077 4.38753667294482
4.37081490981377 0.85958965470077 4.38753667294482 5.33917399068428 0.85958965470077 4.54637430697427 5.2889838684285 0.85958965470077 3.50151075847876 4.22151954125488 0.85958965470077 3.41460099035935
4.22151954125488 0.85958965470077 3.41460099035935 5.2889838684285 0.85958965470077 3.50151075847876 5.14911768374935 0.85958965470077 2.55538429192061 3.82813615720328 0.85958965470077 2.55538429192063
4.50316165640557 -0.799289037482974 2.55538429192067 5.41436230602849 -0.799289037482974 2.55538429192055 5.58980865479564 -0.799289037482974 3.37026133025561 4.69931274519836 -0.799289037482974 3.34097096837388
4.69931274519836 -0.799289037482974 3.34097096837388 5.58980865479564 -0.799289037482974 3.37026133025561 5.67845329745416 -0.799289037482974 4.20366505669764 4.82109223303988 -0.799289037482974 4.22001635629757
4.82109223303988 -0.799289037482974 4.22001635629757 5.67845329745416 -0.799289037482974 4.20366505669764 5.89697486691997 -0.799289037483432 5.1107685838417 4.93860458250457 -0.79928903748301 5.1107685838417
4.93860458250457 -0.79928903748301 5.1107685838417 5.89697486691997 -0.799289037483432 5.1107685838417 6.12310716764202 0.106696192881823 5.1107685838417 5.00311150297194 -0.0362516211741803 5.1107685838417
5.00311150297194 -0.0362516211741803 5.1107685838417 6.12310716764202 0.106696192881823 5.1107685838417 6.31181432234978 0.859589654700054 5.1107685838417 5.09698706929356 0.859589654701697 5.1107685838417
5.09698706929356 0.859589654701697 5.1107685838417 6.31181432234978 0.859589654700054 5.1107685838417 6.70389929582345 0.85958965470077 4.31301717647951 5.33917399068428 0.85958965470077 4.54637430697427
5.33917399068428 0.85958965470077 4.54637430697427 6.70389929582345 0.85958965470077 4.31301717647951 6.37616857987134 0.85958965470077 3.4843483723799 5.2889838684285 0.85958965470077 3.50151075847876
5.2889838684285 0.85958965470077 3.50151075847876 6.37616857987134 0.85958965470077 3.4843483723799 5.88562875100829 0.85958965470077 2.55538429192076 5.14911768374935 0.85958965470077 2.55538429192061
5.41436230602849 -0.799289037482974 2.55538429192055 6.34608386258903 -0.799289037482974 2.55538429192065 6.44584548389115 -0.799289037482974 3.33221978792181 5.58980865479564 -0.799289037482974 3.37026133025561
5.58980865479564 -0.799289037482974 3.37026133025561 6.44584548389115 -0.799289037482974 3.33221978792181 6.53352142887318 -0.799289037482974 4.19291287957702 5.67845329745416 -0.799289037482974 4.20366505669764
5.67845329745416 -0.799289037482974 4.20366505669764 6.53352142887318 -0.799289037482974 4.19291287957702 6.5345389741713 -0.799289037482974 5.1107685838417 5.89697486691997 -0.799289037483432 5.1107685838417
5.89697486691997 -0.799289037483432 5.1107685838417 6.5345389741713 -0.799289037482974 5.1107685838417 7.2134190423556 -0.0922198306472589 5.1107685838417 6.12310716764202 0.106696192881823 5.1107685838417
6.12310716764202 0.106696192881823 5.1107685838417 7.2134190423556 -0.0922198306472589 5.1107685838417 7.5717303882816 0.85958965470077 5.1107685838417 6.31181432234978 0.859589654700054 5.1107685838417
6.31181432234978 0.859589654700054 5.1107685838417 7.5717303882816 0.85958965470077 5.1107685838417 7.66127798815288 0.85958965470077 4.44111674620082 6.70389929582345 0.85958965470077 4.31301717647951
6.70389929582345 0.85958965470077 4.31301717647951 7.66127798815288 0.85958965470077 4.44111674620082 7.55902305901444 0.85958965470077 3.36699963650929 6.37616857987134 0.85958965470077 3.4843483723799
6.37616857987134 0.85958965470077 3.4843483723799 7.55902305901444 0.85958965470077 3.36699963650929 7.55623657807793 0.85958965470077 2.55538429192065 5.88562875100829 0.85958965470077 2.55538429192076
6.34608386258903 -0.799289037482974 2.55538429192065 7.28553048466062 -0.799289037482974 2.55538429192072 7.2855304846606 -0.799289037482974 3.42958285445772 6.44584548389115 -0.799289037482974 3.33221978792181
6.44584548389115 -0.799289037482974 3.33221978792181 7.2855304846606 -0.799289037482974 3.42958285445772 7.28553048466061 -0.799289037482974 4.3047595068531 6.53352142887318 -0.799289037482974 4.19291287957702
6.53352142887318 -0.799289037482974 4.19291287957702 7.28553048466061 -0.799289037482974 4.3047595068531 7.28553048466059 -0.799289037482971 5.1107685838417 6.5345389741713 -0.799289037482974 5.1107685838417
6.5345389741713 -0.799289037482974 5.1107685838417 7.28553048466059 -0.799289037482971 5.1107685838417 7.82235280642457 -0.262466715718998 5.1107685838417 7.2134190423556 -0.0922198306472589 5.1107685838417
7.2134190423556 -0.0922198306472589 5.1107685838417 7.82235280642457 -0.262466715718998 5.1107685838417 8.94440917684434 0.859589654700815 5.1107685838417 7.5717303882816 0.85958965470077 5.1107685838417
7.5717303882816 0.85958965470077 5.1107685838417 8.94440917684434 0.859589654700815 5.1107685838417 8.94440917684743 0.85958965470077 4.19463925428662 7.66127798815288 0.85958965470077 4.44111674620082
7.66127798815288 0.85958965470077 4.44111674620082 8.94440917684743 0.85958965470077 4.19463925428662 8.94440917684439 0.85958965470077 3.63538929187656 7.55902305901444 0.85958965470077 3.36699963650929
7.55902305901444 0.85958965470077 3.36699963650929 8.94440917684439 0.85958965470077 3.63538929187656 8.94440917684429 0.85958965470077 2.5553842919208 7.55623657807793 0.85958965470077 2.55538429192065
-7.28553048466062 -0.799289037482974 2.55538429192097 -7.2855304846606 -0.799289037482974 1.68118572938397 -6.44584548389115 -0.799289037482974 1.77854879591988 -6.34608386258903 -0.799289037482974 2.55538429192104
-7.2855304846606 -0.799289037482974 1.68118572938397 -7.28553048466061 -0.799289037482974 0.806009076988593 -6.53352142887318 -0.799289037482974 0.917855704264675 -6.44584548389115 -0.799289037482974 1.77854879591988
-7.28553048466061 -0.799289037482974 0.806009076988593 -7.28553048466059 -0.799289037482971 0 -6.5345389741713 -0.799289037482974 0 -6.53352142887318 -0.799289037482974 0.917855704264675
-7.28553048466059 -0.799289037482971 0 -7.82235280642457 -0.262466715718998 0 -7.2134190423556 -0.0922198306472589 0 -6.5345389741713 -0.799289037482974 0
-7.82235280642457 -0.262466715718998 0 -8.94440917684434 0.859589654700815 0 -7.5717303882816 0.85958965470077 0 -7.2134190423556 -0.0922198306472589 0
-8.94440917684434 0.859589654700815 0 -8.94440917684743 0.85958965470077 0.916129329555072 -7.66127798815288 0.85958965470077 0.669651837640874 -7.5717303882816 0.85958965470077 0
-8.94440917684743 0.85958965470077 0.916129329555072 -8.94440917684439 0.85958965470077 1.47537929196513 -7.55902305901444 0.85958965470077 1.7437689473324 -7.66127798815288 0.85958965470077 0.669651837640874
-8.94440917684439 0.85958965470077 1.47537929196513 -8.94440917684429 0.85958965470077 2.55538429192089 -7.55623657807793 0.85958965470077 2.55538429192105 -7.55902305901444 0.85958965470077 1.7437689473324
-6.34608386258903 -0.799289037482974 2.55538429192104 -6.44584548389115 -0.799289037482974 1.77854879591988 -5.58980865479564 -0.799289037482974 1.74050725358609 -5.41436230602849 -0.799289037482974 2.55538429192115
-6.44584548389115 -0.799289037482974 1.77854879591988 -6.53352142887318 -0.799289037482974 0.917855704264675 -5.67845329745416 -0.799289037482974 0.907103527144056 -5.58980865479564 -0.799289037482974 1.74050725358609
-6.53352142887318 -0.799289037482974 0.917855704264675 -6.5345389741713 -0.799289037482974 0 -5.89697486691997 -0.799289037483432 0 -5.67845329745416 -0.799289037482974 0.907103527144056
-6.5345389741713 -0.799289037482974 0 -7.2134190423556 -0.0922198306472589 0 -6.12310716764202 0.106696192881823 0 -5.89697486691997 -0.799289037483432 0
-7.2134190423556 -0.0922198306472589 0 -7.5717303882816 0.85958965470077 0 -6.31181432234978 0.859589654700054 0 -6.12310716764202 0.106696192881823 0
-7.5717303882816 0.85958965470077 0 -7.66127798815288 0.85958965470077 0.669651837640874 -6.70389929582345 0.85958965470077 0.797751407362187 -6.31181432234978 0.859589654700054 0
-7.66127798815288 0.85958965470077 0.669651837640874 -7.55902305901444 0.85958965470077 1.7437689473324 -6.37616857987134 0.85958965470077 1.6264202114618 -6.70389929582345 0.85958965470077 0.797751407362187
-7.55902305901444 0.85958965470077 1.7437689473324 -7.55623657807793 0.85958965470077 2.55538429192105 -5.88562875100829 0.85958965470077 2.55538429192093 -6.37616857987134 0.85958965470077 1.6264202114618
-5.41436230602849 -0.799289037482974 2.55538429192115 -5.58980865479564 -0.799289037482974 1.74050725358609 -4.69931274519836 -0.799289037482974 1.76979761546782 -4.50316165640557 -0.799289037482974 2.55538429192103
-5.58980865479564 -0.799289037482974 1.74050725358609 -5.67845329745416 -0.799289037482974 0.907103527144056 -4.82109223303988 -0.799289037482974 0.890752227544131 -4.69931274519836 -0.799289037482974 1.76979761546782
-5.67845329745416 -0.799289037482974 0.907103527144056 -5.89697486691997 -0.799289037483432 0 -4.93860458250457 -0.79928903748301 0 -4.82109223303988 -0.799289037482974 0.890752227544131
-5.89697486691997 -0.799289037483432 0 -6.12310716764202 0.106696192881823 0 -5.00311150297194 -0.0362516211741803 0 -4.93860458250457 -0.79928903748301 0
-6.12310716764202 0.106696192881823 0 -6.31181432234978 0.859589654700054 0 -5.09698706929356 0.859589654701697 0 -5.00311150297194 -0.0362516211741803 0
-6.31181432234978 0.859589654700054 0 -6.70389929582345 0.85958965470077 0.797751407362187 -5.33917399068428 0.85958965470077 0.564394276867425 -5.09698706929356 0.859589654701697 0
-6.70389929582345 0.85958965470077 0.797751407362187 -6.37616857987134 0.85958965470077 1.6264202114618 -5.2889838684285 0.85958965470077 1.60925782536294 -5.33917399068428 0.85958965470077 0.564394276867425
-6.37616857987134 0.85958965470077 1.6264202114618 -5.88562875100829 0.85958965470077 2.55538429192093 -5.14911768374935 0.85958965470077 2.55538429192109 -5.2889838684285 0.85958965470077 1.60925782536294
-4.50316165640557 -0.799289037482974 2.55538429192103 -4.69931274519836 -0.799289037482974 1.76979761546782 -3.79208461567563 -0.799289037482974 1.74300189661813 -3.58511921801488 -0.799289037482974 2.55538429192067
-4.69931274519836 -0.799289037482974 1.76979761546782 -4.82109223303988 -0.799289037482974 0.890752227544131 -3.89069617796394 -0.799289037482974 0.90028686337394 -3.79208461567563 -0.799289037482974 1.74300189661813
-4.82109223303988 -0.799289037482974 0.890752227544131 -4.93860458250457 -0.79928903748301 0 -3.98280674490861 -0.799289037482974 1.4274470494513e-11 -3.89069617796394 -0.799289037482974 0.90028686337394
-4.93860458250457 -0.79928903748301 0 -5.00311150297194 -0.0362516211741803 0 -4.00427269195236 0.123531876423495 0 -3.98280674490861 -0.799289037482974 1.4274470494513e-11
-5.00311150297194 -0.0362516211741803 0 -5.09698706929356 0.859589654701697 0 -4.09144712647934 0.859589654700736 0 -4.00427269195236 0.123531876423495 0
-5.09698706929356 0.859589654701697 0 -5.33917399068428 0.85958965470077 0.564394276867425 -4.37081490981377 0.85958965470077 0.723231910896881 -4.09144712647934 0.859589654700736 0
-5.33917399068428 0.85958965470077 0.564394276867425 -5.2889838684285 0.85958965470077 1.60925782536294 -4.22151954125488 0.85958965470077 1.69616759348234 -4.37081490981377 0.85958965470077 0.723231910896881
-5.2889838684285 0.85958965470077 1.60925782536294 -5.14911768374935 0.85958965470077 2.55538429192109 -3.82813615720328 0.85958965470077 2.55538429192106 -4.22151954125488 0.85958965470077 1.69616759348234
-3.58511921801488 -0.799289037482974 2.55538429192067 -3.79208461567563 -0.799289037482974 1.74300189661813 -2.88771566157236 -0.799289037482974 1.68633330983121 -2.70804330811159 -0.799289037482974 2.55538429192099
-3.79208461567563 -0.799289037482974 1.74300189661813 -3.89069617796394 -0.799289037482974 0.90028686337394 -2.95671491904092 -0.799289037482974 0.840535558801463 -2.88771566157236 -0.799289037482974 1.68633330983121
-3.89069617796394 -0.799289037482974 0.90028686337394 -3.98280674490861 -0.799289037482974 1.4274470494513e-11 -2.97091757206999 -0.799289037482974 6.72173428029055e-12 -2.95671491904092 -0.799289037482974 0.840535558801463
-3.98280674490861 -0.799289037482974 1.4274470494513e-11 -4.00427269195236 0.123531876423495 0 -3.01992918105237 -0.0714175533107053 0 -2.97091757206999 -0.799289037482974 6.72173428029055e-12
-4.00427269195236 0.123531876423495 0 -4.09144712647934 0.859589654700736 0 -2.99919434849281 0.859589654700744 0 -3.01992918105237 -0.0714175533107053 0
-4.09144712647934 0.859589654700736 0 -4.37081490981377 0.85958965470077 0.723231910896881 -3.16902153564759 0.85958965470077 0.578558176759423 -2.99919434849281 0.859589654700744 0
-4.37081490981377 0.85958965470077 0.723231910896881 -4.22151954125488 0.85958965470077 1.69616759348234 -3.35972155818224 0.85958965470077 1.53046981144932 -3.16902153564759 0.85958965470077 0.578558176759423
-4.22151954125488 0.85958965470077 1.69616759348234 -3.82813615720328 0.85958965470077 2.55538429192106 -3.15317845889059 0.85958965470077 2.5553842919202 -3.35972155818224 0.85958965470077 1.53046981144932
-2.70804330811159 -0.799289037482974 2.55538429192099 -2.88771566157236 -0.799289037482974 1.68633330983121 -1.96550095279951 -0.799289037482974 1.74526092237837 -1.81387377074502 -0.799289037482974 2.55538429192105
-2.88771566157236 -0.799289037482974 1.68633330983121 -2.95671491904092 -0.799289037482974 0.840535558801463 -1.98968697150813 -0.799289037482974 0.913095908955482 -1.96550095279951 -0.799289037482974 1.74526092237837
-2.95671491904092 -0.799289037482974 0.840535558801463 -2.97091757206999 -0.799289037482974 6.72173428029055e-12 -1.97504725518898 -0.799289037483013 0 -1.98968697150813 -0.799289037482974 0.913095908955482
-2.97091757206999 -0.799289037482974 6.72173428029055e-12 -3.01992918105237 -0.0714175533107053 0 -2.03640139592446 0.126605295242962 0 -1.97504725518898 -0.799289037483013 0
-3.01992918105237 -0.0714175533107053 0 -2.99919434849281 0.859589654700744 0 -2.03737654718742 0.859589654700775 0 -2.03640139592446 0.126605295242962 0
-2.99919434849281 0.859589654700744 0 -3.16902153564759 0.85958965470077 0.578558176759423 -1.99464996663374 0.85958965470077 0.774798570213994 -2.03737654718742 0.859589654700775 0
-3.16902153564759 0.85958965470077 0.578558176759423 -3.35972155818224 0.85958965470077 1.53046981144932 -2.19280545679727 0.85958965470077 1.65285290734127 -1.99464996663374 0.85958965470077 0.774798570213994
-3.35972155818224 0.85958965470077 1.53046981144932 -3.15317845889059 0.85958965470077 2.5553842919202 -2.04350221969991 0.85958965470077 2.55538429192105 -2.19280545679727 0.85958965470077 1.65285290734127
-1.81387377074502 -0.799289037482974 2.55538429192105 -1.96550095279951 -0.799289037482974 1.74526092237837 -0.98198371060512 -0.799289037482974 1.72365959941961 -0.943910197430632 -0.799289037482974 2.55538429192104
-1.96550095279951 -0.799289037482974 1.74526092237837 -1.98968697150813 -0.799289037482974 0.913095908955482 -1.02439725181323 -0.799289037482974 0.864514945342118 -0.98198371060512 -0.799289037482974 1.72365959941961
-1.98968697150813 -0.799289037482974 0.913095908955482 -1.97504725518898 -0.799289037483013 0 -0.978629490970244 -0.79928903748297 0 -1.02439725181323 -0.799289037482974 0.864514945342118
-1.97504725518898 -0.799289037483013 0 -2.03640139592446 0.126605295242962 0 -1.04661287776339 -0.0381345772188481 0 -0.978629490970244 -0.79928903748297 0
-2.03640139592446 0.126605295242962 0 -2.03737654718742 0.859589654700775 0 -1.00758414773613 0.859589654700776 0 -1.04661287776339 -0.0381345772188481 0
-2.03737654718742 0.859589654700775 0 -1.99464996663374 0.85958965470077 0.774798570213994 -1.07287323905404 0.85958965470077 0.718707722706859 -1.00758414773613 0.859589654700776 0
-1.99464996663374 0.85958965470077 0.774798570213994 -2.19280545679727 0.85958965470077 1.65285290734127 -1.45534266420747 0.85958965470077 1.66688002915564 -1.07287323905404 0.85958965470077 0.718707722706859
-2.19280545679727 0.85958965470077 1.65285290734127 -2.04350221969991 0.85958965470077 2.55538429192105 -1.24857969870082 0.85958965470077 2.55538429192105 -1.45534266420747 0.85958965470077 1.66688002915564
-0.943910197430632 -0.799289037482974 2.55538429192104 -0.98198371060512 -0.799289037482974 1.72365959941961 0 -0.799289037482974 1.71537349236879 0 -0.799289037482974 2.55538429192105
-0.98198371060512 -0.799289037482974 1.72365959941961 -1.02439725181323 -0.799289037482974 0.864514945342118 0 -0.799289037482974 0.876044674939303 0 -0.799289037482974 1.71537349236879
-1.02439725181323 -0.799289037482974 0.864514945342118 -0.978629490970244 -0.79928903748297 0 0 -0.799289037482974 0 0 -0.799289037482974 0.876044674939303
-0.978629490970244 -0.79928903748297 0 -1.04661287776339 -0.0381345772188481 0 0 0.0879830981959194 0 0 -0.799289037482974 0
-1.04661287776339 -0.0381345772188481 0 -1.00758414773613 0.859589654700776 0 0 0.859589654700774 0 0 0.0879830981959194 0
-1.00758414773613 0.859589654700776 0 -1.07287323905404 0.85958965470077 0.718707722706859 0 0.85958965470077 0.942941802758513 0 0.859589654700774 0
-1.07287323905404 0.85958965470077 0.718707722706859 -1.45534266420747 0.85958965470077 1.66688002915564 0 0.85958965470077 1.69735706550413 0 0.85958965470077 0.942941802758513
-1.45534266420747 0.85958965470077 1.66688002915564 -1.24857969870082 0.85958965470077 2.55538429192105 0 0.85958965470077 2.55538429192105 0 0.85958965470077 1.69735706550413
0 -0.799289037482974 2.55538429192105 0 -0.799289037482974 1.71537349236879 0.98198371060512 -0.799289037482974 1.72365959941961 0.943910197430632 -0.799289037482974 2.55538429192104
0 -0.799289037482974 1.71537349236879 0 -0.799289037482974 0.876044674939303 1.02439725181323 -0.799289037482974 0.864514945342118 0.98198371060512 -0.799289037482974 1.72365959941961
0 -0.799289037482974 0.876044674939303 0 -0.799289037482974 0 0.978629490970244 -0.79928903748297 0 1.02439725181323 -0.799289037482974 0.864514945342118
0 -0.799289037482974 0 0 0.0879830981959194 0 1.04661287776339 -0.0381345772188481 0 0.978629490970244 -0.79928903748297 0
0 0.0879830981959194 0 0 0.859589654700774 0 1.00758414773613 0.859589654700776 0 1.04661287776339 -0.0381345772188481 0
0 0.859589654700774 0 0 0.85958965470077 0.942941802758513 1.07287323905404 0.85958965470077 0.718707722706859 1.00758414773613 0.859589654700776 0
0 0.85958965470077 0.942941802758513 0 0.85958965470077 1.69735706550413 1.45534266420747 0.85958965470077 1.66688002915564 1.07287323905404 0.85958965470077 0.718707722706859
0 0.85958965470077 1.69735706550413 0 0.85958965470077 2.55538429192105 1.24857969870082 0.85958965470077 2.55538429192105 1.45534266420747 0.85958965470077 1.66688002915564
0.943910197430632 -0.799289037482974 2.55538429192104 0.98198371060512 -0.799289037482974 1.72365959941961 1.96550095279951 -0.799289037482974 1.74526092237837 1.81387377074502 -0.799289037482974 2.55538429192105
0.98198371060512 -0.799289037482974 1.72365959941961 1.02439725181323 -0.799289037482974 0.864514945342118 1.98968697150813 -0.799289037482974 0.913095908955482 1.96550095279951 -0.799289037482974 1.74526092237837
1.02439725181323 -0.799289037482974 0.864514945342118 0.978629490970244 -0.79928903748297 0 1.97504725518898 -0.799289037483013 0 1.98968697150813 -0.799289037482974 0.913095908955482
0.978629490970244 -0.79928903748297 0 1.04661287776339 -0.0381345772188481 0 2.03640139592446 0.126605295242962 0 1.97504725518898 -0.799289037483013 0
1.04661287776339 -0.0381345772188481 0 1.00758414773613 0.859589654700776 0 2.03737654718742 0.859589654700775 0 2.03640139592446 0.126605295242962 0
1.00758414773613 0.859589654700776 0 1.07287323905404 0.85958965470077 0.718707722706859 1.99464996663374 0.85958965470077 0.774798570213994 2.03737654718742 0.859589654700775 0
1.07287323905404 0.85958965470077 0.718707722706859 1.45534266420747 0.85958965470077 1.66688002915564 2.19280545679727 0.85958965470077 1.65285290734127 1.99464996663374 0.85958965470077 0.774798570213994
1.45534266420747 0.85958965470077 1.66688002915564 1.24857969870082 0.85958965470077 2.55538429192105 2.04350221969991 0.85958965470077 2.55538429192105 2.19280545679727 0.85958965470077 1.65285290734127
1.81387377074502 -0.799289037482974 2.55538429192105 1.96550095279951 -0.799289037482974 1.74526092237837 2.88771566157236 -0.799289037482974 1.68633330983121 2.70804330811159 -0.799289037482974 2.55538429192099
1.96550095279951 -0.799289037482974 1.74526092237837 1.98968697150813 -0.799289037482974 0.913095908955482 2.95671491904092 -0.799289037482974 0.840535558801463 2.88771566157236 -0.799289037482974 1.68633330983121
1.98968697150813 -0.799289037482974 0.913095908955482 1.97504725518898 -0.799289037483013 0 2.97091757206999 -0.799289037482974 6.72173428029055e-12 2.95671491904092 -0.799289037482974 0.840535558801463
1.97504725518898 -0.799289037483013 0 2.03640139592446 0.126605295242962 0 3.01992918105237 -0.0714175533107053 0 2.97091757206999 -0.799289037482974 6.72173428029055e-12
2.03640139592446 0.126605295242962 0 2.03737654718742 0.859589654700775 0 2.99919434849281 0.859589654700744 0 3.01992918105237 -0.0714175533107053 0
2.03737654718742 0.859589654700775 0 1.99464996663374 0.85958965470077 0.774798570213994 3.16902153564759 0.85958965470077 0.578558176759423 2.99919434849281 0.859589654700744 0
1.99464996663374 0.85958965470077 0.774798570213994 2.19280545679727 0.85958965470077 1.65285290734127 3.35972155818224 0.85958965470077 1.53046981144932 3.16902153564759 0.85958965470077 0.578558176759423
2.19280545679727 0.85958965470077 1.65285290734127 2.04350221969991 0.85958965470077 2.55538429192105 3.15317845889059 0.85958965470077 2.5553842919202 3.35972155818224 0.85958965470077 1.53046981144932
2.70804330811159 -0.799289037482974 2.55538429192099 2.88771566157236 -0.799289037482974 1.68633330983121 3.79208461567563 -0.799289037482974 1.74300189661813 3.58511921801488 -0.799289037482974 2.55538429192067
2.88771566157236 -0.799289037482974 1.68633330983121 2.95671491904092 -0.799289037482974 0.840535558801463 3.89069617796394 -0.799289037482974 0.90028686337394 3.79208461567563 -0.799289037482974 1.74300189661813
2.95671491904092 -0.799289037482974 0.840535558801463 2.97091757206999 -0.799289037482974 6.72173428029055e-12 3.98280674490861 -0.799289037482974 1.4274470494513e-11 3.89069617796394 -0.799289037482974 0.90028686337394
2.97091757206999 -0.799289037482974 6.72173428029055e-12 3.01992918105237 -0.0714175533107053 0 4.00427269195236 0.123531876423495 0 3.98280674490861 -0.799289037482974 1.4274470494513e-11
3.01992918105237 -0.0714175533107053 0 2.99919434849281 0.859589654700744 0 4.09144712647934 0.859589654700736 0 4.00427269195236 0.123531876423495 0
2.99919434849281 0.859589654700744 0 3.16902153564759 0.85958965470077 0.578558176759423 4.37081490981377 0.85958965470077 0.723231910896881 4.09144712647934 0.859589654700736 0
3.16902153564759 0.85958965470077 0.578558176759423 3.35972155818224 0.85958965470077 1.53046981144932 4.22151954125488 0.85958965470077 1.69616759348234 4.37081490981377 0.85958965470077 0.723231910896881
3.35972155818224 0.85958965470077 1.53046981144932 3.15317845889059 0.85958965470077 2.5553842919202 3.82813615720328 0.85958965470077 2.55538429192106 4.22151954125488 0.85958965470077 1.69616759348234
3.58511921801488 -0.799289037482974 2.55538429192067 3.79208461567563 -0.799289037482974 1.74300189661813 4.69931274519836 -0.799289037482974 1.76979761546782 4.50316165640557 -0.799289037482974 2.55538429192103
3.79208461567563 -0.799289037482974 1.74300189661813 3.89069617796394 -0.799289037482974 0.90028686337394 4.82109223303988 -0.799289037482974 0.890752227544131 4.69931274519836 -0.799289037482974 1.76979761546782
3.89069617796394 -0.799289037482974 0.90028686337394 3.98280674490861 -0.799289037482974 1.4274470494513e-11 4.93860458250457 -0.79928903748301 0 4.82109223303988 -0.799289037482974 0.890752227544131
3.98280674490861 -0.799289037482974 1.4274470494513e-11 4.00427269195236 0.123531876423495 0 5.00311150297194 -0.0362516211741803 0 4.93860458250457 -0.79928903748301 0
4.00427269195236 0.123531876423495 0 4.09144712647934 0.859589654700736 0 5.09698706929356 0.859589654701697 0 5.00311150297194 -0.0362516211741803 0
4.09144712647934 0.859589654700736 0 4.37081490981377 0.85958965470077 0.723231910896881 5.33917399068428 0.85958965470077 0.564394276867425 5.09698706929356 0.859589654701697 0
4.37081490981377 0.85958965470077 0.723231910896881 4.22151954125488 0.85958965470077 1.69616759348234 5.2889838684285 0.85958965470077 1.60925782536294 5.33917399068428 0.85958965470077 0.564394276867425
4.22151954125488 0.85958965470077 1.69616759348234 3.82813615720328 0.85958965470077 2.55538429192106 5.14911768374935 0.85958965470077 2.55538429192109 5.2889838684285 0.85958965470077 1.60925782536294
4.50316165640557 -0.799289037482974 2.55538429192103 4.69931274519836 -0.799289037482974 1.76979761546782 5.58980865479564 -0.799289037482974 1.74050725358609 5.41436230602849 -0.799289037482974 2.55538429192115
4.69931274519836 -0.799289037482974 1.76979761546782 4.82109223303988 -0.799289037482974 0.890752227544131 5.67845329745416 -0.799289037482974 0.907103527144056 5.58980865479564 -0.799289037482974 1.74050725358609
4.82109223303988 -0.799289037482974 0.890752227544131 4.93860458250457 -0.79928903748301 0 5.89697486691997 -0.799289037483432 0 5.67845329745416 -0.799289037482974 0.907103527144056
4.93860458250457 -0.79928903748301 0 5.00311150297194 -0.0362516211741803 0 6.12310716764202 0.106696192881823 0 5.89697486691997 -0.799289037483432 0
5.00311150297194 -0.0362516211741803 0 5.09698706929356 0.859589654701697 0 6.31181432234978 0.859589654700054 0 6.12310716764202 0.106696192881823 0
5.09698706929356 0.859589654701697 0 5.33917399068428 0.85958965470077 0.564394276867425 6.70389929582345 0.85958965470077 0.797751407362187 6.31181432234978 0.859589654700054 0
5.33917399068428 0.85958965470077 0.564394276867425 5.2889838684285 0.85958965470077 1.60925782536294 6.37616857987134 0.85958965470077 1.6264202114618 6.70389929582345 0.85958965470077 0.797751407362187
5.2889838684285 0.85958965470077 1.60925782536294 5.14911768374935 0.85958965470077 2.55538429192109 5.88562875100829 0.85958965470077 2.55538429192093 6.37616857987134 0.85958965470077 1.6264202114618
5.41436230602849 -0.799289037482974 2.55538429192115 5.58980865479564 -0.799289037482974 1.74050725358609 6.44584548389115 -0.799289037482974 1.77854879591988 6.34608386258903 -0.799289037482974 2.55538429192104
5.58980865479564 -0.799289037482974 1.74050725358609 5.67845329745416 -0.799289037482974 0.907103527144056 6.53352142887318 -0.799289037482974 0.917855704264675 6.44584548389115 -0.799289037482974 1.77854879591988
5.67845329745416 -0.799289037482974 0.907103527144056 5.89697486691997 -0.799289037483432 0 6.5345389741713 -0.799289037482974 0 6.53352142887318 -0.799289037482974 0.917855704264675
5.89697486691997 -0.799289037483432 0 6.12310716764202 0.106696192881823 0 7.2134190423556 -0.0922198306472589 0 6.5345389741713 -0.799289037482974 0
6.12310716764202 0.106696192881823 0 6.31181432234978 0.859589654700054 0 7.5717303882816 0.85958965470077 0 7.2134190423556 -0.0922198306472589 0
6.31181432234978 0.859589654700054 0 6.70389929582345 0.85958965470077 0.797751407362187 7.66127798815288 0.85958965470077 0.669651837640874 7.5717303882816 0.85958965470077 0
6.70389929582345 0.85958965470077 0.797751407362187 6.37616857987134 0.85958965470077 1.6264202114618 7.55902305901444 0.85958965470077 1.7437689473324 7.66127798815288 0.85958965470077 0.669651837640874
6.37616857987134 0.85958965470077 1.6264202114618 5.88562875100829 0.85958965470077 2.55538429192093 7.55623657807793 0.85958965470077 2.55538429192105 7.55902305901444 0.85958965470077 1.7437689473324
6.34608386258903 -0.799289037482974 2.55538429192104 6.44584548389115 -0.799289037482974 1.77854879591988 7.2855304846606 -0.799289037482974 1.68118572938397 7.28553048466062 -0.799289037482974 2.55538429192097
6.44584548389115 -0.799289037482974 1.77854879591988 6.53352142887318 -0.799289037482974 0.917855704264675 7.28553048466061 -0.799289037482974 0.806009076988593 7.2855304846606 -0.799289037482974 1.68118572938397
6.53352142887318 -0.799289037482974 0.917855704264675 6.5345389741713 -0.799289037482974 0 7.28553048466059 -0.799289037482971 0 7.28553048466061 -0.799289037482974 0.806009076988593
6.5345389741713 -0.799289037482974 0 7.2134190423556 -0.0922198306472589 0 7.82235280642457 -0.262466715718998 0 7.28553048466059 -0.799289037482971 0
7.2134190423556 -0.0922198306472589 0 7.5717303882816 0.85958965470077 0 8.94440917684434 0.859589654700815 0 7.82235280642457 -0.262466715718998 0
7.5717303882816 0.85958965470077 0 7.66127798815288 0.85958965470077 0.669651837640874 8.94440917684743 0.85958965470077 0.916129329555072 8.94440917684434 0.859589654700815 0
7.66127798815288 0.85958965470077 0.669651837640874 7.55902305901444 0.85958965470077 1.7437689473324 8.94440917684439 0.85958965470077 1.47537929196513 8.94440917684743 0.85958965470077 0.916129329555072
7.55902305901444 0.85958965470077 1.7437689473324 7.55623657807793 0.85958965470077 2.55538429192105 8.94440917684429 0.85958965470077 2.55538429192089 8.94440917684439 0.85958965470077 1.47537929196513
