1 3 2 4
1 4 4 1
1 2 64 3
2 3 3 2
2 2 5 1
2 1 63 4
3 1 4 2
3 3 8 4
3 4 14 1
4 3 13 2
5 3 6 4
5 4 8 1
5 2 68 3
6 3 7 2
6 2 9 1
6 1 67 4
7 1 8 2
7 3 12 4
7 4 18 1
8 3 17 2
9 3 10 4
9 4 12 1
9 2 72 3
10 3 11 2
10 1 71 4
11 1 12 2
11 4 22 1
12 3 21 2
13 3 14 4
13 4 16 1
14 3 15 2
14 2 17 1
15 1 16 2
15 3 20 4
15 4 26 1
16 3 25 2
17 3 18 4
17 4 20 1
18 3 19 2
18 2 21 1
19 1 20 2
19 3 24 4
19 4 30 1
20 3 29 2
21 3 22 4
21 4 24 1
22 3 23 2
23 1 24 2
23 4 34 1
24 3 33 2
25 3 26 4
25 4 28 1
26 3 27 2
26 2 29 1
27 1 28 2
27 3 32 4
27 4 135 2
28 3 136 3
29 3 30 4
29 4 32 1
30 3 31 2
30 2 33 1
31 1 32 2
31 3 36 4
31 4 139 2
32 3 140 3
33 3 34 4
33 4 36 1
34 3 35 2
35 1 36 2
35 4 143 2
36 3 144 3
37 3 38 4
37 4 40 1
37 2 73 4
37 1 181 1
38 3 39 2
38 2 41 1
38 1 74 1
39 1 40 2
39 3 44 4
39 4 50 1
40 3 49 2
40 4 184 2
41 3 42 4
41 4 44 1
41 2 77 4
42 3 43 2
42 2 45 1
42 1 78 1
43 1 44 2
43 3 48 4
43 4 54 1
44 3 53 2
45 3 46 4
45 4 48 1
45 2 81 4
46 3 47 2
46 1 82 1
46 2 145 1
47 1 48 2
47 4 58 1
47 3 148 4
48 3 57 2
49 3 50 4
49 4 52 1
49 1 193 1
50 3 51 2
50 2 53 1
51 1 52 2
51 3 56 4
51 4 62 1
52 3 61 2
52 4 196 2
53 3 54 4
53 4 56 1
54 3 55 2
54 2 57 1
55 1 56 2
55 3 60 4
55 4 66 1
56 3 65 2
57 3 58 4
57 4 60 1
58 3 59 2
58 2 157 1
59 1 60 2
59 4 70 1
59 3 160 4
60 3 69 2
61 3 62 4
61 4 64 1
61 1 205 1
62 3 63 2
62 2 65 1
63 1 64 2
63 3 68 4
64 4 208 2
65 3 66 4
65 4 68 1
66 3 67 2
66 2 69 1
67 1 68 2
67 3 72 4
69 3 70 4
69 4 72 1
70 3 71 2
70 2 169 1
71 1 72 2
71 3 172 4
73 3 74 2
73 2 76 1
74 3 75 4
74 4 77 1
75 1 76 4
75 3 80 2
75 2 86 1
76 3 85 4
77 3 78 2
77 2 80 1
78 3 79 4
78 4 81 1
79 1 80 4
79 3 84 2
79 2 90 1
80 3 89 4
81 3 82 2
81 2 84 1
82 3 83 4
83 1 84 4
83 2 94 1
84 3 93 4
85 3 86 2
85 2 88 1
86 3 87 4
86 4 89 1
87 1 88 4
87 3 92 2
87 2 98 1
88 3 97 4
89 3 90 2
89 2 92 1
90 3 91 4
90 4 93 1
91 1 92 4
91 3 96 2
91 2 102 1
92 3 101 4
93 3 94 2
93 2 96 1
94 3 95 4
95 1 96 4
95 2 106 1
96 3 105 4
97 3 98 2
97 2 100 1
98 3 99 4
98 4 101 1
99 1 100 4
99 3 104 2
99 2 110 1
100 3 109 4
101 3 102 2
101 2 104 1
102 3 103 4
102 4 105 1
103 1 104 4
103 3 108 2
103 2 114 1
104 3 113 4
105 3 106 2
105 2 108 1
106 3 107 4
107 1 108 4
107 2 118 1
108 3 117 4
109 3 110 2
109 2 112 1
109 1 190 4
110 3 111 4
110 4 113 1
111 1 112 4
111 3 116 2
111 2 122 1
112 3 121 4
112 2 191 3
113 3 114 2
113 2 116 1
114 3 115 4
114 4 117 1
115 1 116 4
115 3 120 2
115 2 126 1
116 3 125 4
117 3 118 2
117 2 120 1
118 3 119 4
118 4 154 2
119 1 120 4
119 2 130 1
119 3 155 3
120 3 129 4
121 3 122 2
121 2 124 1
121 1 202 4
122 3 123 4
122 4 125 1
123 1 124 4
123 3 128 2
123 2 134 1
124 3 133 4
124 2 203 3
125 3 126 2
125 2 128 1
126 3 127 4
126 4 129 1
127 1 128 4
127 3 132 2
127 2 138 1
128 3 137 4
129 3 130 2
129 2 132 1
130 3 131 4
130 4 166 2
131 1 132 4
131 2 142 1
131 3 167 3
132 3 141 4
133 3 134 2
133 2 136 1
133 1 214 4
134 3 135 4
134 4 137 1
135 1 136 4
135 3 140 2
136 2 215 3
137 3 138 2
137 2 140 1
138 3 139 4
138 4 141 1
139 1 140 4
139 3 144 2
141 3 142 2
141 2 144 1
142 3 143 4
142 4 178 2
143 1 144 4
143 3 179 3
145 3 146 4
145 4 148 1
146 3 147 2
146 2 149 1
147 1 148 2
147 3 152 4
147 4 158 1
148 3 157 2
149 3 150 4
149 4 152 1
150 3 151 2
150 2 153 1
151 1 152 2
151 3 156 4
151 4 162 1
152 3 161 2
153 3 154 4
153 4 156 1
154 3 155 2
155 1 156 2
155 4 166 1
156 3 165 2
157 3 158 4
157 4 160 1
158 3 159 2
158 2 161 1
159 1 160 2
159 3 164 4
159 4 170 1
160 3 169 2
161 3 162 4
161 4 164 1
162 3 163 2
162 2 165 1
163 1 164 2
163 3 168 4
163 4 174 1
164 3 173 2
165 3 166 4
165 4 168 1
166 3 167 2
167 1 168 2
167 4 178 1
168 3 177 2
169 3 170 4
169 4 172 1
170 3 171 2
170 2 173 1
171 1 172 2
171 3 176 4
173 3 174 4
173 4 176 1
174 3 175 2
174 2 177 1
175 1 176 2
175 3 180 4
177 3 178 4
177 4 180 1
178 3 179 2
179 1 180 2
181 3 182 2
181 2 184 1
182 3 183 4
182 4 185 1
183 1 184 4
183 3 188 2
183 2 194 1
184 3 193 4
185 3 186 2
185 2 188 1
186 3 187 4
186 4 189 1
187 1 188 4
187 3 192 2
187 2 198 1
188 3 197 4
189 3 190 2
189 2 192 1
190 3 191 4
191 1 192 4
191 2 202 1
192 3 201 4
193 3 194 2
193 2 196 1
194 3 195 4
194 4 197 1
195 1 196 4
195 3 200 2
195 2 206 1
196 3 205 4
197 3 198 2
197 2 200 1
198 3 199 4
198 4 201 1
199 1 200 4
199 3 204 2
199 2 210 1
200 3 209 4
201 3 202 2
201 2 204 1
202 3 203 4
203 1 204 4
203 2 214 1
204 3 213 4
205 3 206 2
205 2 208 1
206 3 207 4
206 4 209 1
207 1 208 4
207 3 212 2
209 3 210 2
209 2 212 1
210 3 211 4
210 4 213 1
211 1 212 4
211 3 216 2
213 3 214 2
213 2 216 1
214 3 215 4
215 1 216 4
