0 2 1 3
0 3 3 0
0 1 115 2
1 2 2 1
1 1 4 0
1 0 114 3
2 0 3 1
2 2 7 3
2 3 17 0
3 2 16 1
4 2 5 3
4 3 7 0
4 1 119 2
5 2 6 1
5 1 8 0
5 0 118 3
6 0 7 1
6 2 11 3
6 3 21 0
7 2 20 1
8 2 9 3
8 3 11 0
8 1 123 2
9 2 10 1
9 1 12 0
9 0 122 3
10 0 11 1
10 2 15 3
10 3 25 0
11 2 24 1
12 2 13 3
12 3 15 0
12 1 127 2
13 2 14 1
13 0 126 3
14 0 15 1
14 3 29 0
15 2 28 1
16 2 17 3
16 3 19 0
17 2 18 1
17 1 20 0
18 0 19 1
18 2 23 3
18 3 33 0
19 2 32 1
20 2 21 3
20 3 23 0
21 2 22 1
21 1 24 0
22 0 23 1
22 2 27 3
22 3 37 0
23 2 36 1
24 2 25 3
24 3 27 0
25 2 26 1
25 1 28 0
26 0 27 1
26 2 31 3
26 3 41 0
27 2 40 1
28 2 29 3
28 3 31 0
29 2 30 1
30 0 31 1
30 3 45 0
31 2 44 1
32 2 33 3
32 3 35 0
33 2 34 1
33 1 36 0
34 0 35 1
34 2 39 3
34 3 49 0
35 2 48 1
36 2 37 3
36 3 39 0
37 2 38 1
37 1 40 0
38 0 39 1
38 2 43 3
38 3 53 0
39 2 52 1
40 2 41 3
40 3 43 0
41 2 42 1
41 1 44 0
42 0 43 1
42 2 47 3
42 3 57 0
43 2 56 1
44 2 45 3
44 3 47 0
45 2 46 1
46 0 47 1
46 3 61 0
47 2 60 1
48 2 49 3
48 3 51 0
49 2 50 1
49 1 52 0
50 0 51 1
50 2 55 3
50 3 242 1
51 2 243 2
52 2 53 3
52 3 55 0
53 2 54 1
53 1 56 0
54 0 55 1
54 2 59 3
54 3 246 1
55 2 247 2
56 2 57 3
56 3 59 0
57 2 58 1
57 1 60 0
58 0 59 1
58 2 63 3
58 3 250 1
59 2 251 2
60 2 61 3
60 3 63 0
61 2 62 1
62 0 63 1
62 3 254 1
63 2 255 2
64 2 65 3
64 3 67 0
64 1 128 3
64 0 320 0
65 2 66 1
65 1 68 0
65 0 129 0
66 0 67 1
66 2 71 3
66 3 81 0
67 2 80 1
67 3 323 1
68 2 69 3
68 3 71 0
68 1 132 3
69 2 70 1
69 1 72 0
69 0 133 0
70 0 71 1
70 2 75 3
70 3 85 0
71 2 84 1
72 2 73 3
72 3 75 0
72 1 136 3
73 2 74 1
73 1 76 0
73 0 137 0
74 0 75 1
74 2 79 3
74 3 89 0
75 2 88 1
76 2 77 3
76 3 79 0
76 1 140 3
77 2 78 1
77 0 141 0
77 1 256 0
78 0 79 1
78 3 93 0
78 2 259 3
79 2 92 1
80 2 81 3
80 3 83 0
80 0 336 0
81 2 82 1
81 1 84 0
82 0 83 1
82 2 87 3
82 3 97 0
83 2 96 1
83 3 339 1
84 2 85 3
84 3 87 0
85 2 86 1
85 1 88 0
86 0 87 1
86 2 91 3
86 3 101 0
87 2 100 1
88 2 89 3
88 3 91 0
89 2 90 1
89 1 92 0
90 0 91 1
90 2 95 3
90 3 105 0
91 2 104 1
92 2 93 3
92 3 95 0
93 2 94 1
93 1 272 0
94 0 95 1
94 3 109 0
94 2 275 3
95 2 108 1
96 2 97 3
96 3 99 0
96 0 352 0
97 2 98 1
97 1 100 0
98 0 99 1
98 2 103 3
98 3 113 0
99 2 112 1
99 3 355 1
100 2 101 3
100 3 103 0
101 2 102 1
101 1 104 0
102 0 103 1
102 2 107 3
102 3 117 0
103 2 116 1
104 2 105 3
104 3 107 0
105 2 106 1
105 1 108 0
106 0 107 1
106 2 111 3
106 3 121 0
107 2 120 1
108 2 109 3
108 3 111 0
109 2 110 1
109 1 288 0
110 0 111 1
110 3 125 0
110 2 291 3
111 2 124 1
112 2 113 3
112 3 115 0
112 0 368 0
113 2 114 1
113 1 116 0
114 0 115 1
114 2 119 3
115 3 371 1
116 2 117 3
116 3 119 0
117 2 118 1
117 1 120 0
118 0 119 1
118 2 123 3
120 2 121 3
120 3 123 0
121 2 122 1
121 1 124 0
122 0 123 1
122 2 127 3
124 2 125 3
124 3 127 0
125 2 126 1
125 1 304 0
126 0 127 1
126 2 307 3
128 2 129 1
128 1 131 0
129 2 130 3
129 3 132 0
130 0 131 3
130 2 135 1
130 1 145 0
131 2 144 3
132 2 133 1
132 1 135 0
133 2 134 3
133 3 136 0
134 0 135 3
134 2 139 1
134 1 149 0
135 2 148 3
136 2 137 1
136 1 139 0
137 2 138 3
137 3 140 0
138 0 139 3
138 2 143 1
138 1 153 0
139 2 152 3
140 2 141 1
140 1 143 0
141 2 142 3
142 0 143 3
142 1 157 0
143 2 156 3
144 2 145 1
144 1 147 0
145 2 146 3
145 3 148 0
146 0 147 3
146 2 151 1
146 1 161 0
147 2 160 3
148 2 149 1
148 1 151 0
149 2 150 3
149 3 152 0
150 0 151 3
150 2 155 1
150 1 165 0
151 2 164 3
152 2 153 1
152 1 155 0
153 2 154 3
153 3 156 0
154 0 155 3
154 2 159 1
154 1 169 0
155 2 168 3
156 2 157 1
156 1 159 0
157 2 158 3
158 0 159 3
158 1 173 0
159 2 172 3
160 2 161 1
160 1 163 0
161 2 162 3
161 3 164 0
162 0 163 3
162 2 167 1
162 1 177 0
163 2 176 3
164 2 165 1
164 1 167 0
165 2 166 3
165 3 168 0
166 0 167 3
166 2 171 1
166 1 181 0
167 2 180 3
168 2 169 1
168 1 171 0
169 2 170 3
169 3 172 0
170 0 171 3
170 2 175 1
170 1 185 0
171 2 184 3
172 2 173 1
172 1 175 0
173 2 174 3
174 0 175 3
174 1 189 0
175 2 188 3
176 2 177 1
176 1 179 0
177 2 178 3
177 3 180 0
178 0 179 3
178 2 183 1
178 1 193 0
179 2 192 3
180 2 181 1
180 1 183 0
181 2 182 3
181 3 184 0
182 0 183 3
182 2 187 1
182 1 197 0
183 2 196 3
184 2 185 1
184 1 187 0
185 2 186 3
185 3 188 0
186 0 187 3
186 2 191 1
186 1 201 0
187 2 200 3
188 2 189 1
188 1 191 0
189 2 190 3
190 0 191 3
190 1 205 0
191 2 204 3
192 2 193 1
192 1 195 0
192 0 333 3
193 2 194 3
193 3 196 0
194 0 195 3
194 2 199 1
194 1 209 0
195 2 208 3
195 1 334 2
196 2 197 1
196 1 199 0
197 2 198 3
197 3 200 0
198 0 199 3
198 2 203 1
198 1 213 0
199 2 212 3
200 2 201 1
200 1 203 0
201 2 202 3
201 3 204 0
202 0 203 3
202 2 207 1
202 1 217 0
203 2 216 3
204 2 205 1
204 1 207 0
205 2 206 3
205 3 269 1
206 0 207 3
206 1 221 0
206 2 270 2
207 2 220 3
208 2 209 1
208 1 211 0
208 0 349 3
209 2 210 3
209 3 212 0
210 0 211 3
210 2 215 1
210 1 225 0
211 2 224 3
211 1 350 2
212 2 213 1
212 1 215 0
213 2 214 3
213 3 216 0
214 0 215 3
214 2 219 1
214 1 229 0
215 2 228 3
216 2 217 1
216 1 219 0
217 2 218 3
217 3 220 0
218 0 219 3
218 2 223 1
218 1 233 0
219 2 232 3
220 2 221 1
220 1 223 0
221 2 222 3
221 3 285 1
222 0 223 3
222 1 237 0
222 2 286 2
223 2 236 3
224 2 225 1
224 1 227 0
224 0 365 3
225 2 226 3
225 3 228 0
226 0 227 3
226 2 231 1
226 1 241 0
227 2 240 3
227 1 366 2
228 2 229 1
228 1 231 0
229 2 230 3
229 3 232 0
230 0 231 3
230 2 235 1
230 1 245 0
231 2 244 3
232 2 233 1
232 1 235 0
233 2 234 3
233 3 236 0
234 0 235 3
234 2 239 1
234 1 249 0
235 2 248 3
236 2 237 1
236 1 239 0
237 2 238 3
237 3 301 1
238 0 239 3
238 1 253 0
238 2 302 2
239 2 252 3
240 2 241 1
240 1 243 0
240 0 381 3
241 2 242 3
241 3 244 0
242 0 243 3
242 2 247 1
243 1 382 2
244 2 245 1
244 1 247 0
245 2 246 3
245 3 248 0
246 0 247 3
246 2 251 1
248 2 249 1
248 1 251 0
249 2 250 3
249 3 252 0
250 0 251 3
250 2 255 1
252 2 253 1
252 1 255 0
253 2 254 3
253 3 317 1
254 0 255 3
254 2 318 2
256 2 257 3
256 3 259 0
257 2 258 1
257 1 260 0
258 0 259 1
258 2 263 3
258 3 273 0
259 2 272 1
260 2 261 3
260 3 263 0
261 2 262 1
261 1 264 0
262 0 263 1
262 2 267 3
262 3 277 0
263 2 276 1
264 2 265 3
264 3 267 0
265 2 266 1
265 1 268 0
266 0 267 1
266 2 271 3
266 3 281 0
267 2 280 1
268 2 269 3
268 3 271 0
269 2 270 1
270 0 271 1
270 3 285 0
271 2 284 1
272 2 273 3
272 3 275 0
273 2 274 1
273 1 276 0
274 0 275 1
274 2 279 3
274 3 289 0
275 2 288 1
276 2 277 3
276 3 279 0
277 2 278 1
277 1 280 0
278 0 279 1
278 2 283 3
278 3 293 0
279 2 292 1
280 2 281 3
280 3 283 0
281 2 282 1
281 1 284 0
282 0 283 1
282 2 287 3
282 3 297 0
283 2 296 1
284 2 285 3
284 3 287 0
285 2 286 1
286 0 287 1
286 3 301 0
287 2 300 1
288 2 289 3
288 3 291 0
289 2 290 1
289 1 292 0
290 0 291 1
290 2 295 3
290 3 305 0
291 2 304 1
292 2 293 3
292 3 295 0
293 2 294 1
293 1 296 0
294 0 295 1
294 2 299 3
294 3 309 0
295 2 308 1
296 2 297 3
296 3 299 0
297 2 298 1
297 1 300 0
298 0 299 1
298 2 303 3
298 3 313 0
299 2 312 1
300 2 301 3
300 3 303 0
301 2 302 1
302 0 303 1
302 3 317 0
303 2 316 1
304 2 305 3
304 3 307 0
305 2 306 1
305 1 308 0
306 0 307 1
306 2 311 3
308 2 309 3
308 3 311 0
309 2 310 1
309 1 312 0
310 0 311 1
310 2 315 3
312 2 313 3
312 3 315 0
313 2 314 1
313 1 316 0
314 0 315 1
314 2 319 3
316 2 317 3
316 3 319 0
317 2 318 1
318 0 319 1
320 2 321 1
320 1 323 0
321 2 322 3
321 3 324 0
322 0 323 3
322 2 327 1
322 1 337 0
323 2 336 3
324 2 325 1
324 1 327 0
325 2 326 3
325 3 328 0
326 0 327 3
326 2 331 1
326 1 341 0
327 2 340 3
328 2 329 1
328 1 331 0
329 2 330 3
329 3 332 0
330 0 331 3
330 2 335 1
330 1 345 0
331 2 344 3
332 2 333 1
332 1 335 0
333 2 334 3
334 0 335 3
334 1 349 0
335 2 348 3
336 2 337 1
336 1 339 0
337 2 338 3
337 3 340 0
338 0 339 3
338 2 343 1
338 1 353 0
339 2 352 3
340 2 341 1
340 1 343 0
341 2 342 3
341 3 344 0
342 0 343 3
342 2 347 1
342 1 357 0
343 2 356 3
344 2 345 1
344 1 347 0
345 2 346 3
345 3 348 0
346 0 347 3
346 2 351 1
346 1 361 0
347 2 360 3
348 2 349 1
348 1 351 0
349 2 350 3
350 0 351 3
350 1 365 0
351 2 364 3
352 2 353 1
352 1 355 0
353 2 354 3
353 3 356 0
354 0 355 3
354 2 359 1
354 1 369 0
355 2 368 3
356 2 357 1
356 1 359 0
357 2 358 3
357 3 360 0
358 0 359 3
358 2 363 1
358 1 373 0
359 2 372 3
360 2 361 1
360 1 363 0
361 2 362 3
361 3 364 0
362 0 363 3
362 2 367 1
362 1 377 0
363 2 376 3
364 2 365 1
364 1 367 0
365 2 366 3
366 0 367 3
366 1 381 0
367 2 380 3
368 2 369 1
368 1 371 0
369 2 370 3
369 3 372 0
370 0 371 3
370 2 375 1
372 2 373 1
372 1 375 0
373 2 374 3
373 3 376 0
374 0 375 3
374 2 379 1
376 2 377 1
376 1 379 0
377 2 378 3
377 3 380 0
378 0 379 3
378 2 383 1
380 2 381 1
380 1 383 0
381 2 382 3
382 0 383 3
