1 3 2 4
5 1 2 2
4 1 1 4
3 2 2 3
3 1 4 2
3 3 8 4
17 2 4 3
18 1 3 4
5 3 6 4
9 1 6 2
8 1 5 4
7 2 6 3
7 1 8 2
7 3 12 4
21 2 8 3
22 1 7 4
59 3 64 4
9 3 10 4
13 1 10 2
12 1 9 4
11 2 10 3
63 2 62 3
11 1 12 2
11 3 16 4
25 2 12 3
26 1 11 4
61 1 58 2
13 3 14 4
16 1 13 4
15 2 14 3
62 1 47 4
15 1 16 2
29 2 16 3
30 1 15 4
63 1 64 2
17 3 18 4
21 1 18 2
20 1 17 4
19 2 18 3
19 1 20 2
19 3 24 4
33 2 20 3
34 1 19 4
64 1 61 4
59 2 58 3
21 3 22 4
25 1 22 2
24 1 21 4
23 2 22 3
60 1 57 4
23 1 24 2
23 3 28 4
37 2 24 3
38 1 23 4
61 2 48 3
57 1 54 2
25 3 26 4
29 1 26 2
28 1 25 4
27 2 26 3
58 1 43 4
27 1 28 2
27 3 32 4
41 2 28 3
42 1 27 4
59 1 60 2
55 3 60 4
55 1 56 2
29 3 30 4
32 1 29 4
31 2 30 3
55 2 54 3
31 1 32 2
45 2 32 3
46 1 31 4
57 3 58 4
33 3 34 4
37 1 34 2
36 1 33 4
35 2 34 3
35 1 36 2
35 3 40 4
49 2 36 3
50 1 35 4
57 2 44 3
53 2 40 3
37 3 38 4
41 1 38 2
40 1 37 4
39 2 38 3
39 1 40 2
39 3 44 4
54 1 39 4
56 1 53 4
53 3 54 4
51 2 50 3
41 3 42 4
45 1 42 2
44 1 41 4
43 2 42 3
52 1 49 4
43 1 44 2
43 3 48 4
51 1 52 2
51 3 56 4
53 1 50 2
49 3 50 4
45 3 46 4
48 1 45 4
47 2 46 3
47 1 48 2
61 3 62 4
65 3 66 4
69 1 66 2
68 1 65 4
67 2 66 3
67 1 68 2
67 3 72 4
81 2 68 3
82 1 67 4
69 3 70 4
73 1 70 2
72 1 69 4
71 2 70 3
71 1 72 2
71 3 76 4
85 2 72 3
86 1 71 4
123 3 128 4
73 3 74 4
77 1 74 2
76 1 73 4
75 2 74 3
127 2 126 3
75 1 76 2
75 3 80 4
89 2 76 3
90 1 75 4
125 1 122 2
77 3 78 4
80 1 77 4
79 2 78 3
126 1 111 4
79 1 80 2
93 2 80 3
94 1 79 4
127 1 128 2
81 3 82 4
85 1 82 2
84 1 81 4
83 2 82 3
83 1 84 2
83 3 88 4
97 2 84 3
98 1 83 4
128 1 125 4
123 2 122 3
85 3 86 4
89 1 86 2
88 1 85 4
87 2 86 3
124 1 121 4
87 1 88 2
87 3 92 4
101 2 88 3
102 1 87 4
125 2 112 3
121 1 118 2
89 3 90 4
93 1 90 2
92 1 89 4
91 2 90 3
122 1 107 4
91 1 92 2
91 3 96 4
105 2 92 3
106 1 91 4
123 1 124 2
119 3 124 4
119 1 120 2
93 3 94 4
96 1 93 4
95 2 94 3
119 2 118 3
95 1 96 2
109 2 96 3
110 1 95 4
121 3 122 4
97 3 98 4
101 1 98 2
100 1 97 4
99 2 98 3
99 1 100 2
99 3 104 4
113 2 100 3
114 1 99 4
121 2 108 3
117 2 104 3
101 3 102 4
105 1 102 2
104 1 101 4
103 2 102 3
103 1 104 2
103 3 108 4
118 1 103 4
120 1 117 4
117 3 118 4
115 2 114 3
105 3 106 4
109 1 106 2
108 1 105 4
107 2 106 3
116 1 113 4
107 1 108 2
107 3 112 4
115 1 116 2
115 3 120 4
117 1 114 2
113 3 114 4
109 3 110 4
112 1 109 4
111 2 110 3
111 1 112 2
125 3 126 4
129 3 130 4
133 1 130 2
132 1 129 4
131 2 130 3
131 1 132 2
131 3 136 4
145 2 132 3
146 1 131 4
133 3 134 4
137 1 134 2
136 1 133 4
135 2 134 3
135 1 136 2
135 3 140 4
149 2 136 3
150 1 135 4
187 3 192 4
137 3 138 4
141 1 138 2
140 1 137 4
139 2 138 3
191 2 190 3
139 1 140 2
139 3 144 4
153 2 140 3
154 1 139 4
189 1 186 2
141 3 142 4
144 1 141 4
143 2 142 3
190 1 175 4
143 1 144 2
157 2 144 3
158 1 143 4
191 1 192 2
145 3 146 4
149 1 146 2
148 1 145 4
147 2 146 3
147 1 148 2
147 3 152 4
161 2 148 3
162 1 147 4
192 1 189 4
187 2 186 3
149 3 150 4
153 1 150 2
152 1 149 4
151 2 150 3
188 1 185 4
151 1 152 2
151 3 156 4
165 2 152 3
166 1 151 4
189 2 176 3
185 1 182 2
153 3 154 4
157 1 154 2
156 1 153 4
155 2 154 3
186 1 171 4
155 1 156 2
155 3 160 4
169 2 156 3
170 1 155 4
187 1 188 2
183 3 188 4
183 1 184 2
157 3 158 4
160 1 157 4
159 2 158 3
183 2 182 3
159 1 160 2
173 2 160 3
174 1 159 4
185 3 186 4
161 3 162 4
165 1 162 2
164 1 161 4
163 2 162 3
163 1 164 2
163 3 168 4
177 2 164 3
178 1 163 4
185 2 172 3
181 2 168 3
165 3 166 4
169 1 166 2
168 1 165 4
167 2 166 3
167 1 168 2
167 3 172 4
182 1 167 4
184 1 181 4
181 3 182 4
179 2 178 3
169 3 170 4
173 1 170 2
172 1 169 4
171 2 170 3
180 1 177 4
171 1 172 2
171 3 176 4
179 1 180 2
179 3 184 4
181 1 178 2
177 3 178 4
173 3 174 4
176 1 173 4
175 2 174 3
175 1 176 2
189 3 190 4
193 3 194 4
197 1 194 2
196 1 193 4
195 2 194 3
195 1 196 2
195 3 200 4
209 2 196 3
210 1 195 4
197 3 198 4
201 1 198 2
200 1 197 4
199 2 198 3
199 1 200 2
199 3 204 4
213 2 200 3
214 1 199 4
251 3 256 4
201 3 202 4
205 1 202 2
204 1 201 4
203 2 202 3
255 2 254 3
203 1 204 2
203 3 208 4
217 2 204 3
218 1 203 4
253 1 250 2
205 3 206 4
208 1 205 4
207 2 206 3
254 1 239 4
207 1 208 2
221 2 208 3
222 1 207 4
255 1 256 2
209 3 210 4
213 1 210 2
212 1 209 4
211 2 210 3
211 1 212 2
211 3 216 4
225 2 212 3
226 1 211 4
256 1 253 4
251 2 250 3
213 3 214 4
217 1 214 2
216 1 213 4
215 2 214 3
252 1 249 4
215 1 216 2
215 3 220 4
229 2 216 3
230 1 215 4
253 2 240 3
249 1 246 2
217 3 218 4
221 1 218 2
220 1 217 4
219 2 218 3
250 1 235 4
219 1 220 2
219 3 224 4
233 2 220 3
234 1 219 4
251 1 252 2
247 3 252 4
247 1 248 2
221 3 222 4
224 1 221 4
223 2 222 3
247 2 246 3
223 1 224 2
237 2 224 3
238 1 223 4
249 3 250 4
225 3 226 4
229 1 226 2
228 1 225 4
227 2 226 3
227 1 228 2
227 3 232 4
241 2 228 3
242 1 227 4
249 2 236 3
245 2 232 3
229 3 230 4
233 1 230 2
232 1 229 4
231 2 230 3
231 1 232 2
231 3 236 4
246 1 231 4
248 1 245 4
245 3 246 4
243 2 242 3
233 3 234 4
237 1 234 2
236 1 233 4
235 2 234 3
244 1 241 4
235 1 236 2
235 3 240 4
243 1 244 2
243 3 248 4
245 1 242 2
241 3 242 4
237 3 238 4
240 1 237 4
239 2 238 3
239 1 240 2
253 3 254 4
257 3 258 4
261 1 258 2
260 1 257 4
259 2 258 3
259 1 260 2
259 3 264 4
273 2 260 3
274 1 259 4
261 3 262 4
265 1 262 2
264 1 261 4
263 2 262 3
263 1 264 2
263 3 268 4
277 2 264 3
278 1 263 4
315 3 320 4
265 3 266 4
269 1 266 2
268 1 265 4
267 2 266 3
319 2 318 3
267 1 268 2
267 3 272 4
281 2 268 3
282 1 267 4
317 1 314 2
269 3 270 4
272 1 269 4
271 2 270 3
318 1 303 4
271 1 272 2
285 2 272 3
286 1 271 4
319 1 320 2
273 3 274 4
277 1 274 2
276 1 273 4
275 2 274 3
275 1 276 2
275 3 280 4
289 2 276 3
290 1 275 4
320 1 317 4
315 2 314 3
277 3 278 4
281 1 278 2
280 1 277 4
279 2 278 3
316 1 313 4
279 1 280 2
279 3 284 4
293 2 280 3
294 1 279 4
317 2 304 3
313 1 310 2
281 3 282 4
285 1 282 2
284 1 281 4
283 2 282 3
314 1 299 4
283 1 284 2
283 3 288 4
297 2 284 3
298 1 283 4
315 1 316 2
311 3 316 4
311 1 312 2
285 3 286 4
288 1 285 4
287 2 286 3
311 2 310 3
287 1 288 2
301 2 288 3
302 1 287 4
313 3 314 4
289 3 290 4
293 1 290 2
292 1 289 4
291 2 290 3
291 1 292 2
291 3 296 4
305 2 292 3
306 1 291 4
313 2 300 3
309 2 296 3
293 3 294 4
297 1 294 2
296 1 293 4
295 2 294 3
295 1 296 2
295 3 300 4
310 1 295 4
312 1 309 4
309 3 310 4
307 2 306 3
297 3 298 4
301 1 298 2
300 1 297 4
299 2 298 3
308 1 305 4
299 1 300 2
299 3 304 4
307 1 308 2
307 3 312 4
309 1 306 2
305 3 306 4
301 3 302 4
304 1 301 4
303 2 302 3
303 1 304 2
317 3 318 4
321 3 322 4
325 1 322 2
324 1 321 4
323 2 322 3
323 1 324 2
323 3 328 4
337 2 324 3
338 1 323 4
325 3 326 4
329 1 326 2
328 1 325 4
327 2 326 3
327 1 328 2
327 3 332 4
341 2 328 3
342 1 327 4
379 3 384 4
329 3 330 4
333 1 330 2
332 1 329 4
331 2 330 3
383 2 382 3
331 1 332 2
331 3 336 4
345 2 332 3
346 1 331 4
381 1 378 2
333 3 334 4
336 1 333 4
335 2 334 3
382 1 367 4
335 1 336 2
349 2 336 3
350 1 335 4
383 1 384 2
337 3 338 4
341 1 338 2
340 1 337 4
339 2 338 3
339 1 340 2
339 3 344 4
353 2 340 3
354 1 339 4
384 1 381 4
379 2 378 3
341 3 342 4
345 1 342 2
344 1 341 4
343 2 342 3
380 1 377 4
343 1 344 2
343 3 348 4
357 2 344 3
358 1 343 4
381 2 368 3
377 1 374 2
345 3 346 4
349 1 346 2
348 1 345 4
347 2 346 3
378 1 363 4
347 1 348 2
347 3 352 4
361 2 348 3
362 1 347 4
379 1 380 2
375 3 380 4
375 1 376 2
349 3 350 4
352 1 349 4
351 2 350 3
375 2 374 3
351 1 352 2
365 2 352 3
366 1 351 4
377 3 378 4
353 3 354 4
357 1 354 2
356 1 353 4
355 2 354 3
355 1 356 2
355 3 360 4
369 2 356 3
370 1 355 4
377 2 364 3
373 2 360 3
357 3 358 4
361 1 358 2
360 1 357 4
359 2 358 3
359 1 360 2
359 3 364 4
374 1 359 4
376 1 373 4
373 3 374 4
371 2 370 3
361 3 362 4
365 1 362 2
364 1 361 4
363 2 362 3
372 1 369 4
363 1 364 2
363 3 368 4
371 1 372 2
371 3 376 4
373 1 370 2
369 3 370 4
365 3 366 4
368 1 365 4
367 2 366 3
367 1 368 2
381 3 382 4
1 2 116 3
2 1 115 4
5 2 120 3
6 1 119 4
9 2 124 3
10 1 123 4
13 2 128 3
14 1 127 4
65 2 129 2
66 1 130 1
69 2 133 2
70 1 134 1
73 2 137 2
74 1 138 1
77 2 141 2
78 1 142 1
180 3 193 2
179 4 194 1
184 3 197 2
183 4 198 1
188 3 201 2
187 4 202 1
192 3 205 2
191 4 206 1
244 3 52 3
243 4 51 4
248 3 56 3
247 4 55 4
252 3 60 3
251 4 59 4
256 3 64 3
255 4 63 4
78 2 257 1
79 3 260 4
94 2 273 1
95 3 276 4
110 2 289 1
111 3 292 4
126 2 305 1
127 3 308 4
206 2 270 2
207 3 271 3
222 2 286 2
223 3 287 3
238 2 302 2
239 3 303 3
254 2 318 2
255 3 319 3
65 1 321 1
68 4 324 4
81 1 337 1
84 4 340 4
97 1 353 1
100 4 356 4
113 1 369 1
116 4 372 4
193 1 334 2
196 4 335 3
209 1 350 2
212 4 351 3
225 1 366 2
228 4 367 3
241 1 382 2
244 4 383 3
