-1.76770078926964 -1.76767925654796 1.76774234306797 -1.46695329037681 -1.7676715818809 1.76774234306797 -1.42789951764601 -1.47070449138195 1.76774234306797 -1.76770790979227 -1.46693758682408 1.76774234306797
-1.46695329037681 -1.7676715818809 1.76774234306797 -1.06851210823841 -1.76766686681528 1.76774234306797 -1.04511983482905 -1.34480090418531 1.76774234306797 -1.42789951764601 -1.47070449138195 1.76774234306797
-1.42789951764601 -1.47070449138195 1.76774234306797 -1.04511983482905 -1.34480090418531 1.76774234306797 -1.01777120866681 -1.02495528125938 1.76774234306797 -1.43928177070902 -1.06849323332198 1.76774234306797
-1.76770790979227 -1.46693758682408 1.76774234306797 -1.42789951764601 -1.47070449138195 1.76774234306797 -1.43928177070902 -1.06849323332198 1.76774234306797 -1.76771086939518 -1.06848843712827 1.76774234306797
-1.06851210823841 -1.76766686681528 1.76774234306797 -0.489181734132459 -1.76767405446242 1.76774234306797 -0.468610270689272 -1.39811384228906 1.76774234306797 -1.04511983482905 -1.34480090418531 1.76774234306797
-0.489181734132459 -1.76767405446242 1.76774234306797 -7.85686648259236e-06 -1.76768754437034 1.76774234306797 -7.95005685196171e-06 -1.24586129429839 1.76774234306797 -0.468610270689272 -1.39811384228906 1.76774234306797
-0.468610270689272 -1.39811384228906 1.76774234306797 -7.95005685196171e-06 -1.24586129429839 1.76774234306797 -6.52262532117788e-06 -0.92794923006574 1.76774234306797 -0.533097310574076 -1.00175166582641 1.76774234306797
-1.04511983482905 -1.34480090418531 1.76774234306797 -0.468610270689272 -1.39811384228906 1.76774234306797 -0.533097310574076 -1.00175166582641 1.76774234306797 -1.01777120866681 -1.02495528125938 1.76774234306797
-7.85686648259236e-06 -1.76768754437034 1.76774234306797 0.489166296285648 -1.76767889733775 1.76774234306797 0.468594424039006 -1.39811367946977 1.76774234306797 -7.95005685196171e-06 -1.24586129429839 1.76774234306797
0.489166296285648 -1.76767889733775 1.76774234306797 1.06849639133829 -1.76766649325568 1.76774234306797 1.04510453908832 -1.34481083589675 1.76774234306797 0.468594424039006 -1.39811367946977 1.76774234306797
0.468594424039006 -1.39811367946977 1.76774234306797 1.04510453908832 -1.34481083589675 1.76774234306797 1.01773605997349 -1.02498001440099 1.76774234306797 0.533078604203829 -1.00175532829074 1.76774234306797
-7.95005685196171e-06 -1.24586129429839 1.76774234306797 0.468594424039006 -1.39811367946977 1.76774234306797 0.533078604203829 -1.00175532829074 1.76774234306797 -6.52262532117788e-06 -0.92794923006574 1.76774234306797
1.06849639133829 -1.76766649325568 1.76774234306797 1.46693764097943 -1.7676715818809 1.76774234306797 1.42788369661019 -1.47070398956988 1.76774234306797 1.04510453908832 -1.34481083589675 1.76774234306797
1.46693764097943 -1.7676715818809 1.76774234306797 1.76768507195551 -1.76767863504696 1.76774234306797 1.76769208744085 -1.46693696429817 1.76774234306797 1.42788369661019 -1.47070398956988 1.76774234306797
1.42788369661019 -1.47070398956988 1.76774234306797 1.76769208744085 -1.46693696429817 1.76774234306797 1.76769076086987 -1.06849123719688 1.76774234306797 1.43926151992054 -1.06849795703426 1.76774234306797
1.04510453908832 -1.34481083589675 1.76774234306797 1.42788369661019 -1.47070398956988 1.76774234306797 1.43926151992054 -1.06849795703426 1.76774234306797 1.01773605997349 -1.02498001440099 1.76774234306797
-1.76771086939518 -1.06848843712827 1.76774234306797 -1.43928177070902 -1.06849323332198 1.76774234306797 -1.3779228398367 -0.534712123176308 1.76774234306797 -1.76771910699276 -0.489156642555168 1.76774234306797
-1.43928177070902 -1.06849323332198 1.76774234306797 -1.01777120866681 -1.02495528125938 1.76774234306797 -0.976589696518743 -0.506827349414331 1.76774234306797 -1.3779228398367 -0.534712123176308 1.76774234306797
-1.3779228398367 -0.534712123176308 1.76774234306797 -0.976589696518743 -0.506827349414331 1.76774234306797 -0.932988421523074 3.74617140366282e-05 1.76774234306797 -1.36311210965564 2.58204854760603e-05 1.76774234306797
-1.76771910699276 -0.489156642555168 1.76774234306797 -1.3779228398367 -0.534712123176308 1.76774234306797 -1.36311210965564 2.58204854760603e-05 1.76774234306797 -1.76772921551231 1.62106778982262e-05 1.76774234306797
-1.01777120866681 -1.02495528125938 1.76774234306797 -0.533097310574076 -1.00175166582641 1.76774234306797 -0.487812553646709 -0.501632307412296 1.76774234306797 -0.976589696518743 -0.506827349414331 1.76774234306797
-0.533097310574076 -1.00175166582641 1.76774234306797 -6.52262532117788e-06 -0.92794923006574 1.76774234306797 7.60830429135497e-07 -0.497959364911937 1.76774234306797 -0.487812553646709 -0.501632307412296 1.76774234306797
-0.487812553646709 -0.501632307412296 1.76774234306797 7.60830429135497e-07 -0.497959364911937 1.76774234306797 -5.62254097666658e-06 1.04789354464387e-05 1.76774234306797 -0.477046522277902 1.74222757724407e-06 1.76774234306797
-0.976589696518743 -0.506827349414331 1.76774234306797 -0.487812553646709 -0.501632307412296 1.76774234306797 -0.477046522277902 1.74222757724407e-06 1.76774234306797 -0.932988421523074 3.74617140366282e-05 1.76774234306797
-6.52262532117788e-06 -0.92794923006574 1.76774234306797 0.533078604203829 -1.00175532829074 1.76774234306797 0.487794566562028 -0.501630156574454 1.76774234306797 7.60830429135497e-07 -0.497959364911937 1.76774234306797
0.533078604203829 -1.00175532829074 1.76774234306797 1.01773605997349 -1.02498001440099 1.76774234306797 0.976527006906972 -0.506857037996411 1.76774234306797 0.487794566562028 -0.501630156574454 1.76774234306797
0.487794566562028 -0.501630156574454 1.76774234306797 0.976527006906972 -0.506857037996411 1.76774234306797 0.932928646092108 -7.46825628634506e-06 1.76774234306797 0.477035451214734 4.84339539956885e-06 1.76774234306797
7.60830429135497e-07 -0.497959364911937 1.76774234306797 0.487794566562028 -0.501630156574454 1.76774234306797 0.477035451214734 4.84339539956885e-06 1.76774234306797 -5.62254097666658e-06 1.04789354464387e-05 1.76774234306797
1.01773605997349 -1.02498001440099 1.76774234306797 1.43926151992054 -1.06849795703426 1.76774234306797 1.37789946264209 -0.534717206283521 1.76774234306797 0.976527006906972 -0.506857037996411 1.76774234306797
1.43926151992054 -1.06849795703426 1.76774234306797 1.76769076086987 -1.06849123719688 1.76774234306797 1.76769546296864 -0.489159442587701 1.76774234306797 1.37789946264209 -0.534717206283521 1.76774234306797
1.37789946264209 -0.534717206283521 1.76774234306797 1.76769546296864 -0.489159442587701 1.76774234306797 1.76766829967808 3.91568497072969e-05 1.76774234306797 1.36305227464648 -1.91449698541931e-05 1.76774234306797
0.976527006906972 -0.506857037996411 1.76774234306797 1.37789946264209 -0.534717206283521 1.76774234306797 1.36305227464648 -1.91449698541931e-05 1.76774234306797 0.932928646092108 -7.46825628634506e-06 1.76774234306797
-1.76772921551231 1.62106778982262e-05 1.76774234306797 -1.36311210965564 2.58204854760603e-05 1.76774234306797 -1.37794745242525 0.534763152136821 1.76774234306797 -1.76774234306797 0.489189063839326 1.76774234306797
-1.36311210965564 2.58204854760603e-05 1.76774234306797 -0.932988421523074 3.74617140366282e-05 1.76774234306797 -0.976613939945292 0.506903533775317 1.76774234306797 -1.37794745242525 0.534763152136821 1.76774234306797
-1.37794745242525 0.534763152136821 1.76774234306797 -0.976613939945292 0.506903533775317 1.76774234306797 -1.01770754182936 1.02495753402872 1.76774234306797 -1.43923391019171 1.06846672014164 1.76774234306797
-1.76774234306797 0.489189063839326 1.76774234306797 -1.37794745242525 0.534763152136821 1.76774234306797 -1.43923391019171 1.06846672014164 1.76774234306797 -1.76766315122756 1.0684531729314 1.76774234306797
-0.932988421523074 3.74617140366282e-05 1.76774234306797 -0.477046522277902 1.74222757724407e-06 1.76774234306797 -0.487829474174508 0.501636840220238 1.76774234306797 -0.976613939945292 0.506903533775317 1.76774234306797
-0.477046522277902 1.74222757724407e-06 1.76774234306797 -5.62254097666658e-06 1.04789354464387e-05 1.76774234306797 -1.46125777940777e-05 0.497968614331607 1.76774234306797 -0.487829474174508 0.501636840220238 1.76774234306797
-0.487829474174508 0.501636840220238 1.76774234306797 -1.46125777940777e-05 0.497968614331607 1.76774234306797 4.3615282337903e-05 0.927958624726203 1.76774234306797 -0.533049602797564 1.00174292513307 1.76774234306797
-0.976613939945292 0.506903533775317 1.76774234306797 -0.487829474174508 0.501636840220238 1.76774234306797 -0.533049602797564 1.00174292513307 1.76774234306797 -1.01770754182936 1.02495753402872 1.76774234306797
-5.62254097666658e-06 1.04789354464387e-05 1.76774234306797 0.477035451214734 4.84339539956885e-06 1.76774234306797 0.48782238911507 0.501639895608299 1.76774234306797 -1.46125777940777e-05 0.497968614331607 1.76774234306797
0.477035451214734 4.84339539956885e-06 1.76774234306797 0.932928646092108 -7.46825628634506e-06 1.76774234306797 0.97655410395872 0.506858102856174 1.76774234306797 0.48782238911507 0.501639895608299 1.76774234306797
0.48782238911507 0.501639895608299 1.76774234306797 0.97655410395872 0.506858102856174 1.76774234306797 1.01776927257517 1.02498360632301 1.76774234306797 0.533111723770703 1.001762599675 1.76774234306797
-1.46125777940777e-05 0.497968614331607 1.76774234306797 0.48782238911507 0.501639895608299 1.76774234306797 0.533111723770703 1.001762599675 1.76774234306797 4.3615282337903e-05 0.927958624726203 1.76774234306797
0.932928646092108 -7.46825628634506e-06 1.76774234306797 1.36305227464648 -1.91449698541931e-05 1.76774234306797 1.37788937374863 0.534720225045508 1.76774234306797 0.97655410395872 0.506858102856174 1.76774234306797
1.36305227464648 -1.91449698541931e-05 1.76774234306797 1.76766829967808 3.91568497072969e-05 1.76774234306797 1.76768281016267 0.489140529645579 1.76774234306797 1.37788937374863 0.534720225045508 1.76774234306797
1.37788937374863 0.534720225045508 1.76774234306797 1.76768281016267 0.489140529645579 1.76774234306797 1.76771339861239 1.06847232339558 1.76774234306797 1.43928119024606 1.06849514248255 1.76774234306797
0.97655410395872 0.506858102856174 1.76774234306797 1.37788937374863 0.534720225045508 1.76774234306797 1.43928119024606 1.06849514248255 1.76774234306797 1.01776927257517 1.02498360632301 1.76774234306797
-1.76766315122756 1.0684531729314 1.76774234306797 -1.43923391019171 1.06846672014164 1.76774234306797 -1.42786444696567 1.47067298805018 1.76774234306797 -1.76766470624191 1.46690232262039 1.76774234306797
-1.43923391019171 1.06846672014164 1.76774234306797 -1.01770754182936 1.02495753402872 1.76774234306797 -1.04508267101084 1.34478778921934 1.76774234306797 -1.42786444696567 1.47067298805018 1.76774234306797
-1.42786444696567 1.47067298805018 1.76774234306797 -1.04508267101084 1.34478778921934 1.76774234306797 -1.06848331296614 1.76764296012 1.76774234306797 -1.46692456076191 1.76763976645778 1.76774234306797
-1.76766470624191 1.46690232262039 1.76774234306797 -1.42786444696567 1.47067298805018 1.76774234306797 -1.46692456076191 1.76763976645778 1.76774234306797 -1.76767199147515 1.76764057476051 1.76774234306797
-1.01770754182936 1.02495753402872 1.76774234306797 -0.533049602797564 1.00174292513307 1.76774234306797 -0.468573663996774 1.3981026164578 1.76774234306797 -1.04508267101084 1.34478778921934 1.76774234306797
-0.533049602797564 1.00174292513307 1.76774234306797 4.3615282337903e-05 0.927958624726203 1.76774234306797 3.18751751154143e-05 1.2458599765992 1.76774234306797 -0.468573663996774 1.3981026164578 1.76774234306797
-0.468573663996774 1.3981026164578 1.76774234306797 3.18751751154143e-05 1.2458599765992 1.76774234306797 2.09374571273713e-05 1.76768622426387 1.76774234306797 -0.489153218372663 1.76766740638345 1.76774234306797
-1.04508267101084 1.34478778921934 1.76774234306797 -0.468573663996774 1.3981026164578 1.76774234306797 -0.489153218372663 1.76766740638345 1.76774234306797 -1.06848331296614 1.76764296012 1.76774234306797
4.3615282337903e-05 0.927958624726203 1.76774234306797 0.533111723770703 1.001762599675 1.76774234306797 0.46863103083439 1.3981222659135 1.76774234306797 3.18751751154143e-05 1.2458599765992 1.76774234306797
0.533111723770703 1.001762599675 1.76774234306797 1.01776927257517 1.02498360632301 1.76774234306797 1.04512689388051 1.34481184860041 1.76774234306797 0.46863103083439 1.3981222659135 1.76774234306797
0.46863103083439 1.3981222659135 1.76774234306797 1.04512689388051 1.34481184860041 1.76774234306797 1.06852521265674 1.76766714818951 1.76774234306797 0.48919483880716 1.76768339865756 1.76774234306797
3.18751751154143e-05 1.2458599765992 1.76774234306797 0.46863103083439 1.3981222659135 1.76774234306797 0.48919483880716 1.76768339865756 1.76774234306797 2.09374571273713e-05 1.76768622426387 1.76774234306797
1.01776927257517 1.02498360632301 1.76774234306797 1.43928119024606 1.06849514248255 1.76774234306797 1.42792909860409 1.47070693419043 1.76774234306797 1.04512689388051 1.34481184860041 1.76774234306797
1.43928119024606 1.06849514248255 1.76774234306797 1.76771339861239 1.06847232339558 1.76774234306797 1.76772919336975 1.46692147308196 1.76774234306797 1.42792909860409 1.47070693419043 1.76774234306797
1.42792909860409 1.47070693419043 1.76774234306797 1.76772919336975 1.46692147308196 1.76774234306797 1.76773857398883 1.76766314376627 1.76774234306797 1.4669910759085 1.76767197056071 1.76774234306797
1.04512689388051 1.34481184860041 1.76774234306797 1.42792909860409 1.47070693419043 1.76774234306797 1.4669910759085 1.76767197056071 1.76774234306797 1.06852521265674 1.76766714818951 1.76774234306797
-1.76770078926964 -1.76774234306797 -1.76767925654796 -1.46695329037681 -1.76774234306797 -1.7676715818809 -1.42789951764601 -1.76774234306797 -1.47070449138195 -1.76770790979227 -1.76774234306797 -1.46693758682408
-1.46695329037681 -1.76774234306797 -1.7676715818809 -1.06851210823841 -1.76774234306797 -1.76766686681528 -1.04511983482905 -1.76774234306797 -1.34480090418531 -1.42789951764601 -1.76774234306797 -1.47070449138195
-1.42789951764601 -1.76774234306797 -1.47070449138195 -1.04511983482905 -1.76774234306797 -1.34480090418531 -1.01777120866681 -1.76774234306797 -1.02495528125938 -1.43928177070902 -1.76774234306797 -1.06849323332198
-1.76770790979227 -1.76774234306797 -1.46693758682408 -1.42789951764601 -1.76774234306797 -1.47070449138195 -1.43928177070902 -1.76774234306797 -1.06849323332198 -1.76771086939518 -1.76774234306797 -1.06848843712827
-1.06851210823841 -1.76774234306797 -1.76766686681528 -0.489181734132459 -1.76774234306797 -1.76767405446242 -0.468610270689272 -1.76774234306797 -1.39811384228906 -1.04511983482905 -1.76774234306797 -1.34480090418531
-0.489181734132459 -1.76774234306797 -1.76767405446242 -7.85686648259236e-06 -1.76774234306797 -1.76768754437034 -7.95005685196171e-06 -1.76774234306797 -1.24586129429839 -0.468610270689272 -1.76774234306797 -1.39811384228906
-0.468610270689272 -1.76774234306797 -1.39811384228906 -7.95005685196171e-06 -1.76774234306797 -1.24586129429839 -6.52262532117788e-06 -1.76774234306797 -0.92794923006574 -0.533097310574076 -1.76774234306797 -1.00175166582641
-1.04511983482905 -1.76774234306797 -1.34480090418531 -0.468610270689272 -1.76774234306797 -1.39811384228906 -0.533097310574076 -1.76774234306797 -1.00175166582641 -1.01777120866681 -1.76774234306797 -1.02495528125938
-7.85686648259236e-06 -1.76774234306797 -1.76768754437034 0.489166296285648 -1.76774234306797 -1.76767889733775 0.468594424039006 -1.76774234306797 -1.39811367946977 -7.95005685196171e-06 -1.76774234306797 -1.24586129429839
0.489166296285648 -1.76774234306797 -1.76767889733775 1.06849639133829 -1.76774234306797 -1.76766649325568 1.04510453908832 -1.76774234306797 -1.34481083589675 0.468594424039006 -1.76774234306797 -1.39811367946977
0.468594424039006 -1.76774234306797 -1.39811367946977 1.04510453908832 -1.76774234306797 -1.34481083589675 1.01773605997349 -1.76774234306797 -1.02498001440099 0.533078604203829 -1.76774234306797 -1.00175532829074
-7.95005685196171e-06 -1.76774234306797 -1.24586129429839 0.468594424039006 -1.76774234306797 -1.39811367946977 0.533078604203829 -1.76774234306797 -1.00175532829074 -6.52262532117788e-06 -1.76774234306797 -0.92794923006574
1.06849639133829 -1.76774234306797 -1.76766649325568 1.46693764097943 -1.76774234306797 -1.7676715818809 1.42788369661019 -1.76774234306797 -1.47070398956988 1.04510453908832 -1.76774234306797 -1.34481083589675
1.46693764097943 -1.76774234306797 -1.7676715818809 1.76768507195551 -1.76774234306797 -1.76767863504696 1.76769208744085 -1.76774234306797 -1.46693696429817 1.42788369661019 -1.76774234306797 -1.47070398956988
1.42788369661019 -1.76774234306797 -1.47070398956988 1.76769208744085 -1.76774234306797 -1.46693696429817 1.76769076086987 -1.76774234306797 -1.06849123719688 1.43926151992054 -1.76774234306797 -1.06849795703426
1.04510453908832 -1.76774234306797 -1.34481083589675 1.42788369661019 -1.76774234306797 -1.47070398956988 1.43926151992054 -1.76774234306797 -1.06849795703426 1.01773605997349 -1.76774234306797 -1.02498001440099
-1.76771086939518 -1.76774234306797 -1.06848843712827 -1.43928177070902 -1.76774234306797 -1.06849323332198 -1.3779228398367 -1.76774234306797 -0.534712123176308 -1.76771910699276 -1.76774234306797 -0.489156642555168
-1.43928177070902 -1.76774234306797 -1.06849323332198 -1.01777120866681 -1.76774234306797 -1.02495528125938 -0.976589696518743 -1.76774234306797 -0.506827349414331 -1.3779228398367 -1.76774234306797 -0.534712123176308
-1.3779228398367 -1.76774234306797 -0.534712123176308 -0.976589696518743 -1.76774234306797 -0.506827349414331 -0.932988421523074 -1.76774234306797 3.74617140366282e-05 -1.36311210965564 -1.76774234306797 2.58204854760603e-05
-1.76771910699276 -1.76774234306797 -0.489156642555168 -1.3779228398367 -1.76774234306797 -0.534712123176308 -1.36311210965564 -1.76774234306797 2.58204854760603e-05 -1.76772921551231 -1.76774234306797 1.62106778982262e-05
-1.01777120866681 -1.76774234306797 -1.02495528125938 -0.533097310574076 -1.76774234306797 -1.00175166582641 -0.487812553646709 -1.76774234306797 -0.501632307412296 -0.976589696518743 -1.76774234306797 -0.506827349414331
-0.533097310574076 -1.76774234306797 -1.00175166582641 -6.52262532117788e-06 -1.76774234306797 -0.92794923006574 7.60830429135497e-07 -1.76774234306797 -0.497959364911937 -0.487812553646709 -1.76774234306797 -0.501632307412296
-0.487812553646709 -1.76774234306797 -0.501632307412296 7.60830429135497e-07 -1.76774234306797 -0.497959364911937 -5.62254097666658e-06 -1.76774234306797 1.04789354464387e-05 -0.477046522277902 -1.76774234306797 1.74222757724407e-06
-0.976589696518743 -1.76774234306797 -0.506827349414331 -0.487812553646709 -1.76774234306797 -0.501632307412296 -0.477046522277902 -1.76774234306797 1.74222757724407e-06 -0.932988421523074 -1.76774234306797 3.74617140366282e-05
-6.52262532117788e-06 -1.76774234306797 -0.92794923006574 0.533078604203829 -1.76774234306797 -1.00175532829074 0.487794566562028 -1.76774234306797 -0.501630156574454 7.60830429135497e-07 -1.76774234306797 -0.497959364911937
0.533078604203829 -1.76774234306797 -1.00175532829074 1.01773605997349 -1.76774234306797 -1.02498001440099 0.976527006906972 -1.76774234306797 -0.506857037996411 0.487794566562028 -1.76774234306797 -0.501630156574454
0.487794566562028 -1.76774234306797 -0.501630156574454 0.976527006906972 -1.76774234306797 -0.506857037996411 0.932928646092108 -1.76774234306797 -7.46825628634506e-06 0.477035451214734 -1.76774234306797 4.84339539956885e-06
7.60830429135497e-07 -1.76774234306797 -0.497959364911937 0.487794566562028 -1.76774234306797 -0.501630156574454 0.477035451214734 -1.76774234306797 4.84339539956885e-06 -5.62254097666658e-06 -1.76774234306797 1.04789354464387e-05
1.01773605997349 -1.76774234306797 -1.02498001440099 1.43926151992054 -1.76774234306797 -1.06849795703426 1.37789946264209 -1.76774234306797 -0.534717206283521 0.976527006906972 -1.76774234306797 -0.506857037996411
1.43926151992054 -1.76774234306797 -1.06849795703426 1.76769076086987 -1.76774234306797 -1.06849123719688 1.76769546296864 -1.76774234306797 -0.489159442587701 1.37789946264209 -1.76774234306797 -0.534717206283521
1.37789946264209 -1.76774234306797 -0.534717206283521 1.76769546296864 -1.76774234306797 -0.489159442587701 1.76766829967808 -1.76774234306797 3.91568497072969e-05 1.36305227464648 -1.76774234306797 -1.91449698541931e-05
0.976527006906972 -1.76774234306797 -0.506857037996411 1.37789946264209 -1.76774234306797 -0.534717206283521 1.36305227464648 -1.76774234306797 -1.91449698541931e-05 0.932928646092108 -1.76774234306797 -7.46825628634506e-06
-1.76772921551231 -1.76774234306797 1.62106778982262e-05 -1.36311210965564 -1.76774234306797 2.58204854760603e-05 -1.37794745242525 -1.76774234306797 0.534763152136821 -1.76774234306797 -1.76774234306797 0.489189063839326
-1.36311210965564 -1.76774234306797 2.58204854760603e-05 -0.932988421523074 -1.76774234306797 3.74617140366282e-05 -0.976613939945292 -1.76774234306797 0.506903533775317 -1.37794745242525 -1.76774234306797 0.534763152136821
-1.37794745242525 -1.76774234306797 0.534763152136821 -0.976613939945292 -1.76774234306797 0.506903533775317 -1.01770754182936 -1.76774234306797 1.02495753402872 -1.43923391019171 -1.76774234306797 1.06846672014164
-1.76774234306797 -1.76774234306797 0.489189063839326 -1.37794745242525 -1.76774234306797 0.534763152136821 -1.43923391019171 -1.76774234306797 1.06846672014164 -1.76766315122756 -1.76774234306797 1.0684531729314
-0.932988421523074 -1.76774234306797 3.74617140366282e-05 -0.477046522277902 -1.76774234306797 1.74222757724407e-06 -0.487829474174508 -1.76774234306797 0.501636840220238 -0.976613939945292 -1.76774234306797 0.506903533775317
-0.477046522277902 -1.76774234306797 1.74222757724407e-06 -5.62254097666658e-06 -1.76774234306797 1.04789354464387e-05 -1.46125777940777e-05 -1.76774234306797 0.497968614331607 -0.487829474174508 -1.76774234306797 0.501636840220238
-0.487829474174508 -1.76774234306797 0.501636840220238 -1.46125777940777e-05 -1.76774234306797 0.497968614331607 4.3615282337903e-05 -1.76774234306797 0.927958624726203 -0.533049602797564 -1.76774234306797 1.00174292513307
-0.976613939945292 -1.76774234306797 0.506903533775317 -0.487829474174508 -1.76774234306797 0.501636840220238 -0.533049602797564 -1.76774234306797 1.00174292513307 -1.01770754182936 -1.76774234306797 1.02495753402872
-5.62254097666658e-06 -1.76774234306797 1.04789354464387e-05 0.477035451214734 -1.76774234306797 4.84339539956885e-06 0.48782238911507 -1.76774234306797 0.501639895608299 -1.46125777940777e-05 -1.76774234306797 0.497968614331607
0.477035451214734 -1.76774234306797 4.84339539956885e-06 0.932928646092108 -1.76774234306797 -7.46825628634506e-06 0.97655410395872 -1.76774234306797 0.506858102856174 0.48782238911507 -1.76774234306797 0.501639895608299
0.48782238911507 -1.76774234306797 0.501639895608299 0.97655410395872 -1.76774234306797 0.506858102856174 1.01776927257517 -1.76774234306797 1.02498360632301 0.533111723770703 -1.76774234306797 1.001762599675
-1.46125777940777e-05 -1.76774234306797 0.497968614331607 0.48782238911507 -1.76774234306797 0.501639895608299 0.533111723770703 -1.76774234306797 1.001762599675 4.3615282337903e-05 -1.76774234306797 0.927958624726203
0.932928646092108 -1.76774234306797 -7.46825628634506e-06 1.36305227464648 -1.76774234306797 -1.91449698541931e-05 1.37788937374863 -1.76774234306797 0.534720225045508 0.97655410395872 -1.76774234306797 0.506858102856174
1.36305227464648 -1.76774234306797 -1.91449698541931e-05 1.76766829967808 -1.76774234306797 3.91568497072969e-05 1.76768281016267 -1.76774234306797 0.489140529645579 1.37788937374863 -1.76774234306797 0.534720225045508
1.37788937374863 -1.76774234306797 0.534720225045508 1.76768281016267 -1.76774234306797 0.489140529645579 1.76771339861239 -1.76774234306797 1.06847232339558 1.43928119024606 -1.76774234306797 1.06849514248255
0.97655410395872 -1.76774234306797 0.506858102856174 1.37788937374863 -1.76774234306797 0.534720225045508 1.43928119024606 -1.76774234306797 1.06849514248255 1.01776927257517 -1.76774234306797 1.02498360632301
-1.76766315122756 -1.76774234306797 1.0684531729314 -1.43923391019171 -1.76774234306797 1.06846672014164 -1.42786444696567 -1.76774234306797 1.47067298805018 -1.76766470624191 -1.76774234306797 1.46690232262039
-1.43923391019171 -1.76774234306797 1.06846672014164 -1.01770754182936 -1.76774234306797 1.02495753402872 -1.04508267101084 -1.76774234306797 1.34478778921934 -1.42786444696567 -1.76774234306797 1.47067298805018
-1.42786444696567 -1.76774234306797 1.47067298805018 -1.04508267101084 -1.76774234306797 1.34478778921934 -1.06848331296614 -1.76774234306797 1.76764296012 -1.46692456076191 -1.76774234306797 1.76763976645778
-1.76766470624191 -1.76774234306797 1.46690232262039 -1.42786444696567 -1.76774234306797 1.47067298805018 -1.46692456076191 -1.76774234306797 1.76763976645778 -1.76767199147515 -1.76774234306797 1.76764057476051
-1.01770754182936 -1.76774234306797 1.02495753402872 -0.533049602797564 -1.76774234306797 1.00174292513307 -0.468573663996774 -1.76774234306797 1.3981026164578 -1.04508267101084 -1.76774234306797 1.34478778921934
-0.533049602797564 -1.76774234306797 1.00174292513307 4.3615282337903e-05 -1.76774234306797 0.927958624726203 3.18751751154143e-05 -1.76774234306797 1.2458599765992 -0.468573663996774 -1.76774234306797 1.3981026164578
-0.468573663996774 -1.76774234306797 1.3981026164578 3.18751751154143e-05 -1.76774234306797 1.2458599765992 2.09374571273713e-05 -1.76774234306797 1.76768622426387 -0.489153218372663 -1.76774234306797 1.76766740638345
-1.04508267101084 -1.76774234306797 1.34478778921934 -0.468573663996774 -1.76774234306797 1.3981026164578 -0.489153218372663 -1.76774234306797 1.76766740638345 -1.06848331296614 -1.76774234306797 1.76764296012
4.3615282337903e-05 -1.76774234306797 0.927958624726203 0.533111723770703 -1.76774234306797 1.001762599675 0.46863103083439 -1.76774234306797 1.3981222659135 3.18751751154143e-05 -1.76774234306797 1.2458599765992
0.533111723770703 -1.76774234306797 1.001762599675 1.01776927257517 -1.76774234306797 1.02498360632301 1.04512689388051 -1.76774234306797 1.34481184860041 0.46863103083439 -1.76774234306797 1.3981222659135
0.46863103083439 -1.76774234306797 1.3981222659135 1.04512689388051 -1.76774234306797 1.34481184860041 1.06852521265674 -1.76774234306797 1.76766714818951 0.48919483880716 -1.76774234306797 1.76768339865756
3.18751751154143e-05 -1.76774234306797 1.2458599765992 0.46863103083439 -1.76774234306797 1.3981222659135 0.48919483880716 -1.76774234306797 1.76768339865756 2.09374571273713e-05 -1.76774234306797 1.76768622426387
1.01776927257517 -1.76774234306797 1.02498360632301 1.43928119024606 -1.76774234306797 1.06849514248255 1.42792909860409 -1.76774234306797 1.47070693419043 1.04512689388051 -1.76774234306797 1.34481184860041
1.43928119024606 -1.76774234306797 1.06849514248255 1.76771339861239 -1.76774234306797 1.06847232339558 1.76772919336975 -1.76774234306797 1.46692147308196 1.42792909860409 -1.76774234306797 1.47070693419043
1.42792909860409 -1.76774234306797 1.47070693419043 1.76772919336975 -1.76774234306797 1.46692147308196 1.76773857398883 -1.76774234306797 1.76766314376627 1.4669910759085 -1.76774234306797 1.76767197056071
1.04512689388051 -1.76774234306797 1.34481184860041 1.42792909860409 -1.76774234306797 1.47070693419043 1.4669910759085 -1.76774234306797 1.76767197056071 1.06852521265674 -1.76774234306797 1.76766714818951
-1.76770078926964 -1.76767925654796 -1.76774234306797 -1.46695329037681 -1.7676715818809 -1.76774234306797 -1.42789951764601 -1.47070449138195 -1.76774234306797 -1.76770790979227 -1.46693758682408 -1.76774234306797
-1.46695329037681 -1.7676715818809 -1.76774234306797 -1.06851210823841 -1.76766686681528 -1.76774234306797 -1.04511983482905 -1.34480090418531 -1.76774234306797 -1.42789951764601 -1.47070449138195 -1.76774234306797
-1.42789951764601 -1.47070449138195 -1.76774234306797 -1.04511983482905 -1.34480090418531 -1.76774234306797 -1.01777120866681 -1.02495528125938 -1.76774234306797 -1.43928177070902 -1.06849323332198 -1.76774234306797
-1.76770790979227 -1.46693758682408 -1.76774234306797 -1.42789951764601 -1.47070449138195 -1.76774234306797 -1.43928177070902 -1.06849323332198 -1.76774234306797 -1.76771086939518 -1.06848843712827 -1.76774234306797
-1.06851210823841 -1.76766686681528 -1.76774234306797 -0.489181734132459 -1.76767405446242 -1.76774234306797 -0.468610270689272 -1.39811384228906 -1.76774234306797 -1.04511983482905 -1.34480090418531 -1.76774234306797
-0.489181734132459 -1.76767405446242 -1.76774234306797 -7.85686648259236e-06 -1.76768754437034 -1.76774234306797 -7.95005685196171e-06 -1.24586129429839 -1.76774234306797 -0.468610270689272 -1.39811384228906 -1.76774234306797
-0.468610270689272 -1.39811384228906 -1.76774234306797 -7.95005685196171e-06 -1.24586129429839 -1.76774234306797 -6.52262532117788e-06 -0.92794923006574 -1.76774234306797 -0.533097310574076 -1.00175166582641 -1.76774234306797
-1.04511983482905 -1.34480090418531 -1.76774234306797 -0.468610270689272 -1.39811384228906 -1.76774234306797 -0.533097310574076 -1.00175166582641 -1.76774234306797 -1.01777120866681 -1.02495528125938 -1.76774234306797
-7.85686648259236e-06 -1.76768754437034 -1.76774234306797 0.489166296285648 -1.76767889733775 -1.76774234306797 0.468594424039006 -1.39811367946977 -1.76774234306797 -7.95005685196171e-06 -1.24586129429839 -1.76774234306797
0.489166296285648 -1.76767889733775 -1.76774234306797 1.06849639133829 -1.76766649325568 -1.76774234306797 1.04510453908832 -1.34481083589675 -1.76774234306797 0.468594424039006 -1.39811367946977 -1.76774234306797
0.468594424039006 -1.39811367946977 -1.76774234306797 1.04510453908832 -1.34481083589675 -1.76774234306797 1.01773605997349 -1.02498001440099 -1.76774234306797 0.533078604203829 -1.00175532829074 -1.76774234306797
-7.95005685196171e-06 -1.24586129429839 -1.76774234306797 0.468594424039006 -1.39811367946977 -1.76774234306797 0.533078604203829 -1.00175532829074 -1.76774234306797 -6.52262532117788e-06 -0.92794923006574 -1.76774234306797
1.06849639133829 -1.76766649325568 -1.76774234306797 1.46693764097943 -1.7676715818809 -1.76774234306797 1.42788369661019 -1.47070398956988 -1.76774234306797 1.04510453908832 -1.34481083589675 -1.76774234306797
1.46693764097943 -1.7676715818809 -1.76774234306797 1.76768507195551 -1.76767863504696 -1.76774234306797 1.76769208744085 -1.46693696429817 -1.76774234306797 1.42788369661019 -1.47070398956988 -1.76774234306797
1.42788369661019 -1.47070398956988 -1.76774234306797 1.76769208744085 -1.46693696429817 -1.76774234306797 1.76769076086987 -1.06849123719688 -1.76774234306797 1.43926151992054 -1.06849795703426 -1.76774234306797
1.04510453908832 -1.34481083589675 -1.76774234306797 1.42788369661019 -1.47070398956988 -1.76774234306797 1.43926151992054 -1.06849795703426 -1.76774234306797 1.01773605997349 -1.02498001440099 -1.76774234306797
-1.76771086939518 -1.06848843712827 -1.76774234306797 -1.43928177070902 -1.06849323332198 -1.76774234306797 -1.3779228398367 -0.534712123176308 -1.76774234306797 -1.76771910699276 -0.489156642555168 -1.76774234306797
-1.43928177070902 -1.06849323332198 -1.76774234306797 -1.01777120866681 -1.02495528125938 -1.76774234306797 -0.976589696518743 -0.506827349414331 -1.76774234306797 -1.3779228398367 -0.534712123176308 -1.76774234306797
-1.3779228398367 -0.534712123176308 -1.76774234306797 -0.976589696518743 -0.506827349414331 -1.76774234306797 -0.932988421523074 3.74617140366282e-05 -1.76774234306797 -1.36311210965564 2.58204854760603e-05 -1.76774234306797
-1.76771910699276 -0.489156642555168 -1.76774234306797 -1.3779228398367 -0.534712123176308 -1.76774234306797 -1.36311210965564 2.58204854760603e-05 -1.76774234306797 -1.76772921551231 1.62106778982262e-05 -1.76774234306797
-1.01777120866681 -1.02495528125938 -1.76774234306797 -0.533097310574076 -1.00175166582641 -1.76774234306797 -0.487812553646709 -0.501632307412296 -1.76774234306797 -0.976589696518743 -0.506827349414331 -1.76774234306797
-0.533097310574076 -1.00175166582641 -1.76774234306797 -6.52262532117788e-06 -0.92794923006574 -1.76774234306797 7.60830429135497e-07 -0.497959364911937 -1.76774234306797 -0.487812553646709 -0.501632307412296 -1.76774234306797
-0.487812553646709 -0.501632307412296 -1.76774234306797 7.60830429135497e-07 -0.497959364911937 -1.76774234306797 -5.62254097666658e-06 1.04789354464387e-05 -1.76774234306797 -0.477046522277902 1.74222757724407e-06 -1.76774234306797
-0.976589696518743 -0.506827349414331 -1.76774234306797 -0.487812553646709 -0.501632307412296 -1.76774234306797 -0.477046522277902 1.74222757724407e-06 -1.76774234306797 -0.932988421523074 3.74617140366282e-05 -1.76774234306797
-6.52262532117788e-06 -0.92794923006574 -1.76774234306797 0.533078604203829 -1.00175532829074 -1.76774234306797 0.487794566562028 -0.501630156574454 -1.76774234306797 7.60830429135497e-07 -0.497959364911937 -1.76774234306797
0.533078604203829 -1.00175532829074 -1.76774234306797 1.01773605997349 -1.02498001440099 -1.76774234306797 0.976527006906972 -0.506857037996411 -1.76774234306797 0.487794566562028 -0.501630156574454 -1.76774234306797
0.487794566562028 -0.501630156574454 -1.76774234306797 0.976527006906972 -0.506857037996411 -1.76774234306797 0.932928646092108 -7.46825628634506e-06 -1.76774234306797 0.477035451214734 4.84339539956885e-06 -1.76774234306797
7.60830429135497e-07 -0.497959364911937 -1.76774234306797 0.487794566562028 -0.501630156574454 -1.76774234306797 0.477035451214734 4.84339539956885e-06 -1.76774234306797 -5.62254097666658e-06 1.04789354464387e-05 -1.76774234306797
1.01773605997349 -1.02498001440099 -1.76774234306797 1.43926151992054 -1.06849795703426 -1.76774234306797 1.37789946264209 -0.534717206283521 -1.76774234306797 0.976527006906972 -0.506857037996411 -1.76774234306797
1.43926151992054 -1.06849795703426 -1.76774234306797 1.76769076086987 -1.06849123719688 -1.76774234306797 1.76769546296864 -0.489159442587701 -1.76774234306797 1.37789946264209 -0.534717206283521 -1.76774234306797
1.37789946264209 -0.534717206283521 -1.76774234306797 1.76769546296864 -0.489159442587701 -1.76774234306797 1.76766829967808 3.91568497072969e-05 -1.76774234306797 1.36305227464648 -1.91449698541931e-05 -1.76774234306797
0.976527006906972 -0.506857037996411 -1.76774234306797 1.37789946264209 -0.534717206283521 -1.76774234306797 1.36305227464648 -1.91449698541931e-05 -1.76774234306797 0.932928646092108 -7.46825628634506e-06 -1.76774234306797
-1.76772921551231 1.62106778982262e-05 -1.76774234306797 -1.36311210965564 2.58204854760603e-05 -1.76774234306797 -1.37794745242525 0.534763152136821 -1.76774234306797 -1.76774234306797 0.489189063839326 -1.76774234306797
-1.36311210965564 2.58204854760603e-05 -1.76774234306797 -0.932988421523074 3.74617140366282e-05 -1.76774234306797 -0.976613939945292 0.506903533775317 -1.76774234306797 -1.37794745242525 0.534763152136821 -1.76774234306797
-1.37794745242525 0.534763152136821 -1.76774234306797 -0.976613939945292 0.506903533775317 -1.76774234306797 -1.01770754182936 1.02495753402872 -1.76774234306797 -1.43923391019171 1.06846672014164 -1.76774234306797
-1.76774234306797 0.489189063839326 -1.76774234306797 -1.37794745242525 0.534763152136821 -1.76774234306797 -1.43923391019171 1.06846672014164 -1.76774234306797 -1.76766315122756 1.0684531729314 -1.76774234306797
-0.932988421523074 3.74617140366282e-05 -1.76774234306797 -0.477046522277902 1.74222757724407e-06 -1.76774234306797 -0.487829474174508 0.501636840220238 -1.76774234306797 -0.976613939945292 0.506903533775317 -1.76774234306797
-0.477046522277902 1.74222757724407e-06 -1.76774234306797 -5.62254097666658e-06 1.04789354464387e-05 -1.76774234306797 -1.46125777940777e-05 0.497968614331607 -1.76774234306797 -0.487829474174508 0.501636840220238 -1.76774234306797
-0.487829474174508 0.501636840220238 -1.76774234306797 -1.46125777940777e-05 0.497968614331607 -1.76774234306797 4.3615282337903e-05 0.927958624726203 -1.76774234306797 -0.533049602797564 1.00174292513307 -1.76774234306797
-0.976613939945292 0.506903533775317 -1.76774234306797 -0.487829474174508 0.501636840220238 -1.76774234306797 -0.533049602797564 1.00174292513307 -1.76774234306797 -1.01770754182936 1.02495753402872 -1.76774234306797
-5.62254097666658e-06 1.04789354464387e-05 -1.76774234306797 0.477035451214734 4.84339539956885e-06 -1.76774234306797 0.48782238911507 0.501639895608299 -1.76774234306797 -1.46125777940777e-05 0.497968614331607 -1.76774234306797
0.477035451214734 4.84339539956885e-06 -1.76774234306797 0.932928646092108 -7.46825628634506e-06 -1.76774234306797 0.97655410395872 0.506858102856174 -1.76774234306797 0.48782238911507 0.501639895608299 -1.76774234306797
0.48782238911507 0.501639895608299 -1.76774234306797 0.97655410395872 0.506858102856174 -1.76774234306797 1.01776927257517 1.02498360632301 -1.76774234306797 0.533111723770703 1.001762599675 -1.76774234306797
-1.46125777940777e-05 0.497968614331607 -1.76774234306797 0.48782238911507 0.501639895608299 -1.76774234306797 0.533111723770703 1.001762599675 -1.76774234306797 4.3615282337903e-05 0.927958624726203 -1.76774234306797
0.932928646092108 -7.46825628634506e-06 -1.76774234306797 1.36305227464648 -1.91449698541931e-05 -1.76774234306797 1.37788937374863 0.534720225045508 -1.76774234306797 0.97655410395872 0.506858102856174 -1.76774234306797
1.36305227464648 -1.91449698541931e-05 -1.76774234306797 1.76766829967808 3.91568497072969e-05 -1.76774234306797 1.76768281016267 0.489140529645579 -1.76774234306797 1.37788937374863 0.534720225045508 -1.76774234306797
1.37788937374863 0.534720225045508 -1.76774234306797 1.76768281016267 0.489140529645579 -1.76774234306797 1.76771339861239 1.06847232339558 -1.76774234306797 1.43928119024606 1.06849514248255 -1.76774234306797
0.97655410395872 0.506858102856174 -1.76774234306797 1.37788937374863 0.534720225045508 -1.76774234306797 1.43928119024606 1.06849514248255 -1.76774234306797 1.01776927257517 1.02498360632301 -1.76774234306797
-1.76766315122756 1.0684531729314 -1.76774234306797 -1.43923391019171 1.06846672014164 -1.76774234306797 -1.42786444696567 1.47067298805018 -1.76774234306797 -1.76766470624191 1.46690232262039 -1.76774234306797
-1.43923391019171 1.06846672014164 -1.76774234306797 -1.01770754182936 1.02495753402872 -1.76774234306797 -1.04508267101084 1.34478778921934 -1.76774234306797 -1.42786444696567 1.47067298805018 -1.76774234306797
-1.42786444696567 1.47067298805018 -1.76774234306797 -1.04508267101084 1.34478778921934 -1.76774234306797 -1.06848331296614 1.76764296012 -1.76774234306797 -1.46692456076191 1.76763976645778 -1.76774234306797
-1.76766470624191 1.46690232262039 -1.76774234306797 -1.42786444696567 1.47067298805018 -1.76774234306797 -1.46692456076191 1.76763976645778 -1.76774234306797 -1.76767199147515 1.76764057476051 -1.76774234306797
-1.01770754182936 1.02495753402872 -1.76774234306797 -0.533049602797564 1.00174292513307 -1.76774234306797 -0.468573663996774 1.3981026164578 -1.76774234306797 -1.04508267101084 1.34478778921934 -1.76774234306797
-0.533049602797564 1.00174292513307 -1.76774234306797 4.3615282337903e-05 0.927958624726203 -1.76774234306797 3.18751751154143e-05 1.2458599765992 -1.76774234306797 -0.468573663996774 1.3981026164578 -1.76774234306797
-0.468573663996774 1.3981026164578 -1.76774234306797 3.18751751154143e-05 1.2458599765992 -1.76774234306797 2.09374571273713e-05 1.76768622426387 -1.76774234306797 -0.489153218372663 1.76766740638345 -1.76774234306797
-1.04508267101084 1.34478778921934 -1.76774234306797 -0.468573663996774 1.3981026164578 -1.76774234306797 -0.489153218372663 1.76766740638345 -1.76774234306797 -1.06848331296614 1.76764296012 -1.76774234306797
4.3615282337903e-05 0.927958624726203 -1.76774234306797 0.533111723770703 1.001762599675 -1.76774234306797 0.46863103083439 1.3981222659135 -1.76774234306797 3.18751751154143e-05 1.2458599765992 -1.76774234306797
0.533111723770703 1.001762599675 -1.76774234306797 1.01776927257517 1.02498360632301 -1.76774234306797 1.04512689388051 1.34481184860041 -1.76774234306797 0.46863103083439 1.3981222659135 -1.76774234306797
0.46863103083439 1.3981222659135 -1.76774234306797 1.04512689388051 1.34481184860041 -1.76774234306797 1.06852521265674 1.76766714818951 -1.76774234306797 0.48919483880716 1.76768339865756 -1.76774234306797
3.18751751154143e-05 1.2458599765992 -1.76774234306797 0.46863103083439 1.3981222659135 -1.76774234306797 0.48919483880716 1.76768339865756 -1.76774234306797 2.09374571273713e-05 1.76768622426387 -1.76774234306797
1.01776927257517 1.02498360632301 -1.76774234306797 1.43928119024606 1.06849514248255 -1.76774234306797 1.42792909860409 1.47070693419043 -1.76774234306797 1.04512689388051 1.34481184860041 -1.76774234306797
1.43928119024606 1.06849514248255 -1.76774234306797 1.76771339861239 1.06847232339558 -1.76774234306797 1.76772919336975 1.46692147308196 -1.76774234306797 1.42792909860409 1.47070693419043 -1.76774234306797
1.42792909860409 1.47070693419043 -1.76774234306797 1.76772919336975 1.46692147308196 -1.76774234306797 1.76773857398883 1.76766314376627 -1.76774234306797 1.4669910759085 1.76767197056071 -1.76774234306797
1.04512689388051 1.34481184860041 -1.76774234306797 1.42792909860409 1.47070693419043 -1.76774234306797 1.4669910759085 1.76767197056071 -1.76774234306797 1.06852521265674 1.76766714818951 -1.76774234306797
-1.76770078926964 1.76774234306797 -1.76767925654796 -1.46695329037681 1.76774234306797 -1.7676715818809 -1.42789951764601 1.76774234306797 -1.47070449138195 -1.76770790979227 1.76774234306797 -1.46693758682408
-1.46695329037681 1.76774234306797 -1.7676715818809 -1.06851210823841 1.76774234306797 -1.76766686681528 -1.04511983482905 1.76774234306797 -1.34480090418531 -1.42789951764601 1.76774234306797 -1.47070449138195
-1.42789951764601 1.76774234306797 -1.47070449138195 -1.04511983482905 1.76774234306797 -1.34480090418531 -1.01777120866681 1.76774234306797 -1.02495528125938 -1.43928177070902 1.76774234306797 -1.06849323332198
-1.76770790979227 1.76774234306797 -1.46693758682408 -1.42789951764601 1.76774234306797 -1.47070449138195 -1.43928177070902 1.76774234306797 -1.06849323332198 -1.76771086939518 1.76774234306797 -1.06848843712827
-1.06851210823841 1.76774234306797 -1.76766686681528 -0.489181734132459 1.76774234306797 -1.76767405446242 -0.468610270689272 1.76774234306797 -1.39811384228906 -1.04511983482905 1.76774234306797 -1.34480090418531
-0.489181734132459 1.76774234306797 -1.76767405446242 -7.85686648259236e-06 1.76774234306797 -1.76768754437034 -7.95005685196171e-06 1.76774234306797 -1.24586129429839 -0.468610270689272 1.76774234306797 -1.39811384228906
-0.468610270689272 1.76774234306797 -1.39811384228906 -7.95005685196171e-06 1.76774234306797 -1.24586129429839 -6.52262532117788e-06 1.76774234306797 -0.92794923006574 -0.533097310574076 1.76774234306797 -1.00175166582641
-1.04511983482905 1.76774234306797 -1.34480090418531 -0.468610270689272 1.76774234306797 -1.39811384228906 -0.533097310574076 1.76774234306797 -1.00175166582641 -1.01777120866681 1.76774234306797 -1.02495528125938
-7.85686648259236e-06 1.76774234306797 -1.76768754437034 0.489166296285648 1.76774234306797 -1.76767889733775 0.468594424039006 1.76774234306797 -1.39811367946977 -7.95005685196171e-06 1.76774234306797 -1.24586129429839
0.489166296285648 1.76774234306797 -1.76767889733775 1.06849639133829 1.76774234306797 -1.76766649325568 1.04510453908832 1.76774234306797 -1.34481083589675 0.468594424039006 1.76774234306797 -1.39811367946977
0.468594424039006 1.76774234306797 -1.39811367946977 1.04510453908832 1.76774234306797 -1.34481083589675 1.01773605997349 1.76774234306797 -1.02498001440099 0.533078604203829 1.76774234306797 -1.00175532829074
-7.95005685196171e-06 1.76774234306797 -1.24586129429839 0.468594424039006 1.76774234306797 -1.39811367946977 0.533078604203829 1.76774234306797 -1.00175532829074 -6.52262532117788e-06 1.76774234306797 -0.92794923006574
1.06849639133829 1.76774234306797 -1.76766649325568 1.46693764097943 1.76774234306797 -1.7676715818809 1.42788369661019 1.76774234306797 -1.47070398956988 1.04510453908832 1.76774234306797 -1.34481083589675
1.46693764097943 1.76774234306797 -1.7676715818809 1.76768507195551 1.76774234306797 -1.76767863504696 1.76769208744085 1.76774234306797 -1.46693696429817 1.42788369661019 1.76774234306797 -1.47070398956988
1.42788369661019 1.76774234306797 -1.47070398956988 1.76769208744085 1.76774234306797 -1.46693696429817 1.76769076086987 1.76774234306797 -1.06849123719688 1.43926151992054 1.76774234306797 -1.06849795703426
1.04510453908832 1.76774234306797 -1.34481083589675 1.42788369661019 1.76774234306797 -1.47070398956988 1.43926151992054 1.76774234306797 -1.06849795703426 1.01773605997349 1.76774234306797 -1.02498001440099
-1.76771086939518 1.76774234306797 -1.06848843712827 -1.43928177070902 1.76774234306797 -1.06849323332198 -1.3779228398367 1.76774234306797 -0.534712123176308 -1.76771910699276 1.76774234306797 -0.489156642555168
-1.43928177070902 1.76774234306797 -1.06849323332198 -1.01777120866681 1.76774234306797 -1.02495528125938 -0.976589696518743 1.76774234306797 -0.506827349414331 -1.3779228398367 1.76774234306797 -0.534712123176308
-1.3779228398367 1.76774234306797 -0.534712123176308 -0.976589696518743 1.76774234306797 -0.506827349414331 -0.932988421523074 1.76774234306797 3.74617140366282e-05 -1.36311210965564 1.76774234306797 2.58204854760603e-05
-1.76771910699276 1.76774234306797 -0.489156642555168 -1.3779228398367 1.76774234306797 -0.534712123176308 -1.36311210965564 1.76774234306797 2.58204854760603e-05 -1.76772921551231 1.76774234306797 1.62106778982262e-05
-1.01777120866681 1.76774234306797 -1.02495528125938 -0.533097310574076 1.76774234306797 -1.00175166582641 -0.487812553646709 1.76774234306797 -0.501632307412296 -0.976589696518743 1.76774234306797 -0.506827349414331
-0.533097310574076 1.76774234306797 -1.00175166582641 -6.52262532117788e-06 1.76774234306797 -0.92794923006574 7.60830429135497e-07 1.76774234306797 -0.497959364911937 -0.487812553646709 1.76774234306797 -0.501632307412296
-0.487812553646709 1.76774234306797 -0.501632307412296 7.60830429135497e-07 1.76774234306797 -0.497959364911937 -5.62254097666658e-06 1.76774234306797 1.04789354464387e-05 -0.477046522277902 1.76774234306797 1.74222757724407e-06
-0.976589696518743 1.76774234306797 -0.506827349414331 -0.487812553646709 1.76774234306797 -0.501632307412296 -0.477046522277902 1.76774234306797 1.74222757724407e-06 -0.932988421523074 1.76774234306797 3.74617140366282e-05
-6.52262532117788e-06 1.76774234306797 -0.92794923006574 0.533078604203829 1.76774234306797 -1.00175532829074 0.487794566562028 1.76774234306797 -0.501630156574454 7.60830429135497e-07 1.76774234306797 -0.497959364911937
0.533078604203829 1.76774234306797 -1.00175532829074 1.01773605997349 1.76774234306797 -1.02498001440099 0.976527006906972 1.76774234306797 -0.506857037996411 0.487794566562028 1.76774234306797 -0.501630156574454
0.487794566562028 1.76774234306797 -0.501630156574454 0.976527006906972 1.76774234306797 -0.506857037996411 0.932928646092108 1.76774234306797 -7.46825628634506e-06 0.477035451214734 1.76774234306797 4.84339539956885e-06
7.60830429135497e-07 1.76774234306797 -0.497959364911937 0.487794566562028 1.76774234306797 -0.501630156574454 0.477035451214734 1.76774234306797 4.84339539956885e-06 -5.62254097666658e-06 1.76774234306797 1.04789354464387e-05
1.01773605997349 1.76774234306797 -1.02498001440099 1.43926151992054 1.76774234306797 -1.06849795703426 1.37789946264209 1.76774234306797 -0.534717206283521 0.976527006906972 1.76774234306797 -0.506857037996411
1.43926151992054 1.76774234306797 -1.06849795703426 1.76769076086987 1.76774234306797 -1.06849123719688 1.76769546296864 1.76774234306797 -0.489159442587701 1.37789946264209 1.76774234306797 -0.534717206283521
1.37789946264209 1.76774234306797 -0.534717206283521 1.76769546296864 1.76774234306797 -0.489159442587701 1.76766829967808 1.76774234306797 3.91568497072969e-05 1.36305227464648 1.76774234306797 -1.91449698541931e-05
0.976527006906972 1.76774234306797 -0.506857037996411 1.37789946264209 1.76774234306797 -0.534717206283521 1.36305227464648 1.76774234306797 -1.91449698541931e-05 0.932928646092108 1.76774234306797 -7.46825628634506e-06
-1.76772921551231 1.76774234306797 1.62106778982262e-05 -1.36311210965564 1.76774234306797 2.58204854760603e-05 -1.37794745242525 1.76774234306797 0.534763152136821 -1.76774234306797 1.76774234306797 0.489189063839326
-1.36311210965564 1.76774234306797 2.58204854760603e-05 -0.932988421523074 1.76774234306797 3.74617140366282e-05 -0.976613939945292 1.76774234306797 0.506903533775317 -1.37794745242525 1.76774234306797 0.534763152136821
-1.37794745242525 1.76774234306797 0.534763152136821 -0.976613939945292 1.76774234306797 0.506903533775317 -1.01770754182936 1.76774234306797 1.02495753402872 -1.43923391019171 1.76774234306797 1.06846672014164
-1.76774234306797 1.76774234306797 0.489189063839326 -1.37794745242525 1.76774234306797 0.534763152136821 -1.43923391019171 1.76774234306797 1.06846672014164 -1.76766315122756 1.76774234306797 1.0684531729314
-0.932988421523074 1.76774234306797 3.74617140366282e-05 -0.477046522277902 1.76774234306797 1.74222757724407e-06 -0.487829474174508 1.76774234306797 0.501636840220238 -0.976613939945292 1.76774234306797 0.506903533775317
-0.477046522277902 1.76774234306797 1.74222757724407e-06 -5.62254097666658e-06 1.76774234306797 1.04789354464387e-05 -1.46125777940777e-05 1.76774234306797 0.497968614331607 -0.487829474174508 1.76774234306797 0.501636840220238
-0.487829474174508 1.76774234306797 0.501636840220238 -1.46125777940777e-05 1.76774234306797 0.497968614331607 4.3615282337903e-05 1.76774234306797 0.927958624726203 -0.533049602797564 1.76774234306797 1.00174292513307
-0.976613939945292 1.76774234306797 0.506903533775317 -0.487829474174508 1.76774234306797 0.501636840220238 -0.533049602797564 1.76774234306797 1.00174292513307 -1.01770754182936 1.76774234306797 1.02495753402872
-5.62254097666658e-06 1.76774234306797 1.04789354464387e-05 0.477035451214734 1.76774234306797 4.84339539956885e-06 0.48782238911507 1.76774234306797 0.501639895608299 -1.46125777940777e-05 1.76774234306797 0.497968614331607
0.477035451214734 1.76774234306797 4.84339539956885e-06 0.932928646092108 1.76774234306797 -7.46825628634506e-06 0.97655410395872 1.76774234306797 0.506858102856174 0.48782238911507 1.76774234306797 0.501639895608299
0.48782238911507 1.76774234306797 0.501639895608299 0.97655410395872 1.76774234306797 0.506858102856174 1.01776927257517 1.76774234306797 1.02498360632301 0.533111723770703 1.76774234306797 1.001762599675
-1.46125777940777e-05 1.76774234306797 0.497968614331607 0.48782238911507 1.76774234306797 0.501639895608299 0.533111723770703 1.76774234306797 1.001762599675 4.3615282337903e-05 1.76774234306797 0.927958624726203
0.932928646092108 1.76774234306797 -7.46825628634506e-06 1.36305227464648 1.76774234306797 -1.91449698541931e-05 1.37788937374863 1.76774234306797 0.534720225045508 0.97655410395872 1.76774234306797 0.506858102856174
1.36305227464648 1.76774234306797 -1.91449698541931e-05 1.76766829967808 1.76774234306797 3.91568497072969e-05 1.76768281016267 1.76774234306797 0.489140529645579 1.37788937374863 1.76774234306797 0.534720225045508
1.37788937374863 1.76774234306797 0.534720225045508 1.76768281016267 1.76774234306797 0.489140529645579 1.76771339861239 1.76774234306797 1.06847232339558 1.43928119024606 1.76774234306797 1.06849514248255
0.97655410395872 1.76774234306797 0.506858102856174 1.37788937374863 1.76774234306797 0.534720225045508 1.43928119024606 1.76774234306797 1.06849514248255 1.01776927257517 1.76774234306797 1.02498360632301
-1.76766315122756 1.76774234306797 1.0684531729314 -1.43923391019171 1.76774234306797 1.06846672014164 -1.42786444696567 1.76774234306797 1.47067298805018 -1.76766470624191 1.76774234306797 1.46690232262039
-1.43923391019171 1.76774234306797 1.06846672014164 -1.01770754182936 1.76774234306797 1.02495753402872 -1.04508267101084 1.76774234306797 1.34478778921934 -1.42786444696567 1.76774234306797 1.47067298805018
-1.42786444696567 1.76774234306797 1.47067298805018 -1.04508267101084 1.76774234306797 1.34478778921934 -1.06848331296614 1.76774234306797 1.76764296012 -1.46692456076191 1.76774234306797 1.76763976645778
-1.76766470624191 1.76774234306797 1.46690232262039 -1.42786444696567 1.76774234306797 1.47067298805018 -1.46692456076191 1.76774234306797 1.76763976645778 -1.76767199147515 1.76774234306797 1.76764057476051
-1.01770754182936 1.76774234306797 1.02495753402872 -0.533049602797564 1.76774234306797 1.00174292513307 -0.468573663996774 1.76774234306797 1.3981026164578 -1.04508267101084 1.76774234306797 1.34478778921934
-0.533049602797564 1.76774234306797 1.00174292513307 4.3615282337903e-05 1.76774234306797 0.927958624726203 3.18751751154143e-05 1.76774234306797 1.2458599765992 -0.468573663996774 1.76774234306797 1.3981026164578
-0.468573663996774 1.76774234306797 1.3981026164578 3.18751751154143e-05 1.76774234306797 1.2458599765992 2.09374571273713e-05 1.76774234306797 1.76768622426387 -0.489153218372663 1.76774234306797 1.76766740638345
-1.04508267101084 1.76774234306797 1.34478778921934 -0.468573663996774 1.76774234306797 1.3981026164578 -0.489153218372663 1.76774234306797 1.76766740638345 -1.06848331296614 1.76774234306797 1.76764296012
4.3615282337903e-05 1.76774234306797 0.927958624726203 0.533111723770703 1.76774234306797 1.001762599675 0.46863103083439 1.76774234306797 1.3981222659135 3.18751751154143e-05 1.76774234306797 1.2458599765992
0.533111723770703 1.76774234306797 1.001762599675 1.01776927257517 1.76774234306797 1.02498360632301 1.04512689388051 1.76774234306797 1.34481184860041 0.46863103083439 1.76774234306797 1.3981222659135
0.46863103083439 1.76774234306797 1.3981222659135 1.04512689388051 1.76774234306797 1.34481184860041 1.06852521265674 1.76774234306797 1.76766714818951 0.48919483880716 1.76774234306797 1.76768339865756
3.18751751154143e-05 1.76774234306797 1.2458599765992 0.46863103083439 1.76774234306797 1.3981222659135 0.48919483880716 1.76774234306797 1.76768339865756 2.09374571273713e-05 1.76774234306797 1.76768622426387
1.01776927257517 1.76774234306797 1.02498360632301 1.43928119024606 1.76774234306797 1.06849514248255 1.42792909860409 1.76774234306797 1.47070693419043 1.04512689388051 1.76774234306797 1.34481184860041
1.43928119024606 1.76774234306797 1.06849514248255 1.76771339861239 1.76774234306797 1.06847232339558 1.76772919336975 1.76774234306797 1.46692147308196 1.42792909860409 1.76774234306797 1.47070693419043
1.42792909860409 1.76774234306797 1.47070693419043 1.76772919336975 1.76774234306797 1.46692147308196 1.76773857398883 1.76774234306797 1.76766314376627 1.4669910759085 1.76774234306797 1.76767197056071
1.04512689388051 1.76774234306797 1.34481184860041 1.42792909860409 1.76774234306797 1.47070693419043 1.4669910759085 1.76774234306797 1.76767197056071 1.06852521265674 1.76774234306797 1.76766714818951
1.76774234306797 -1.76770078926964 -1.76767925654796 1.76774234306797 -1.46695329037681 -1.7676715818809 1.76774234306797 -1.42789951764601 -1.47070449138195 1.76774234306797 -1.76770790979227 -1.46693758682408
1.76774234306797 -1.46695329037681 -1.7676715818809 1.76774234306797 -1.06851210823841 -1.76766686681528 1.76774234306797 -1.04511983482905 -1.34480090418531 1.76774234306797 -1.42789951764601 -1.47070449138195
1.76774234306797 -1.42789951764601 -1.47070449138195 1.76774234306797 -1.04511983482905 -1.34480090418531 1.76774234306797 -1.01777120866681 -1.02495528125938 1.76774234306797 -1.43928177070902 -1.06849323332198
1.76774234306797 -1.76770790979227 -1.46693758682408 1.76774234306797 -1.42789951764601 -1.47070449138195 1.76774234306797 -1.43928177070902 -1.06849323332198 1.76774234306797 -1.76771086939518 -1.06848843712827
1.76774234306797 -1.06851210823841 -1.76766686681528 1.76774234306797 -0.489181734132459 -1.76767405446242 1.76774234306797 -0.468610270689272 -1.39811384228906 1.76774234306797 -1.04511983482905 -1.34480090418531
1.76774234306797 -0.489181734132459 -1.76767405446242 1.76774234306797 -7.85686648259236e-06 -1.76768754437034 1.76774234306797 -7.95005685196171e-06 -1.24586129429839 1.76774234306797 -0.468610270689272 -1.39811384228906
1.76774234306797 -0.468610270689272 -1.39811384228906 1.76774234306797 -7.95005685196171e-06 -1.24586129429839 1.76774234306797 -6.52262532117788e-06 -0.92794923006574 1.76774234306797 -0.533097310574076 -1.00175166582641
1.76774234306797 -1.04511983482905 -1.34480090418531 1.76774234306797 -0.468610270689272 -1.39811384228906 1.76774234306797 -0.533097310574076 -1.00175166582641 1.76774234306797 -1.01777120866681 -1.02495528125938
1.76774234306797 -7.85686648259236e-06 -1.76768754437034 1.76774234306797 0.489166296285648 -1.76767889733775 1.76774234306797 0.468594424039006 -1.39811367946977 1.76774234306797 -7.95005685196171e-06 -1.24586129429839
1.76774234306797 0.489166296285648 -1.76767889733775 1.76774234306797 1.06849639133829 -1.76766649325568 1.76774234306797 1.04510453908832 -1.34481083589675 1.76774234306797 0.468594424039006 -1.39811367946977
1.76774234306797 0.468594424039006 -1.39811367946977 1.76774234306797 1.04510453908832 -1.34481083589675 1.76774234306797 1.01773605997349 -1.02498001440099 1.76774234306797 0.533078604203829 -1.00175532829074
1.76774234306797 -7.95005685196171e-06 -1.24586129429839 1.76774234306797 0.468594424039006 -1.39811367946977 1.76774234306797 0.533078604203829 -1.00175532829074 1.76774234306797 -6.52262532117788e-06 -0.92794923006574
1.76774234306797 1.06849639133829 -1.76766649325568 1.76774234306797 1.46693764097943 -1.7676715818809 1.76774234306797 1.42788369661019 -1.47070398956988 1.76774234306797 1.04510453908832 -1.34481083589675
1.76774234306797 1.46693764097943 -1.7676715818809 1.76774234306797 1.76768507195551 -1.76767863504696 1.76774234306797 1.76769208744085 -1.46693696429817 1.76774234306797 1.42788369661019 -1.47070398956988
1.76774234306797 1.42788369661019 -1.47070398956988 1.76774234306797 1.76769208744085 -1.46693696429817 1.76774234306797 1.76769076086987 -1.06849123719688 1.76774234306797 1.43926151992054 -1.06849795703426
1.76774234306797 1.04510453908832 -1.34481083589675 1.76774234306797 1.42788369661019 -1.47070398956988 1.76774234306797 1.43926151992054 -1.06849795703426 1.76774234306797 1.01773605997349 -1.02498001440099
1.76774234306797 -1.76771086939518 -1.06848843712827 1.76774234306797 -1.43928177070902 -1.06849323332198 1.76774234306797 -1.3779228398367 -0.534712123176308 1.76774234306797 -1.76771910699276 -0.489156642555168
1.76774234306797 -1.43928177070902 -1.06849323332198 1.76774234306797 -1.01777120866681 -1.02495528125938 1.76774234306797 -0.976589696518743 -0.506827349414331 1.76774234306797 -1.3779228398367 -0.534712123176308
1.76774234306797 -1.3779228398367 -0.534712123176308 1.76774234306797 -0.976589696518743 -0.506827349414331 1.76774234306797 -0.932988421523074 3.74617140366282e-05 1.76774234306797 -1.36311210965564 2.58204854760603e-05
1.76774234306797 -1.76771910699276 -0.489156642555168 1.76774234306797 -1.3779228398367 -0.534712123176308 1.76774234306797 -1.36311210965564 2.58204854760603e-05 1.76774234306797 -1.76772921551231 1.62106778982262e-05
1.76774234306797 -1.01777120866681 -1.02495528125938 1.76774234306797 -0.533097310574076 -1.00175166582641 1.76774234306797 -0.487812553646709 -0.501632307412296 1.76774234306797 -0.976589696518743 -0.506827349414331
1.76774234306797 -0.533097310574076 -1.00175166582641 1.76774234306797 -6.52262532117788e-06 -0.92794923006574 1.76774234306797 7.60830429135497e-07 -0.497959364911937 1.76774234306797 -0.487812553646709 -0.501632307412296
1.76774234306797 -0.487812553646709 -0.501632307412296 1.76774234306797 7.60830429135497e-07 -0.497959364911937 1.76774234306797 -5.62254097666658e-06 1.04789354464387e-05 1.76774234306797 -0.477046522277902 1.74222757724407e-06
1.76774234306797 -0.976589696518743 -0.506827349414331 1.76774234306797 -0.487812553646709 -0.501632307412296 1.76774234306797 -0.477046522277902 1.74222757724407e-06 1.76774234306797 -0.932988421523074 3.74617140366282e-05
1.76774234306797 -6.52262532117788e-06 -0.92794923006574 1.76774234306797 0.533078604203829 -1.00175532829074 1.76774234306797 0.487794566562028 -0.501630156574454 1.76774234306797 7.60830429135497e-07 -0.497959364911937
1.76774234306797 0.533078604203829 -1.00175532829074 1.76774234306797 1.01773605997349 -1.02498001440099 1.76774234306797 0.976527006906972 -0.506857037996411 1.76774234306797 0.487794566562028 -0.501630156574454
1.76774234306797 0.487794566562028 -0.501630156574454 1.76774234306797 0.976527006906972 -0.506857037996411 1.76774234306797 0.932928646092108 -7.46825628634506e-06 1.76774234306797 0.477035451214734 4.84339539956885e-06
1.76774234306797 7.60830429135497e-07 -0.497959364911937 1.76774234306797 0.487794566562028 -0.501630156574454 1.76774234306797 0.477035451214734 4.84339539956885e-06 1.76774234306797 -5.62254097666658e-06 1.04789354464387e-05
1.76774234306797 1.01773605997349 -1.02498001440099 1.76774234306797 1.43926151992054 -1.06849795703426 1.76774234306797 1.37789946264209 -0.534717206283521 1.76774234306797 0.976527006906972 -0.506857037996411
1.76774234306797 1.43926151992054 -1.06849795703426 1.76774234306797 1.76769076086987 -1.06849123719688 1.76774234306797 1.76769546296864 -0.489159442587701 1.76774234306797 1.37789946264209 -0.534717206283521
1.76774234306797 1.37789946264209 -0.534717206283521 1.76774234306797 1.76769546296864 -0.489159442587701 1.76774234306797 1.76766829967808 3.91568497072969e-05 1.76774234306797 1.36305227464648 -1.91449698541931e-05
1.76774234306797 0.976527006906972 -0.506857037996411 1.76774234306797 1.37789946264209 -0.534717206283521 1.76774234306797 1.36305227464648 -1.91449698541931e-05 1.76774234306797 0.932928646092108 -7.46825628634506e-06
1.76774234306797 -1.76772921551231 1.62106778982262e-05 1.76774234306797 -1.36311210965564 2.58204854760603e-05 1.76774234306797 -1.37794745242525 0.534763152136821 1.76774234306797 -1.76774234306797 0.489189063839326
1.76774234306797 -1.36311210965564 2.58204854760603e-05 1.76774234306797 -0.932988421523074 3.74617140366282e-05 1.76774234306797 -0.976613939945292 0.506903533775317 1.76774234306797 -1.37794745242525 0.534763152136821
1.76774234306797 -1.37794745242525 0.534763152136821 1.76774234306797 -0.976613939945292 0.506903533775317 1.76774234306797 -1.01770754182936 1.02495753402872 1.76774234306797 -1.43923391019171 1.06846672014164
1.76774234306797 -1.76774234306797 0.489189063839326 1.76774234306797 -1.37794745242525 0.534763152136821 1.76774234306797 -1.43923391019171 1.06846672014164 1.76774234306797 -1.76766315122756 1.0684531729314
1.76774234306797 -0.932988421523074 3.74617140366282e-05 1.76774234306797 -0.477046522277902 1.74222757724407e-06 1.76774234306797 -0.487829474174508 0.501636840220238 1.76774234306797 -0.976613939945292 0.506903533775317
1.76774234306797 -0.477046522277902 1.74222757724407e-06 1.76774234306797 -5.62254097666658e-06 1.04789354464387e-05 1.76774234306797 -1.46125777940777e-05 0.497968614331607 1.76774234306797 -0.487829474174508 0.501636840220238
1.76774234306797 -0.487829474174508 0.501636840220238 1.76774234306797 -1.46125777940777e-05 0.497968614331607 1.76774234306797 4.3615282337903e-05 0.927958624726203 1.76774234306797 -0.533049602797564 1.00174292513307
1.76774234306797 -0.976613939945292 0.506903533775317 1.76774234306797 -0.487829474174508 0.501636840220238 1.76774234306797 -0.533049602797564 1.00174292513307 1.76774234306797 -1.01770754182936 1.02495753402872
1.76774234306797 -5.62254097666658e-06 1.04789354464387e-05 1.76774234306797 0.477035451214734 4.84339539956885e-06 1.76774234306797 0.48782238911507 0.501639895608299 1.76774234306797 -1.46125777940777e-05 0.497968614331607
1.76774234306797 0.477035451214734 4.84339539956885e-06 1.76774234306797 0.932928646092108 -7.46825628634506e-06 1.76774234306797 0.97655410395872 0.506858102856174 1.76774234306797 0.48782238911507 0.501639895608299
1.76774234306797 0.48782238911507 0.501639895608299 1.76774234306797 0.97655410395872 0.506858102856174 1.76774234306797 1.01776927257517 1.02498360632301 1.76774234306797 0.533111723770703 1.001762599675
1.76774234306797 -1.46125777940777e-05 0.497968614331607 1.76774234306797 0.48782238911507 0.501639895608299 1.76774234306797 0.533111723770703 1.001762599675 1.76774234306797 4.3615282337903e-05 0.927958624726203
1.76774234306797 0.932928646092108 -7.46825628634506e-06 1.76774234306797 1.36305227464648 -1.91449698541931e-05 1.76774234306797 1.37788937374863 0.534720225045508 1.76774234306797 0.97655410395872 0.506858102856174
1.76774234306797 1.36305227464648 -1.91449698541931e-05 1.76774234306797 1.76766829967808 3.91568497072969e-05 1.76774234306797 1.76768281016267 0.489140529645579 1.76774234306797 1.37788937374863 0.534720225045508
1.76774234306797 1.37788937374863 0.534720225045508 1.76774234306797 1.76768281016267 0.489140529645579 1.76774234306797 1.76771339861239 1.06847232339558 1.76774234306797 1.43928119024606 1.06849514248255
1.76774234306797 0.97655410395872 0.506858102856174 1.76774234306797 1.37788937374863 0.534720225045508 1.76774234306797 1.43928119024606 1.06849514248255 1.76774234306797 1.01776927257517 1.02498360632301
1.76774234306797 -1.76766315122756 1.0684531729314 1.76774234306797 -1.43923391019171 1.06846672014164 1.76774234306797 -1.42786444696567 1.47067298805018 1.76774234306797 -1.76766470624191 1.46690232262039
1.76774234306797 -1.43923391019171 1.06846672014164 1.76774234306797 -1.01770754182936 1.02495753402872 1.76774234306797 -1.04508267101084 1.34478778921934 1.76774234306797 -1.42786444696567 1.47067298805018
1.76774234306797 -1.42786444696567 1.47067298805018 1.76774234306797 -1.04508267101084 1.34478778921934 1.76774234306797 -1.06848331296614 1.76764296012 1.76774234306797 -1.46692456076191 1.76763976645778
1.76774234306797 -1.76766470624191 1.46690232262039 1.76774234306797 -1.42786444696567 1.47067298805018 1.76774234306797 -1.46692456076191 1.76763976645778 1.76774234306797 -1.76767199147515 1.76764057476051
1.76774234306797 -1.01770754182936 1.02495753402872 1.76774234306797 -0.533049602797564 1.00174292513307 1.76774234306797 -0.468573663996774 1.3981026164578 1.76774234306797 -1.04508267101084 1.34478778921934
1.76774234306797 -0.533049602797564 1.00174292513307 1.76774234306797 4.3615282337903e-05 0.927958624726203 1.76774234306797 3.18751751154143e-05 1.2458599765992 1.76774234306797 -0.468573663996774 1.3981026164578
1.76774234306797 -0.468573663996774 1.3981026164578 1.76774234306797 3.18751751154143e-05 1.2458599765992 1.76774234306797 2.09374571273713e-05 1.76768622426387 1.76774234306797 -0.489153218372663 1.76766740638345
1.76774234306797 -1.04508267101084 1.34478778921934 1.76774234306797 -0.468573663996774 1.3981026164578 1.76774234306797 -0.489153218372663 1.76766740638345 1.76774234306797 -1.06848331296614 1.76764296012
1.76774234306797 4.3615282337903e-05 0.927958624726203 1.76774234306797 0.533111723770703 1.001762599675 1.76774234306797 0.46863103083439 1.3981222659135 1.76774234306797 3.18751751154143e-05 1.2458599765992
1.76774234306797 0.533111723770703 1.001762599675 1.76774234306797 1.01776927257517 1.02498360632301 1.76774234306797 1.04512689388051 1.34481184860041 1.76774234306797 0.46863103083439 1.3981222659135
1.76774234306797 0.46863103083439 1.3981222659135 1.76774234306797 1.04512689388051 1.34481184860041 1.76774234306797 1.06852521265674 1.76766714818951 1.76774234306797 0.48919483880716 1.76768339865756
1.76774234306797 3.18751751154143e-05 1.2458599765992 1.76774234306797 0.46863103083439 1.3981222659135 1.76774234306797 0.48919483880716 1.76768339865756 1.76774234306797 2.09374571273713e-05 1.76768622426387
1.76774234306797 1.01776927257517 1.02498360632301 1.76774234306797 1.43928119024606 1.06849514248255 1.76774234306797 1.42792909860409 1.47070693419043 1.76774234306797 1.04512689388051 1.34481184860041
1.76774234306797 1.43928119024606 1.06849514248255 1.76774234306797 1.76771339861239 1.06847232339558 1.76774234306797 1.76772919336975 1.46692147308196 1.76774234306797 1.42792909860409 1.47070693419043
1.76774234306797 1.42792909860409 1.47070693419043 1.76774234306797 1.76772919336975 1.46692147308196 1.76774234306797 1.76773857398883 1.76766314376627 1.76774234306797 1.4669910759085 1.76767197056071
1.76774234306797 1.04512689388051 1.34481184860041 1.76774234306797 1.42792909860409 1.47070693419043 1.76774234306797 1.4669910759085 1.76767197056071 1.76774234306797 1.06852521265674 1.76766714818951
-1.76774234306797 -1.76770078926964 -1.76767925654796 -1.76774234306797 -1.46695329037681 -1.7676715818809 -1.76774234306797 -1.42789951764601 -1.47070449138195 -1.76774234306797 -1.76770790979227 -1.46693758682408
-1.76774234306797 -1.46695329037681 -1.7676715818809 -1.76774234306797 -1.06851210823841 -1.76766686681528 -1.76774234306797 -1.04511983482905 -1.34480090418531 -1.76774234306797 -1.42789951764601 -1.47070449138195
-1.76774234306797 -1.42789951764601 -1.47070449138195 -1.76774234306797 -1.04511983482905 -1.34480090418531 -1.76774234306797 -1.01777120866681 -1.02495528125938 -1.76774234306797 -1.43928177070902 -1.06849323332198
-1.76774234306797 -1.76770790979227 -1.46693758682408 -1.76774234306797 -1.42789951764601 -1.47070449138195 -1.76774234306797 -1.43928177070902 -1.06849323332198 -1.76774234306797 -1.76771086939518 -1.06848843712827
-1.76774234306797 -1.06851210823841 -1.76766686681528 -1.76774234306797 -0.489181734132459 -1.76767405446242 -1.76774234306797 -0.468610270689272 -1.39811384228906 -1.76774234306797 -1.04511983482905 -1.34480090418531
-1.76774234306797 -0.489181734132459 -1.76767405446242 -1.76774234306797 -7.85686648259236e-06 -1.76768754437034 -1.76774234306797 -7.95005685196171e-06 -1.24586129429839 -1.76774234306797 -0.468610270689272 -1.39811384228906
-1.76774234306797 -0.468610270689272 -1.39811384228906 -1.76774234306797 -7.95005685196171e-06 -1.24586129429839 -1.76774234306797 -6.52262532117788e-06 -0.92794923006574 -1.76774234306797 -0.533097310574076 -1.00175166582641
-1.76774234306797 -1.04511983482905 -1.34480090418531 -1.76774234306797 -0.468610270689272 -1.39811384228906 -1.76774234306797 -0.533097310574076 -1.00175166582641 -1.76774234306797 -1.01777120866681 -1.02495528125938
-1.76774234306797 -7.85686648259236e-06 -1.76768754437034 -1.76774234306797 0.489166296285648 -1.76767889733775 -1.76774234306797 0.468594424039006 -1.39811367946977 -1.76774234306797 -7.95005685196171e-06 -1.24586129429839
-1.76774234306797 0.489166296285648 -1.76767889733775 -1.76774234306797 1.06849639133829 -1.76766649325568 -1.76774234306797 1.04510453908832 -1.34481083589675 -1.76774234306797 0.468594424039006 -1.39811367946977
-1.76774234306797 0.468594424039006 -1.39811367946977 -1.76774234306797 1.04510453908832 -1.34481083589675 -1.76774234306797 1.01773605997349 -1.02498001440099 -1.76774234306797 0.533078604203829 -1.00175532829074
-1.76774234306797 -7.95005685196171e-06 -1.24586129429839 -1.76774234306797 0.468594424039006 -1.39811367946977 -1.76774234306797 0.533078604203829 -1.00175532829074 -1.76774234306797 -6.52262532117788e-06 -0.92794923006574
-1.76774234306797 1.06849639133829 -1.76766649325568 -1.76774234306797 1.46693764097943 -1.7676715818809 -1.76774234306797 1.42788369661019 -1.47070398956988 -1.76774234306797 1.04510453908832 -1.34481083589675
-1.76774234306797 1.46693764097943 -1.7676715818809 -1.76774234306797 1.76768507195551 -1.76767863504696 -1.76774234306797 1.76769208744085 -1.46693696429817 -1.76774234306797 1.42788369661019 -1.47070398956988
-1.76774234306797 1.42788369661019 -1.47070398956988 -1.76774234306797 1.76769208744085 -1.46693696429817 -1.76774234306797 1.76769076086987 -1.06849123719688 -1.76774234306797 1.43926151992054 -1.06849795703426
-1.76774234306797 1.04510453908832 -1.34481083589675 -1.76774234306797 1.42788369661019 -1.47070398956988 -1.76774234306797 1.43926151992054 -1.06849795703426 -1.76774234306797 1.01773605997349 -1.02498001440099
-1.76774234306797 -1.76771086939518 -1.06848843712827 -1.76774234306797 -1.43928177070902 -1.06849323332198 -1.76774234306797 -1.3779228398367 -0.534712123176308 -1.76774234306797 -1.76771910699276 -0.489156642555168
-1.76774234306797 -1.43928177070902 -1.06849323332198 -1.76774234306797 -1.01777120866681 -1.02495528125938 -1.76774234306797 -0.976589696518743 -0.506827349414331 -1.76774234306797 -1.3779228398367 -0.534712123176308
-1.76774234306797 -1.3779228398367 -0.534712123176308 -1.76774234306797 -0.976589696518743 -0.506827349414331 -1.76774234306797 -0.932988421523074 3.74617140366282e-05 -1.76774234306797 -1.36311210965564 2.58204854760603e-05
-1.76774234306797 -1.76771910699276 -0.489156642555168 -1.76774234306797 -1.3779228398367 -0.534712123176308 -1.76774234306797 -1.36311210965564 2.58204854760603e-05 -1.76774234306797 -1.76772921551231 1.62106778982262e-05
-1.76774234306797 -1.01777120866681 -1.02495528125938 -1.76774234306797 -0.533097310574076 -1.00175166582641 -1.76774234306797 -0.487812553646709 -0.501632307412296 -1.76774234306797 -0.976589696518743 -0.506827349414331
-1.76774234306797 -0.533097310574076 -1.00175166582641 -1.76774234306797 -6.52262532117788e-06 -0.92794923006574 -1.76774234306797 7.60830429135497e-07 -0.497959364911937 -1.76774234306797 -0.487812553646709 -0.501632307412296
-1.76774234306797 -0.487812553646709 -0.501632307412296 -1.76774234306797 7.60830429135497e-07 -0.497959364911937 -1.76774234306797 -5.62254097666658e-06 1.04789354464387e-05 -1.76774234306797 -0.477046522277902 1.74222757724407e-06
-1.76774234306797 -0.976589696518743 -0.506827349414331 -1.76774234306797 -0.487812553646709 -0.501632307412296 -1.76774234306797 -0.477046522277902 1.74222757724407e-06 -1.76774234306797 -0.932988421523074 3.74617140366282e-05
-1.76774234306797 -6.52262532117788e-06 -0.92794923006574 -1.76774234306797 0.533078604203829 -1.00175532829074 -1.76774234306797 0.487794566562028 -0.501630156574454 -1.76774234306797 7.60830429135497e-07 -0.497959364911937
-1.76774234306797 0.533078604203829 -1.00175532829074 -1.76774234306797 1.01773605997349 -1.02498001440099 -1.76774234306797 0.976527006906972 -0.506857037996411 -1.76774234306797 0.487794566562028 -0.501630156574454
-1.76774234306797 0.487794566562028 -0.501630156574454 -1.76774234306797 0.976527006906972 -0.506857037996411 -1.76774234306797 0.932928646092108 -7.46825628634506e-06 -1.76774234306797 0.477035451214734 4.84339539956885e-06
-1.76774234306797 7.60830429135497e-07 -0.497959364911937 -1.76774234306797 0.487794566562028 -0.501630156574454 -1.76774234306797 0.477035451214734 4.84339539956885e-06 -1.76774234306797 -5.62254097666658e-06 1.04789354464387e-05
-1.76774234306797 1.01773605997349 -1.02498001440099 -1.76774234306797 1.43926151992054 -1.06849795703426 -1.76774234306797 1.37789946264209 -0.534717206283521 -1.76774234306797 0.976527006906972 -0.506857037996411
-1.76774234306797 1.43926151992054 -1.06849795703426 -1.76774234306797 1.76769076086987 -1.06849123719688 -1.76774234306797 1.76769546296864 -0.489159442587701 -1.76774234306797 1.37789946264209 -0.534717206283521
-1.76774234306797 1.37789946264209 -0.534717206283521 -1.76774234306797 1.76769546296864 -0.489159442587701 -1.76774234306797 1.76766829967808 3.91568497072969e-05 -1.76774234306797 1.36305227464648 -1.91449698541931e-05
-1.76774234306797 0.976527006906972 -0.506857037996411 -1.76774234306797 1.37789946264209 -0.534717206283521 -1.76774234306797 1.36305227464648 -1.91449698541931e-05 -1.76774234306797 0.932928646092108 -7.46825628634506e-06
-1.76774234306797 -1.76772921551231 1.62106778982262e-05 -1.76774234306797 -1.36311210965564 2.58204854760603e-05 -1.76774234306797 -1.37794745242525 0.534763152136821 -1.76774234306797 -1.76774234306797 0.489189063839326
-1.76774234306797 -1.36311210965564 2.58204854760603e-05 -1.76774234306797 -0.932988421523074 3.74617140366282e-05 -1.76774234306797 -0.976613939945292 0.506903533775317 -1.76774234306797 -1.37794745242525 0.534763152136821
-1.76774234306797 -1.37794745242525 0.534763152136821 -1.76774234306797 -0.976613939945292 0.506903533775317 -1.76774234306797 -1.01770754182936 1.02495753402872 -1.76774234306797 -1.43923391019171 1.06846672014164
-1.76774234306797 -1.76774234306797 0.489189063839326 -1.76774234306797 -1.37794745242525 0.534763152136821 -1.76774234306797 -1.43923391019171 1.06846672014164 -1.76774234306797 -1.76766315122756 1.0684531729314
-1.76774234306797 -0.932988421523074 3.74617140366282e-05 -1.76774234306797 -0.477046522277902 1.74222757724407e-06 -1.76774234306797 -0.487829474174508 0.501636840220238 -1.76774234306797 -0.976613939945292 0.506903533775317
-1.76774234306797 -0.477046522277902 1.74222757724407e-06 -1.76774234306797 -5.62254097666658e-06 1.04789354464387e-05 -1.76774234306797 -1.46125777940777e-05 0.497968614331607 -1.76774234306797 -0.487829474174508 0.501636840220238
-1.76774234306797 -0.487829474174508 0.501636840220238 -1.76774234306797 -1.46125777940777e-05 0.497968614331607 -1.76774234306797 4.3615282337903e-05 0.927958624726203 -1.76774234306797 -0.533049602797564 1.00174292513307
-1.76774234306797 -0.976613939945292 0.506903533775317 -1.76774234306797 -0.487829474174508 0.501636840220238 -1.76774234306797 -0.533049602797564 1.00174292513307 -1.76774234306797 -1.01770754182936 1.02495753402872
-1.76774234306797 -5.62254097666658e-06 1.04789354464387e-05 -1.76774234306797 0.477035451214734 4.84339539956885e-06 -1.76774234306797 0.48782238911507 0.501639895608299 -1.76774234306797 -1.46125777940777e-05 0.497968614331607
-1.76774234306797 0.477035451214734 4.84339539956885e-06 -1.76774234306797 0.932928646092108 -7.46825628634506e-06 -1.76774234306797 0.97655410395872 0.506858102856174 -1.76774234306797 0.48782238911507 0.501639895608299
-1.76774234306797 0.48782238911507 0.501639895608299 -1.76774234306797 0.97655410395872 0.506858102856174 -1.76774234306797 1.01776927257517 1.02498360632301 -1.76774234306797 0.533111723770703 1.001762599675
-1.76774234306797 -1.46125777940777e-05 0.497968614331607 -1.76774234306797 0.48782238911507 0.501639895608299 -1.76774234306797 0.533111723770703 1.001762599675 -1.76774234306797 4.3615282337903e-05 0.927958624726203
-1.76774234306797 0.932928646092108 -7.46825628634506e-06 -1.76774234306797 1.36305227464648 -1.91449698541931e-05 -1.76774234306797 1.37788937374863 0.534720225045508 -1.76774234306797 0.97655410395872 0.506858102856174
-1.76774234306797 1.36305227464648 -1.91449698541931e-05 -1.76774234306797 1.76766829967808 3.91568497072969e-05 -1.76774234306797 1.76768281016267 0.489140529645579 -1.76774234306797 1.37788937374863 0.534720225045508
-1.76774234306797 1.37788937374863 0.534720225045508 -1.76774234306797 1.76768281016267 0.489140529645579 -1.76774234306797 1.76771339861239 1.06847232339558 -1.76774234306797 1.43928119024606 1.06849514248255
-1.76774234306797 0.97655410395872 0.506858102856174 -1.76774234306797 1.37788937374863 0.534720225045508 -1.76774234306797 1.43928119024606 1.06849514248255 -1.76774234306797 1.01776927257517 1.02498360632301
-1.76774234306797 -1.76766315122756 1.0684531729314 -1.76774234306797 -1.43923391019171 1.06846672014164 -1.76774234306797 -1.42786444696567 1.47067298805018 -1.76774234306797 -1.76766470624191 1.46690232262039
-1.76774234306797 -1.43923391019171 1.06846672014164 -1.76774234306797 -1.01770754182936 1.02495753402872 -1.76774234306797 -1.04508267101084 1.34478778921934 -1.76774234306797 -1.42786444696567 1.47067298805018
-1.76774234306797 -1.42786444696567 1.47067298805018 -1.76774234306797 -1.04508267101084 1.34478778921934 -1.76774234306797 -1.06848331296614 1.76764296012 -1.76774234306797 -1.46692456076191 1.76763976645778
-1.76774234306797 -1.76766470624191 1.46690232262039 -1.76774234306797 -1.42786444696567 1.47067298805018 -1.76774234306797 -1.46692456076191 1.76763976645778 -1.76774234306797 -1.76767199147515 1.76764057476051
-1.76774234306797 -1.01770754182936 1.02495753402872 -1.76774234306797 -0.533049602797564 1.00174292513307 -1.76774234306797 -0.468573663996774 1.3981026164578 -1.76774234306797 -1.04508267101084 1.34478778921934
-1.76774234306797 -0.533049602797564 1.00174292513307 -1.76774234306797 4.3615282337903e-05 0.927958624726203 -1.76774234306797 3.18751751154143e-05 1.2458599765992 -1.76774234306797 -0.468573663996774 1.3981026164578
-1.76774234306797 -0.468573663996774 1.3981026164578 -1.76774234306797 3.18751751154143e-05 1.2458599765992 -1.76774234306797 2.09374571273713e-05 1.76768622426387 -1.76774234306797 -0.489153218372663 1.76766740638345
-1.76774234306797 -1.04508267101084 1.34478778921934 -1.76774234306797 -0.468573663996774 1.3981026164578 -1.76774234306797 -0.489153218372663 1.76766740638345 -1.76774234306797 -1.06848331296614 1.76764296012
-1.76774234306797 4.3615282337903e-05 0.927958624726203 -1.76774234306797 0.533111723770703 1.001762599675 -1.76774234306797 0.46863103083439 1.3981222659135 -1.76774234306797 3.18751751154143e-05 1.2458599765992
-1.76774234306797 0.533111723770703 1.001762599675 -1.76774234306797 1.01776927257517 1.02498360632301 -1.76774234306797 1.04512689388051 1.34481184860041 -1.76774234306797 0.46863103083439 1.3981222659135
-1.76774234306797 0.46863103083439 1.3981222659135 -1.76774234306797 1.04512689388051 1.34481184860041 -1.76774234306797 1.06852521265674 1.76766714818951 -1.76774234306797 0.48919483880716 1.76768339865756
-1.76774234306797 3.18751751154143e-05 1.2458599765992 -1.76774234306797 0.46863103083439 1.3981222659135 -1.76774234306797 0.48919483880716 1.76768339865756 -1.76774234306797 2.09374571273713e-05 1.76768622426387
-1.76774234306797 1.01776927257517 1.02498360632301 -1.76774234306797 1.43928119024606 1.06849514248255 -1.76774234306797 1.42792909860409 1.47070693419043 -1.76774234306797 1.04512689388051 1.34481184860041
-1.76774234306797 1.43928119024606 1.06849514248255 -1.76774234306797 1.76771339861239 1.06847232339558 -1.76774234306797 1.76772919336975 1.46692147308196 -1.76774234306797 1.42792909860409 1.47070693419043
-1.76774234306797 1.42792909860409 1.47070693419043 -1.76774234306797 1.76772919336975 1.46692147308196 -1.76774234306797 1.76773857398883 1.76766314376627 -1.76774234306797 1.4669910759085 1.76767197056071
-1.76774234306797 1.04512689388051 1.34481184860041 -1.76774234306797 1.42792909860409 1.47070693419043 -1.76774234306797 1.4669910759085 1.76767197056071 -1.76774234306797 1.06852521265674 1.76766714818951
