1 3 2 4
5 1 2 2
4 1 1 4
3 2 2 3
3 1 4 2
3 3 8 4
33 2 4 3
34 1 3 4
5 3 6 4
9 1 6 2
8 1 5 4
7 2 6 3
7 1 8 2
7 3 12 4
37 2 8 3
38 1 7 4
59 3 64 4
9 3 10 4
13 1 10 2
12 1 9 4
11 2 10 3
63 2 62 3
11 1 12 2
11 3 16 4
41 2 12 3
42 1 11 4
61 1 58 2
13 3 14 4
17 1 14 2
16 1 13 4
15 2 14 3
62 1 31 4
15 1 16 2
15 3 20 4
45 2 16 3
46 1 15 4
61 3 62 4
17 3 18 4
21 1 18 2
20 1 17 4
19 2 18 3
55 3 60 4
19 1 20 2
19 3 24 4
49 2 20 3
50 1 19 4
21 3 22 4
25 1 22 2
24 1 21 4
23 2 22 3
57 1 54 2
23 1 24 2
23 3 28 4
53 2 24 3
54 1 23 4
25 3 26 4
29 1 26 2
28 1 25 4
27 2 26 3
57 3 58 4
27 1 28 2
27 3 32 4
57 2 28 3
58 1 27 4
55 2 54 3
29 3 30 4
32 1 29 4
31 2 30 3
56 1 53 4
31 1 32 2
61 2 32 3
59 1 60 2
63 1 64 2
33 3 34 4
37 1 34 2
36 1 33 4
35 2 34 3
35 1 36 2
35 3 40 4
64 1 61 4
51 3 56 4
37 3 38 4
41 1 38 2
40 1 37 4
39 2 38 3
55 1 56 2
39 1 40 2
39 3 44 4
53 1 50 2
41 3 42 4
45 1 42 2
44 1 41 4
43 2 42 3
43 1 44 2
43 3 48 4
59 2 58 3
60 1 57 4
47 3 52 4
45 3 46 4
49 1 46 2
48 1 45 4
47 2 46 3
51 2 50 3
47 1 48 2
52 1 49 4
53 3 54 4
51 1 52 2
49 3 50 4
1 1 30 2
4 4 31 3
33 1 62 2
36 4 63 3
