1.92218658562446 0 0 1.77586884412619 0.735588960232901 0 1.77586884412619 0.735588960232901 0.265165042919894 1.92218658562446 0 0.265165042919894
1.77586884412619 0.735588960232901 0 1.35919116940087 1.35919116940087 0 1.35919116940087 1.35919116940087 0.265165042919894 1.77586884412619 0.735588960232901 0.265165042919894
1.77586884412619 0.735588960232901 0.265165042919894 1.35919116940087 1.35919116940087 0.265165042919894 1.35919116940087 1.35919116940087 0.530330085839787 1.77586884412619 0.735588960232901 0.530330085839787
1.92218658562446 0 0.265165042919894 1.77586884412619 0.735588960232901 0.265165042919894 1.77586884412619 0.735588960232901 0.530330085839787 1.92218658562446 0 0.530330085839787
1.35919116940087 1.35919116940087 0 0.735588960232901 1.77586884412619 0 0.735588960232901 1.77586884412619 0.265165042919894 1.35919116940087 1.35919116940087 0.265165042919894
0.735588960232901 1.77586884412619 0 1.17699982472449e-16 1.92218658562446 0 1.17699982472449e-16 1.92218658562446 0.265165042919894 0.735588960232901 1.77586884412619 0.265165042919894
0.735588960232901 1.77586884412619 0.265165042919894 1.17699982472449e-16 1.92218658562446 0.265165042919894 1.17699982472449e-16 1.92218658562446 0.530330085839787 0.735588960232901 1.77586884412619 0.530330085839787
1.35919116940087 1.35919116940087 0.265165042919894 0.735588960232901 1.77586884412619 0.265165042919894 0.735588960232901 1.77586884412619 0.530330085839787 1.35919116940087 1.35919116940087 0.530330085839787
1.17699982472449e-16 1.92218658562446 0 -0.735588960232901 1.77586884412619 0 -0.735588960232901 1.77586884412619 0.265165042919894 1.17699982472449e-16 1.92218658562446 0.265165042919894
-0.735588960232901 1.77586884412619 0 -1.35919116940087 1.35919116940087 0 -1.35919116940087 1.35919116940087 0.265165042919894 -0.735588960232901 1.77586884412619 0.265165042919894
-0.735588960232901 1.77586884412619 0.265165042919894 -1.35919116940087 1.35919116940087 0.265165042919894 -1.35919116940087 1.35919116940087 0.530330085839787 -0.735588960232901 1.77586884412619 0.530330085839787
1.17699982472449e-16 1.92218658562446 0.265165042919894 -0.735588960232901 1.77586884412619 0.265165042919894 -0.735588960232901 1.77586884412619 0.530330085839787 1.17699982472449e-16 1.92218658562446 0.530330085839787
-1.35919116940087 1.35919116940087 0 -1.77586884412619 0.735588960232901 0 -1.77586884412619 0.735588960232901 0.265165042919894 -1.35919116940087 1.35919116940087 0.265165042919894
-1.77586884412619 0.735588960232901 0 -1.92218658562446 2.35399964944897e-16 0 -1.92218658562446 2.35399964944897e-16 0.265165042919894 -1.77586884412619 0.735588960232901 0.265165042919894
-1.77586884412619 0.735588960232901 0.265165042919894 -1.92218658562446 2.35399964944897e-16 0.265165042919894 -1.92218658562446 2.35399964944897e-16 0.530330085839787 -1.77586884412619 0.735588960232901 0.530330085839787
-1.35919116940087 1.35919116940087 0.265165042919894 -1.77586884412619 0.735588960232901 0.265165042919894 -1.77586884412619 0.735588960232901 0.530330085839787 -1.35919116940087 1.35919116940087 0.530330085839787
-1.92218658562446 2.35399964944897e-16 0 -1.77586884412619 -0.7355889602329 0 -1.77586884412619 -0.7355889602329 0.265165042919894 -1.92218658562446 2.35399964944897e-16 0.265165042919894
-1.77586884412619 -0.7355889602329 0 -1.35919116940087 -1.35919116940087 0 -1.35919116940087 -1.35919116940087 0.265165042919894 -1.77586884412619 -0.7355889602329 0.265165042919894
-1.77586884412619 -0.7355889602329 0.265165042919894 -1.35919116940087 -1.35919116940087 0.265165042919894 -1.35919116940087 -1.35919116940087 0.530330085839787 -1.77586884412619 -0.7355889602329 0.530330085839787
-1.92218658562446 2.35399964944897e-16 0.265165042919894 -1.77586884412619 -0.7355889602329 0.265165042919894 -1.77586884412619 -0.7355889602329 0.530330085839787 -1.92218658562446 2.35399964944897e-16 0.530330085839787
-1.35919116940087 -1.35919116940087 0 -0.735588960232901 -1.77586884412619 0 -0.735588960232901 -1.77586884412619 0.265165042919894 -1.35919116940087 -1.35919116940087 0.265165042919894
-0.735588960232901 -1.77586884412619 0 -3.53099947417346e-16 -1.92218658562446 0 -3.53099947417346e-16 -1.92218658562446 0.265165042919894 -0.735588960232901 -1.77586884412619 0.265165042919894
-0.735588960232901 -1.77586884412619 0.265165042919894 -3.53099947417346e-16 -1.92218658562446 0.265165042919894 -3.53099947417346e-16 -1.92218658562446 0.530330085839787 -0.735588960232901 -1.77586884412619 0.530330085839787
-1.35919116940087 -1.35919116940087 0.265165042919894 -0.735588960232901 -1.77586884412619 0.265165042919894 -0.735588960232901 -1.77586884412619 0.530330085839787 -1.35919116940087 -1.35919116940087 0.530330085839787
-3.53099947417346e-16 -1.92218658562446 0 0.735588960232901 -1.77586884412619 0 0.735588960232901 -1.77586884412619 0.265165042919894 -3.53099947417346e-16 -1.92218658562446 0.265165042919894
0.735588960232901 -1.77586884412619 0 1.35919116940087 -1.35919116940087 0 1.35919116940087 -1.35919116940087 0.265165042919894 0.735588960232901 -1.77586884412619 0.265165042919894
0.735588960232901 -1.77586884412619 0.265165042919894 1.35919116940087 -1.35919116940087 0.265165042919894 1.35919116940087 -1.35919116940087 0.530330085839787 0.735588960232901 -1.77586884412619 0.530330085839787
-3.53099947417346e-16 -1.92218658562446 0.265165042919894 0.735588960232901 -1.77586884412619 0.265165042919894 0.735588960232901 -1.77586884412619 0.530330085839787 -3.53099947417346e-16 -1.92218658562446 0.530330085839787
1.35919116940087 -1.35919116940087 0 1.77586884412619 -0.735588960232901 0 1.77586884412619 -0.735588960232901 0.265165042919894 1.35919116940087 -1.35919116940087 0.265165042919894
1.77586884412619 -0.735588960232901 0 1.92218658562446 -4.70799929889795e-16 0 1.92218658562446 -4.70799929889795e-16 0.265165042919894 1.77586884412619 -0.735588960232901 0.265165042919894
1.77586884412619 -0.735588960232901 0.265165042919894 1.92218658562446 -4.70799929889795e-16 0.265165042919894 1.92218658562446 -4.70799929889795e-16 0.530330085839787 1.77586884412619 -0.735588960232901 0.530330085839787
1.35919116940087 -1.35919116940087 0.265165042919894 1.77586884412619 -0.735588960232901 0.265165042919894 1.77586884412619 -0.735588960232901 0.530330085839787 1.35919116940087 -1.35919116940087 0.530330085839787
1.92218658562446 0 0.530330085839787 1.77586884412619 0.735588960232901 0.530330085839787 1.77586884412619 0.735588960232901 0.795495128759681 1.92218658562446 0 0.795495128759681
1.77586884412619 0.735588960232901 0.530330085839787 1.35919116940087 1.35919116940087 0.530330085839787 1.35919116940087 1.35919116940087 0.795495128759681 1.77586884412619 0.735588960232901 0.795495128759681
1.77586884412619 0.735588960232901 0.795495128759681 1.35919116940087 1.35919116940087 0.795495128759681 1.35919116940087 1.35919116940087 1.06066017167957 1.77586884412619 0.735588960232901 1.06066017167957
1.92218658562446 0 0.795495128759681 1.77586884412619 0.735588960232901 0.795495128759681 1.77586884412619 0.735588960232901 1.06066017167957 1.92218658562446 0 1.06066017167957
1.35919116940087 1.35919116940087 0.530330085839787 0.735588960232901 1.77586884412619 0.530330085839787 0.735588960232901 1.77586884412619 0.795495128759681 1.35919116940087 1.35919116940087 0.795495128759681
0.735588960232901 1.77586884412619 0.530330085839787 1.17699982472449e-16 1.92218658562446 0.530330085839787 1.17699982472449e-16 1.92218658562446 0.795495128759681 0.735588960232901 1.77586884412619 0.795495128759681
0.735588960232901 1.77586884412619 0.795495128759681 1.17699982472449e-16 1.92218658562446 0.795495128759681 1.17699982472449e-16 1.92218658562446 1.06066017167957 0.735588960232901 1.77586884412619 1.06066017167957
1.35919116940087 1.35919116940087 0.795495128759681 0.735588960232901 1.77586884412619 0.795495128759681 0.735588960232901 1.77586884412619 1.06066017167957 1.35919116940087 1.35919116940087 1.06066017167957
1.17699982472449e-16 1.92218658562446 0.530330085839787 -0.735588960232901 1.77586884412619 0.530330085839787 -0.735588960232901 1.77586884412619 0.795495128759681 1.17699982472449e-16 1.92218658562446 0.795495128759681
-0.735588960232901 1.77586884412619 0.530330085839787 -1.35919116940087 1.35919116940087 0.530330085839787 -1.35919116940087 1.35919116940087 0.795495128759681 -0.735588960232901 1.77586884412619 0.795495128759681
-0.735588960232901 1.77586884412619 0.795495128759681 -1.35919116940087 1.35919116940087 0.795495128759681 -1.35919116940087 1.35919116940087 1.06066017167957 -0.735588960232901 1.77586884412619 1.06066017167957
1.17699982472449e-16 1.92218658562446 0.795495128759681 -0.735588960232901 1.77586884412619 0.795495128759681 -0.735588960232901 1.77586884412619 1.06066017167957 1.17699982472449e-16 1.92218658562446 1.06066017167957
-1.35919116940087 1.35919116940087 0.530330085839787 -1.77586884412619 0.735588960232901 0.530330085839787 -1.77586884412619 0.735588960232901 0.795495128759681 -1.35919116940087 1.35919116940087 0.795495128759681
-1.77586884412619 0.735588960232901 0.530330085839787 -1.92218658562446 2.35399964944897e-16 0.530330085839787 -1.92218658562446 2.35399964944897e-16 0.795495128759681 -1.77586884412619 0.735588960232901 0.795495128759681
-1.77586884412619 0.735588960232901 0.795495128759681 -1.92218658562446 2.35399964944897e-16 0.795495128759681 -1.92218658562446 2.35399964944897e-16 1.06066017167957 -1.77586884412619 0.735588960232901 1.06066017167957
-1.35919116940087 1.35919116940087 0.795495128759681 -1.77586884412619 0.735588960232901 0.795495128759681 -1.77586884412619 0.735588960232901 1.06066017167957 -1.35919116940087 1.35919116940087 1.06066017167957
-1.92218658562446 2.35399964944897e-16 0.530330085839787 -1.77586884412619 -0.7355889602329 0.530330085839787 -1.77586884412619 -0.7355889602329 0.795495128759681 -1.92218658562446 2.35399964944897e-16 0.795495128759681
-1.77586884412619 -0.7355889602329 0.530330085839787 -1.35919116940087 -1.35919116940087 0.530330085839787 -1.35919116940087 -1.35919116940087 0.795495128759681 -1.77586884412619 -0.7355889602329 0.795495128759681
-1.77586884412619 -0.7355889602329 0.795495128759681 -1.35919116940087 -1.35919116940087 0.795495128759681 -1.35919116940087 -1.35919116940087 1.06066017167957 -1.77586884412619 -0.7355889602329 1.06066017167957
-1.92218658562446 2.35399964944897e-16 0.795495128759681 -1.77586884412619 -0.7355889602329 0.795495128759681 -1.77586884412619 -0.7355889602329 1.06066017167957 -1.92218658562446 2.35399964944897e-16 1.06066017167957
-1.35919116940087 -1.35919116940087 0.530330085839787 -0.735588960232901 -1.77586884412619 0.530330085839787 -0.735588960232901 -1.77586884412619 0.795495128759681 -1.35919116940087 -1.35919116940087 0.795495128759681
-0.735588960232901 -1.77586884412619 0.530330085839787 -3.53099947417346e-16 -1.92218658562446 0.530330085839787 -3.53099947417346e-16 -1.92218658562446 0.795495128759681 -0.735588960232901 -1.77586884412619 0.795495128759681
-0.735588960232901 -1.77586884412619 0.795495128759681 -3.53099947417346e-16 -1.92218658562446 0.795495128759681 -3.53099947417346e-16 -1.92218658562446 1.06066017167957 -0.735588960232901 -1.77586884412619 1.06066017167957
-1.35919116940087 -1.35919116940087 0.795495128759681 -0.735588960232901 -1.77586884412619 0.795495128759681 -0.735588960232901 -1.77586884412619 1.06066017167957 -1.35919116940087 -1.35919116940087 1.06066017167957
-3.53099947417346e-16 -1.92218658562446 0.530330085839787 0.735588960232901 -1.77586884412619 0.530330085839787 0.735588960232901 -1.77586884412619 0.795495128759681 -3.53099947417346e-16 -1.92218658562446 0.795495128759681
0.735588960232901 -1.77586884412619 0.530330085839787 1.35919116940087 -1.35919116940087 0.530330085839787 1.35919116940087 -1.35919116940087 0.795495128759681 0.735588960232901 -1.77586884412619 0.795495128759681
0.735588960232901 -1.77586884412619 0.795495128759681 1.35919116940087 -1.35919116940087 0.795495128759681 1.35919116940087 -1.35919116940087 1.06066017167957 0.735588960232901 -1.77586884412619 1.06066017167957
-3.53099947417346e-16 -1.92218658562446 0.795495128759681 0.735588960232901 -1.77586884412619 0.795495128759681 0.735588960232901 -1.77586884412619 1.06066017167957 -3.53099947417346e-16 -1.92218658562446 1.06066017167957
1.35919116940087 -1.35919116940087 0.530330085839787 1.77586884412619 -0.735588960232901 0.530330085839787 1.77586884412619 -0.735588960232901 0.795495128759681 1.35919116940087 -1.35919116940087 0.795495128759681
1.77586884412619 -0.735588960232901 0.530330085839787 1.92218658562446 -4.70799929889795e-16 0.530330085839787 1.92218658562446 -4.70799929889795e-16 0.795495128759681 1.77586884412619 -0.735588960232901 0.795495128759681
1.77586884412619 -0.735588960232901 0.795495128759681 1.92218658562446 -4.70799929889795e-16 0.795495128759681 1.92218658562446 -4.70799929889795e-16 1.06066017167957 1.77586884412619 -0.735588960232901 1.06066017167957
1.35919116940087 -1.35919116940087 0.795495128759681 1.77586884412619 -0.735588960232901 0.795495128759681 1.77586884412619 -0.735588960232901 1.06066017167957 1.35919116940087 -1.35919116940087 1.06066017167957
