1 3 7 4
2 1 1 4
8 1 2 2
3 2 2 3
3 3 9 4
4 1 3 4
10 1 4 2
5 2 4 3
5 3 11 4
6 1 5 4
12 1 6 2
13 1 7 2
8 2 7 3
8 3 14 4
9 1 8 4
15 1 9 2
10 2 9 3
10 3 16 4
11 1 10 4
17 1 11 2
12 2 11 3
12 3 18 4
13 3 19 4
14 1 13 4
20 1 14 2
15 2 14 3
15 3 21 4
16 1 15 4
22 1 16 2
17 2 16 3
17 3 23 4
18 1 17 4
24 1 18 2
25 1 19 2
20 2 19 3
20 3 26 4
21 1 20 4
27 1 21 2
22 2 21 3
22 3 28 4
23 1 22 4
29 1 23 2
24 2 23 3
24 3 30 4
25 3 31 4
26 1 25 4
32 1 26 2
27 2 26 3
27 3 33 4
28 1 27 4
34 1 28 2
29 2 28 3
29 3 35 4
30 1 29 4
36 1 30 2
32 2 31 3
33 1 32 4
34 2 33 3
35 1 34 4
36 2 35 3
1 1 31 2
2 4 32 3
3 1 33 2
4 4 34 3
5 1 35 2
6 4 36 3
