0.857142857142858 4.98467480443948e-17 -6 0.857142857142858 2.82371314578304e-16 -9 0.357142857142857 0.866025403784439 -9 0.357142857142858 0.866025403784439 -6
0.357142857142858 0.866025403784439 -6 0.357142857142857 0.866025403784439 -3 0.857142857142858 2.82371314578304e-16 -3 0.857142857142858 4.98467480443948e-17 -6
0.857142857142858 4.98467480443948e-17 0 0.857142857142858 2.82371314578304e-16 -3 0.357142857142857 0.866025403784439 -3 0.357142857142858 0.866025403784439 0
0.357142857142858 0.866025403784439 0 0.357142857142857 0.866025403784439 3 0.857142857142858 2.82371314578304e-16 3 0.857142857142858 4.98467480443948e-17 0
0.857142857142858 4.98467480443948e-17 6 0.857142857142858 2.82371314578304e-16 3 0.357142857142857 0.866025403784439 3 0.357142857142858 0.866025403784439 6
0.357142857142858 0.866025403784439 6 0.357142857142857 0.866025403784439 9 0.857142857142858 2.82371314578304e-16 9 0.857142857142858 4.98467480443948e-17 6
-0.642857142857143 0.866025403784439 -9 -0.642857142857143 0.866025403784439 -6 0.357142857142858 0.866025403784439 -6 0.357142857142857 0.866025403784439 -9
0.357142857142857 0.866025403784439 -3 0.357142857142858 0.866025403784439 -6 -0.642857142857143 0.866025403784439 -6 -0.642857142857143 0.866025403784439 -3
-0.642857142857143 0.866025403784439 -3 -0.642857142857143 0.866025403784439 0 0.357142857142858 0.866025403784439 0 0.357142857142857 0.866025403784439 -3
0.357142857142857 0.866025403784439 3 0.357142857142858 0.866025403784439 0 -0.642857142857143 0.866025403784439 0 -0.642857142857143 0.866025403784439 3
-0.642857142857143 0.866025403784439 3 -0.642857142857143 0.866025403784439 6 0.357142857142858 0.866025403784439 6 0.357142857142857 0.866025403784439 3
0.357142857142857 0.866025403784439 9 0.357142857142858 0.866025403784439 6 -0.642857142857143 0.866025403784439 6 -0.642857142857143 0.866025403784439 9
-0.642857142857143 0.866025403784439 -6 -0.642857142857143 0.866025403784439 -9 -1.14285714285714 1.7231142795913e-16 -9 -1.14285714285714 6.16400637809193e-16 -6
-1.14285714285714 6.16400637809193e-16 -6 -1.14285714285714 1.7231142795913e-16 -3 -0.642857142857143 0.866025403784439 -3 -0.642857142857143 0.866025403784439 -6
-0.642857142857143 0.866025403784439 0 -0.642857142857143 0.866025403784439 -3 -1.14285714285714 1.7231142795913e-16 -3 -1.14285714285714 6.16400637809193e-16 0
-1.14285714285714 6.16400637809193e-16 0 -1.14285714285714 1.7231142795913e-16 3 -0.642857142857143 0.866025403784439 3 -0.642857142857143 0.866025403784439 0
-0.642857142857143 0.866025403784439 6 -0.642857142857143 0.866025403784439 3 -1.14285714285714 1.7231142795913e-16 3 -1.14285714285714 6.16400637809193e-16 6
-1.14285714285714 6.16400637809193e-16 6 -1.14285714285714 1.7231142795913e-16 9 -0.642857142857143 0.866025403784439 9 -0.642857142857143 0.866025403784439 6
-0.642857142857143 -0.866025403784439 -9 -0.642857142857143 -0.866025403784439 -6 -1.14285714285714 6.16400637809193e-16 -6 -1.14285714285714 1.7231142795913e-16 -9
-1.14285714285714 1.7231142795913e-16 -3 -1.14285714285714 6.16400637809193e-16 -6 -0.642857142857143 -0.866025403784439 -6 -0.642857142857143 -0.866025403784439 -3
-0.642857142857143 -0.866025403784439 -3 -0.642857142857143 -0.866025403784439 0 -1.14285714285714 6.16400637809193e-16 0 -1.14285714285714 1.7231142795913e-16 -3
-1.14285714285714 1.7231142795913e-16 3 -1.14285714285714 6.16400637809193e-16 0 -0.642857142857143 -0.866025403784439 0 -0.642857142857143 -0.866025403784439 3
-0.642857142857143 -0.866025403784439 3 -0.642857142857143 -0.866025403784439 6 -1.14285714285714 6.16400637809193e-16 6 -1.14285714285714 1.7231142795913e-16 3
-1.14285714285714 1.7231142795913e-16 9 -1.14285714285714 6.16400637809193e-16 6 -0.642857142857143 -0.866025403784439 6 -0.642857142857143 -0.866025403784439 9
-0.642857142857143 -0.866025403784439 -6 -0.642857142857143 -0.866025403784439 -9 0.357142857142857 -0.866025403784439 -9 0.357142857142857 -0.866025403784439 -6
0.357142857142857 -0.866025403784439 -6 0.357142857142857 -0.866025403784439 -3 -0.642857142857143 -0.866025403784439 -3 -0.642857142857143 -0.866025403784439 -6
-0.642857142857143 -0.866025403784439 0 -0.642857142857143 -0.866025403784439 -3 0.357142857142857 -0.866025403784439 -3 0.357142857142857 -0.866025403784439 0
0.357142857142857 -0.866025403784439 0 0.357142857142857 -0.866025403784439 3 -0.642857142857143 -0.866025403784439 3 -0.642857142857143 -0.866025403784439 0
-0.642857142857143 -0.866025403784439 6 -0.642857142857143 -0.866025403784439 3 0.357142857142857 -0.866025403784439 3 0.357142857142857 -0.866025403784439 6
0.357142857142857 -0.866025403784439 6 0.357142857142857 -0.866025403784439 9 -0.642857142857143 -0.866025403784439 9 -0.642857142857143 -0.866025403784439 6
0.857142857142858 -1.0832610314852e-15 -9 0.857142857142858 -1.95082611785076e-16 -6 0.357142857142857 -0.866025403784439 -6 0.357142857142857 -0.866025403784439 -9
0.357142857142857 -0.866025403784439 -3 0.357142857142857 -0.866025403784439 -6 0.857142857142858 -1.95082611785076e-16 -6 0.857142857142858 -1.0832610314852e-15 -3
0.857142857142858 -1.0832610314852e-15 -3 0.857142857142858 -1.95082611785076e-16 0 0.357142857142857 -0.866025403784439 0 0.357142857142857 -0.866025403784439 -3
0.357142857142857 -0.866025403784439 3 0.357142857142857 -0.866025403784439 0 0.857142857142858 -1.95082611785076e-16 0 0.857142857142858 -1.0832610314852e-15 3
0.857142857142858 -1.0832610314852e-15 3 0.857142857142858 -1.95082611785076e-16 6 0.357142857142857 -0.866025403784439 6 0.357142857142857 -0.866025403784439 3
0.357142857142857 -0.866025403784439 9 0.357142857142857 -0.866025403784439 6 0.857142857142858 -1.95082611785076e-16 6 0.857142857142858 -1.0832610314852e-15 9
