1.71428571428571 -3.1720657846433e-17 -3 0.714285714285715 1.73205080756888 -3 0.714285714285715 1.73205080756888 -2 1.71428571428571 -3.1720657846433e-17 -2
1.71428571428571 -3.1720657846433e-17 -2 0.714285714285715 1.73205080756888 -2 0.714285714285715 1.73205080756888 -1 1.71428571428571 -3.1720657846433e-17 -1
1.71428571428571 -3.1720657846433e-17 -1 0.714285714285715 1.73205080756888 -1 0.714285714285715 1.73205080756888 0 1.71428571428571 -3.1720657846433e-17 0
1.71428571428571 -3.1720657846433e-17 0 0.714285714285715 1.73205080756888 0 0.714285714285715 1.73205080756888 1 1.71428571428571 -3.1720657846433e-17 1
1.71428571428571 -3.1720657846433e-17 1 0.714285714285715 1.73205080756888 1 0.714285714285715 1.73205080756888 2 1.71428571428571 -3.1720657846433e-17 2
1.71428571428571 -3.1720657846433e-17 2 0.714285714285715 1.73205080756888 2 0.714285714285715 1.73205080756888 3 1.71428571428571 -3.1720657846433e-17 3
0.714285714285715 1.73205080756888 -3 -1.28571428571429 1.73205080756888 -3 -1.28571428571429 1.73205080756888 -2 0.714285714285715 1.73205080756888 -2
0.714285714285715 1.73205080756888 -2 -1.28571428571429 1.73205080756888 -2 -1.28571428571429 1.73205080756888 -1 0.714285714285715 1.73205080756888 -1
0.714285714285715 1.73205080756888 -1 -1.28571428571429 1.73205080756888 -1 -1.28571428571429 1.73205080756888 0 0.714285714285715 1.73205080756888 0
0.714285714285715 1.73205080756888 0 -1.28571428571429 1.73205080756888 0 -1.28571428571429 1.73205080756888 1 0.714285714285715 1.73205080756888 1
0.714285714285715 1.73205080756888 1 -1.28571428571429 1.73205080756888 1 -1.28571428571429 1.73205080756888 2 0.714285714285715 1.73205080756888 2
0.714285714285715 1.73205080756888 2 -1.28571428571429 1.73205080756888 2 -1.28571428571429 1.73205080756888 3 0.714285714285715 1.73205080756888 3
-1.28571428571429 1.73205080756888 -3 -2.28571428571429 2.13208701983038e-16 -3 -2.28571428571429 2.13208701983038e-16 -2 -1.28571428571429 1.73205080756888 -2
-1.28571428571429 1.73205080756888 -2 -2.28571428571429 2.13208701983038e-16 -2 -2.28571428571429 2.13208701983038e-16 -1 -1.28571428571429 1.73205080756888 -1
-1.28571428571429 1.73205080756888 -1 -2.28571428571429 2.13208701983038e-16 -1 -2.28571428571429 2.13208701983038e-16 0 -1.28571428571429 1.73205080756888 0
-1.28571428571429 1.73205080756888 0 -2.28571428571429 2.13208701983038e-16 0 -2.28571428571429 2.13208701983038e-16 1 -1.28571428571429 1.73205080756888 1
-1.28571428571429 1.73205080756888 1 -2.28571428571429 2.13208701983038e-16 1 -2.28571428571429 2.13208701983038e-16 2 -1.28571428571429 1.73205080756888 2
-1.28571428571429 1.73205080756888 2 -2.28571428571429 2.13208701983038e-16 2 -2.28571428571429 2.13208701983038e-16 3 -1.28571428571429 1.73205080756888 3
-2.28571428571429 2.13208701983038e-16 -3 -1.28571428571429 -1.73205080756888 -3 -1.28571428571429 -1.73205080756888 -2 -2.28571428571429 2.13208701983038e-16 -2
-2.28571428571429 2.13208701983038e-16 -2 -1.28571428571429 -1.73205080756888 -2 -1.28571428571429 -1.73205080756888 -1 -2.28571428571429 2.13208701983038e-16 -1
-2.28571428571429 2.13208701983038e-16 -1 -1.28571428571429 -1.73205080756888 -1 -1.28571428571429 -1.73205080756888 0 -2.28571428571429 2.13208701983038e-16 0
-2.28571428571429 2.13208701983038e-16 0 -1.28571428571429 -1.73205080756888 0 -1.28571428571429 -1.73205080756888 1 -2.28571428571429 2.13208701983038e-16 1
-2.28571428571429 2.13208701983038e-16 1 -1.28571428571429 -1.73205080756888 1 -1.28571428571429 -1.73205080756888 2 -2.28571428571429 2.13208701983038e-16 2
-2.28571428571429 2.13208701983038e-16 2 -1.28571428571429 -1.73205080756888 2 -1.28571428571429 -1.73205080756888 3 -2.28571428571429 2.13208701983038e-16 3
-1.28571428571429 -1.73205080756888 -3 0.714285714285715 -1.73205080756888 -3 0.714285714285715 -1.73205080756888 -2 -1.28571428571429 -1.73205080756888 -2
-1.28571428571429 -1.73205080756888 -2 0.714285714285715 -1.73205080756888 -2 0.714285714285715 -1.73205080756888 -1 -1.28571428571429 -1.73205080756888 -1
-1.28571428571429 -1.73205080756888 -1 0.714285714285715 -1.73205080756888 -1 0.714285714285715 -1.73205080756888 0 -1.28571428571429 -1.73205080756888 0
-1.28571428571429 -1.73205080756888 0 0.714285714285715 -1.73205080756888 0 0.714285714285715 -1.73205080756888 1 -1.28571428571429 -1.73205080756888 1
-1.28571428571429 -1.73205080756888 1 0.714285714285715 -1.73205080756888 1 0.714285714285715 -1.73205080756888 2 -1.28571428571429 -1.73205080756888 2
-1.28571428571429 -1.73205080756888 2 0.714285714285715 -1.73205080756888 2 0.714285714285715 -1.73205080756888 3 -1.28571428571429 -1.73205080756888 3
0.714285714285715 -1.73205080756888 -3 1.71428571428571 -5.21579377505374e-16 -3 1.71428571428571 -5.21579377505374e-16 -2 0.714285714285715 -1.73205080756888 -2
0.714285714285715 -1.73205080756888 -2 1.71428571428571 -5.21579377505374e-16 -2 1.71428571428571 -5.21579377505374e-16 -1 0.714285714285715 -1.73205080756888 -1
0.714285714285715 -1.73205080756888 -1 1.71428571428571 -5.21579377505374e-16 -1 1.71428571428571 -5.21579377505374e-16 0 0.714285714285715 -1.73205080756888 0
0.714285714285715 -1.73205080756888 0 1.71428571428571 -5.21579377505374e-16 0 1.71428571428571 -5.21579377505374e-16 1 0.714285714285715 -1.73205080756888 1
0.714285714285715 -1.73205080756888 1 1.71428571428571 -5.21579377505374e-16 1 1.71428571428571 -5.21579377505374e-16 2 0.714285714285715 -1.73205080756888 2
0.714285714285715 -1.73205080756888 2 1.71428571428571 -5.21579377505374e-16 2 1.71428571428571 -5.21579377505374e-16 3 0.714285714285715 -1.73205080756888 3
