-2.22942876657888 -1.27015844190315 0 -1.48988013744539 -1.29341587219501 0 -1.48435542421477 -1.20454999739417 0 -2.23599300083841 -1.14266282112329 0
-1.44356615072851 -1.28369555780922 0 -0.75197505067111 -1.01189641696087 0 -0.807171746958214 -0.87256961612999 0 -1.48435542421477 -1.20454999739417 0
-1.55880932378097 -0.810682439135724 0 -0.807171746958214 -0.87256961612999 0 -0.783183618564454 -0.724640118221935 0 -1.54649156546936 -0.591187887559733 0
-2.23599300083841 -1.14266282112329 0 -1.55880932378097 -0.810682439135724 0 -1.66069680809413 -0.615878376377871 0 -2.3069564201096 -1.0365380775716 0
-0.75197505067111 -1.01189641696087 0 -0.0188008764748208 -1.13284722915776 0 1.63358817187764e-16 -1.06464324452356 0 -0.72798692222663 -0.863966918565006 0
0.018800876474821 -1.13284722915776 0 0.75197505067111 -1.01189641696087 0 0.72798692222663 -0.863966918565006 0 1.63358817187764e-16 -1.06464324452356 0
9.79820944053416e-17 -0.663290592054186 0 0.72798692222663 -0.863966918565006 0 0.783183618564454 -0.724640118221935 0 0.0593091539127407 -0.448136998533798 0
-0.72798692222663 -0.863966918565006 0 9.79820944053416e-17 -0.663290592054186 0 -0.0593091539127406 -0.448136998533798 0 -0.783183618564454 -0.724640118221935 0
0.75197505067111 -1.01189641696087 0 1.44356615072851 -1.28369555780922 0 1.48435542421477 -1.20454999739417 0 0.807171746958214 -0.87256961612999 0
1.48988013744539 -1.29341587219501 0 2.22942876657888 -1.27015844190315 0 2.23599300083841 -1.14266282112329 0 1.48435542421477 -1.20454999739417 0
1.55880932378097 -0.810682439135724 0 2.23599300083841 -1.14266282112329 0 2.3069564201096 -1.0365380775716 0 1.66069680809413 -0.615878376377871 0
0.807171746958214 -0.87256961612999 0 1.55880932378097 -0.810682439135724 0 1.54649156546936 -0.591187887559733 0 0.783183618564454 -0.724640118221935 0
-2.43121638147748 -0.645990144463086 0 -1.66069680809413 -0.615878376377871 0 -1.64837904991784 -0.396383825611216 0 -2.44626807073525 -0.338972118751655 0
-1.54649156546936 -0.591187887559733 0 -0.822617100911347 -0.314684767059071 0 -0.933770058497223 -0.0368617669052718 0 -1.64837904991784 -0.396383825611216 0
-1.73165907943336 0.0205499405671077 0 -0.933770058497223 -0.0368617669052718 0 -0.886871226135234 0.258673306444379 0 -1.71195810790949 0.418817345988389 0
-2.44626807073525 -0.338972118751655 0 -1.73165907943336 0.0205499405671077 0 -1.91880682411584 0.372659539515592 0 -2.61650493346828 -0.0830304139407616 0
-0.822617100911347 -0.314684767059071 0 -0.0593091539127406 -0.448136998533798 0 4.60137863923865e-17 -0.232983405968059 0 -0.775718268372082 -0.0191496928886092 0
0.0593091539127407 -0.448136998533798 0 0.822617100911347 -0.314684767059071 0 0.775718268372082 -0.0191496928886092 0 4.60137863923865e-17 -0.232983405968059 0
-5.84746289824121e-17 0.19468402075395 0 0.775718268372082 -0.0191496928886092 0 0.886871226135234 0.258673306444379 0 0.0962674470520389 0.543908766944925 0
-0.775718268372082 -0.0191496928886092 0 -5.84746289824121e-17 0.19468402075395 0 -0.0962674470520388 0.543908766944925 0 -0.886871226135234 0.258673306444379 0
0.822617100911347 -0.314684767059071 0 1.54649156546936 -0.591187887559733 0 1.64837904991784 -0.396383825611216 0 0.933770058497223 -0.0368617669052718 0
1.66069680809413 -0.615878376377871 0 2.43121638147748 -0.645990144463086 0 2.44626807073525 -0.338972118751655 0 1.64837904991784 -0.396383825611216 0
1.73165907943336 0.0205499405671077 0 2.44626807073525 -0.338972118751655 0 2.61650493346828 -0.0830304139407616 0 1.91880682411584 0.372659539515592 0
0.933770058497223 -0.0368617669052718 0 1.73165907943336 0.0205499405671077 0 1.71195810790949 0.418817345988389 0 0.886871226135234 0.258673306444379 0
-2.75144850717513 0.33882186428076 0 -1.91880682411584 0.372659539515592 0 -1.89910585314118 0.770926944383811 0 -2.77572513413887 0.905914239544879 0
-1.71195810790949 0.418817345988389 0 -0.921354328855917 0.704052806898833 0 -1.0771389531807 1.10416957370343 0 -1.89910585314118 0.770926944383811 0
-1.95375823422541 1.23915686933231 0 -1.0771389531807 1.10416957370343 0 -1.00590557925533 1.52759371884284 0 -1.92403616009408 1.68023614521849 0
-2.77572513413887 0.905914239544879 0 -1.95375823422541 1.23915686933231 0 -2.15423855537376 1.63316443256843 0 -3.08714166764248 1.38047116007112 0
-0.921354328855917 0.704052806898833 0 -0.0962674470520388 0.543908766944925 0 2.75468823983957e-18 0.893133512685585 0 -0.850120954499954 1.12747695219179 0
0.0962674470520389 0.543908766944925 0 0.921354328855917 0.704052806898833 0 0.850120954499954 1.12747695219179 0 2.75468823983957e-18 0.893133512685585 0
7.38612956698707e-17 1.36182039235414 0 0.850120954499954 1.12747695219179 0 1.00590557925533 1.52759371884284 0 0.139242999375744 1.86694555013778 0
-0.850120954499954 1.12747695219179 0 7.38612956698707e-17 1.36182039235414 0 -0.139242999375743 1.86694555013778 0 -1.00590557925533 1.52759371884284 0
0.921354328855917 0.704052806898833 0 1.71195810790949 0.418817345988389 0 1.89910585314118 0.770926944383811 0 1.0771389531807 1.10416957370343 0
1.91880682411584 0.372659539515592 0 2.75144850717513 0.33882186428076 0 2.77572513413887 0.905914239544879 0 1.89910585314118 0.770926944383811 0
1.95375823422541 1.23915686933231 0 2.77572513413887 0.905914239544879 0 3.08714166764248 1.38047116007112 0 2.15423855537376 1.63316443256843 0
1.0771389531807 1.10416957370343 0 1.95375823422541 1.23915686933231 0 1.92403616009408 1.68023614521849 0 1.00590557925533 1.52759371884284 0
