0.5 0.8 0 0.35 1.6 0 -0.0645833333333335 0.6625 0 0.25 0.4 0
0.25 0.4 0 0.564583333333333 0.1375 0 0.564583333333334 0.8 0 0.5 0.8 0
0.629166666666667 0.8 0 0.564583333333334 0.8 0 0.564583333333333 0.1375 0 0.879166666666667 0.4 0
0.879166666666667 0.4 0 1.19375 0.6625 0 0.779166666666669 1.6 0 0.629166666666668 0.800000000000001 0
-0.479166666666667 -0.275 0 -0.0791666666666665 -0.525 0 0.25 0.4 0 -0.0645833333333335 0.6625 0
0.564583333333333 0.1375 0 0.25 0.4 0 -0.079166666666665 -0.525000000000001 0 0.564583333333333 -0.525 0
0.564583333333333 -0.525 0 1.20833333333333 -0.525000000000001 0 0.879166666666667 0.4 0 0.564583333333333 0.1375 0
1.19375 0.6625 0 0.879166666666667 0.4 0 1.20833333333333 -0.525000000000001 0 1.60833333333333 -0.274999999999999 0
-0.0791666666666665 -0.525 0 -0.479166666666667 -0.275 0 -1.38125 -1.5375 0 -0.408333333333333 -1.45 0
-0.408333333333333 -1.45 0 0.564583333333334 -1.3625 0 0.564583333333335 -0.525000000000001 0 -0.079166666666665 -0.525000000000001 0
1.20833333333333 -0.525000000000001 0 0.564583333333335 -0.525000000000001 0 0.564583333333335 -1.3625 0 1.5375 -1.45 0
1.5375 -1.45 0 2.51041666666667 -1.5375 0 1.60833333333333 -0.275 0 1.20833333333333 -0.525000000000001 0
-2.28333333333333 -2.8 0 -1.03333333333333 -2.2 0 -0.408333333333332 -1.45 0 -1.38125 -1.5375 0
0.564583333333334 -1.3625 0 -0.408333333333332 -1.45 0 -1.03333333333333 -2.2 0 0.564583333333337 -2.2 0
0.564583333333337 -2.2 0 2.1625 -2.2 0 1.5375 -1.45 0 0.564583333333335 -1.3625 0
2.51041666666667 -1.5375 0 1.5375 -1.45 0 2.1625 -2.2 0 3.4125 -2.8 0
