1 3 5 4 1
6 2 5 3 1
6 1 2 2 1
2 1 1 4 1
7 1 6 4 1
3 3 7 4 1
3 2 2 3 1
8 2 7 3 1
8 1 4 2 1
4 1 3 4 1
9 1 5 2 1
10 1 9 4 1
6 3 10 4 1
11 2 10 3 1
11 1 7 2 1
12 1 11 4 1
8 3 12 4 1
9 3 13 4 1
14 2 13 3 1
14 1 10 2 1
15 1 14 4 1
11 3 15 4 1
16 2 15 3 1
16 1 12 2 1
1 3 5 4 2
6 2 5 3 2
6 1 2 2 2
2 1 1 4 2
7 1 6 4 2
3 3 7 4 2
3 2 2 3 2
8 2 7 3 2
8 1 4 2 2
4 1 3 4 2
9 1 5 2 2
10 1 9 4 2
6 3 10 4 2
11 2 10 3 2
11 1 7 2 2
12 1 11 4 2
8 3 12 4 2
9 3 13 4 2
14 2 13 3 2
14 1 10 2 2
15 1 14 4 2
11 3 15 4 2
16 2 15 3 2
16 1 12 2 2
