0 2 1 3
4 0 1 1
3 0 0 3
2 1 1 2
2 0 3 1
2 2 7 3
16 1 3 2
17 0 2 3
4 2 5 3
8 0 5 1
7 0 4 3
6 1 5 2
6 0 7 1
6 2 11 3
20 1 7 2
21 0 6 3
58 2 63 3
8 2 9 3
12 0 9 1
11 0 8 3
10 1 9 2
62 1 61 2
10 0 11 1
10 2 15 3
24 1 11 2
25 0 10 3
60 0 57 1
12 2 13 3
15 0 12 3
14 1 13 2
61 0 46 3
14 0 15 1
28 1 15 2
29 0 14 3
62 0 63 1
16 2 17 3
20 0 17 1
19 0 16 3
18 1 17 2
18 0 19 1
18 2 23 3
32 1 19 2
33 0 18 3
63 0 60 3
58 1 57 2
20 2 21 3
24 0 21 1
23 0 20 3
22 1 21 2
59 0 56 3
22 0 23 1
22 2 27 3
36 1 23 2
37 0 22 3
60 1 47 2
56 0 53 1
24 2 25 3
28 0 25 1
27 0 24 3
26 1 25 2
57 0 42 3
26 0 27 1
26 2 31 3
40 1 27 2
41 0 26 3
58 0 59 1
54 2 59 3
54 0 55 1
28 2 29 3
31 0 28 3
30 1 29 2
54 1 53 2
30 0 31 1
44 1 31 2
45 0 30 3
56 2 57 3
32 2 33 3
36 0 33 1
35 0 32 3
34 1 33 2
34 0 35 1
34 2 39 3
48 1 35 2
49 0 34 3
56 1 43 2
52 1 39 2
36 2 37 3
40 0 37 1
39 0 36 3
38 1 37 2
38 0 39 1
38 2 43 3
53 0 38 3
55 0 52 3
52 2 53 3
50 1 49 2
40 2 41 3
44 0 41 1
43 0 40 3
42 1 41 2
51 0 48 3
42 0 43 1
42 2 47 3
50 0 51 1
50 2 55 3
52 0 49 1
48 2 49 3
44 2 45 3
47 0 44 3
46 1 45 2
46 0 47 1
60 2 61 3
