151 3 156 2
23 3 28 4
135 3 140 2
7 3 12 4
71 3 76 4
118 2 121 1
87 3 92 4
102 2 105 1
166 4 169 1
38 2 41 1
182 4 185 1
54 2 57 1
199 3 204 2
246 4 249 1
215 3 220 2
230 4 233 1
134 3 135 4
6 3 7 2
70 3 71 2
118 3 119 2
182 3 183 4
54 3 55 2
198 3 199 4
246 3 247 4
150 3 151 4
22 3 23 2
86 3 87 2
102 3 103 2
166 3 167 4
38 3 39 2
214 3 215 4
230 3 231 4
135 2 150 1
7 4 22 1
71 4 86 1
103 4 118 1
167 2 182 1
39 4 54 1
199 2 214 1
231 2 246 1
87 4 102 1
151 2 166 1
23 4 38 1
215 2 230 1
133 3 134 2
5 3 6 4
69 3 70 4
119 1 120 2
183 1 184 4
55 1 56 2
197 3 198 2
247 1 248 4
135 1 136 4
7 1 8 2
71 1 72 2
117 3 118 4
181 3 182 2
53 3 54 4
199 1 200 4
245 3 246 2
149 3 150 2
21 3 22 4
85 3 86 4
103 1 104 2
167 1 168 4
39 1 40 2
213 3 214 2
231 1 232 4
151 1 152 4
23 1 24 2
87 1 88 2
101 3 102 4
165 3 166 2
37 3 38 4
215 1 216 4
229 3 230 2
136 3 149 4
8 3 21 2
72 3 85 2
104 3 117 2
168 3 181 4
40 3 53 2
200 3 213 4
232 3 245 4
88 3 101 2
152 3 165 4
24 3 37 2
216 3 229 4
149 2 152 1
21 4 24 1
85 4 88 1
101 4 104 1
165 2 168 1
37 4 40 1
213 2 216 1
229 2 232 1
133 2 136 1
5 4 8 1
69 4 72 1
117 4 120 1
181 2 184 1
53 4 56 1
197 2 200 1
245 2 248 1
131 3 136 2
3 3 8 4
67 3 72 4
114 2 117 1
178 4 181 1
50 2 53 1
195 3 200 2
242 4 245 1
130 4 133 1
2 2 5 1
66 2 69 1
115 3 120 4
179 3 184 2
51 3 56 4
194 4 197 1
243 3 248 2
147 3 152 2
19 3 24 4
83 3 88 4
98 2 101 1
162 4 165 1
34 2 37 1
211 3 216 2
226 4 229 1
146 4 149 1
18 2 21 1
82 2 85 1
99 3 104 4
163 3 168 2
35 3 40 4
210 4 213 1
227 3 232 2
130 3 131 4
2 3 3 2
66 3 67 2
114 3 115 2
178 3 179 4
50 3 51 2
194 3 195 4
242 3 243 4
131 2 146 1
3 4 18 1
67 4 82 1
99 4 114 1
163 2 178 1
35 4 50 1
195 2 210 1
227 2 242 1
83 4 98 1
147 2 162 1
19 4 34 1
211 2 226 1
146 3 147 4
18 3 19 2
82 3 83 2
98 3 99 2
162 3 163 4
34 3 35 2
210 3 211 4
226 3 227 4
129 3 130 2
1 3 2 4
65 3 66 4
115 1 116 2
179 1 180 4
51 1 52 2
193 3 194 2
243 1 244 4
131 1 132 4
3 1 4 2
67 1 68 2
113 3 114 4
177 3 178 2
49 3 50 4
195 1 196 4
241 3 242 2
145 3 146 2
17 3 18 4
81 3 82 4
99 1 100 2
163 1 164 4
35 1 36 2
209 3 210 2
227 1 228 4
147 1 148 4
19 1 20 2
83 1 84 2
97 3 98 4
161 3 162 2
33 3 34 4
211 1 212 4
225 3 226 2
129 2 132 1
1 4 4 1
65 4 68 1
113 4 116 1
177 2 180 1
49 4 52 1
193 2 196 1
241 2 244 1
65 1 321 1
116 4 372 2
193 1 334 4
244 2 383 3
132 3 145 4
4 3 17 2
68 3 81 2
100 3 113 2
164 3 177 4
36 3 49 2
196 3 209 4
228 3 241 4
145 2 148 1
17 4 20 1
81 4 84 1
97 4 100 1
161 2 164 1
33 4 36 1
209 2 212 1
225 2 228 1
84 3 97 2
148 3 161 4
20 3 33 2
212 3 225 4
321 2 324 1
369 2 372 1
334 3 335 4
382 3 383 4
321 3 322 2
371 1 372 4
333 3 334 2
383 1 384 4
81 1 337 1
100 4 356 2
209 1 350 4
228 2 367 3
84 4 340 2
97 1 353 1
212 2 351 3
225 1 366 4
322 4 325 1
371 3 376 2
330 4 333 1
379 3 384 2
324 3 337 4
356 3 369 4
335 2 350 1
367 2 382 1
323 1 324 4
369 3 370 2
335 1 336 4
381 3 382 2
322 3 323 4
370 3 371 4
333 2 336 1
381 2 384 1
325 3 326 2
375 1 376 4
329 3 330 2
379 1 380 4
326 4 329 1
375 3 380 2
340 3 353 4
351 2 366 1
337 2 340 1
353 2 356 1
350 3 351 4
366 3 367 4
325 2 328 1
373 2 376 1
330 3 331 4
378 3 379 4
337 3 338 2
355 1 356 4
349 3 350 2
367 1 368 4
323 2 338 1
355 2 370 1
336 3 349 4
368 3 381 4
323 3 328 2
370 4 373 1
331 3 336 2
378 4 381 1
339 1 340 4
353 3 354 2
351 1 352 4
365 3 366 2
326 3 327 4
374 3 375 4
329 2 332 1
377 2 380 1
338 3 339 4
354 3 355 4
349 2 352 1
365 2 368 1
327 3 332 2
374 4 377 1
327 1 328 4
373 3 374 2
338 4 341 1
355 3 360 2
331 1 332 4
377 3 378 2
346 4 349 1
363 3 368 2
328 3 341 4
360 3 373 4
331 2 346 1
363 2 378 1
339 2 354 1
352 3 365 4
327 2 342 1
359 2 374 1
332 3 345 4
364 3 377 4
339 3 344 2
354 4 357 1
347 3 352 2
362 4 365 1
341 2 344 1
357 2 360 1
346 3 347 4
362 3 363 4
341 3 342 2
359 1 360 4
345 3 346 2
363 1 364 4
342 4 345 1
359 3 364 2
344 3 357 4
347 2 362 1
343 1 344 4
357 3 358 2
347 1 348 4
361 3 362 2
342 3 343 4
358 3 359 4
345 2 348 1
361 2 364 1
343 2 358 1
348 3 361 4
343 3 348 2
358 4 361 1
150 4 153 1
22 2 25 1
134 4 137 1
6 2 9 1
70 2 73 1
119 3 124 4
86 2 89 1
103 3 108 4
167 3 172 2
39 3 44 4
183 3 188 2
55 3 60 4
198 4 201 1
247 3 252 2
214 4 217 1
231 3 236 2
137 2 140 1
9 4 12 1
73 4 76 1
121 4 124 1
185 2 188 1
57 4 60 1
201 2 204 1
249 2 252 1
153 2 156 1
25 4 28 1
89 4 92 1
105 4 108 1
169 2 172 1
41 4 44 1
217 2 220 1
233 2 236 1
140 3 153 4
12 3 25 2
76 3 89 2
108 3 121 2
172 3 185 4
44 3 57 2
204 3 217 4
236 3 249 4
92 3 105 2
156 3 169 4
28 3 41 2
220 3 233 4
137 3 138 2
9 3 10 4
73 3 74 4
123 1 124 2
187 1 188 4
59 1 60 2
201 3 202 2
251 1 252 4
139 1 140 4
11 1 12 2
75 1 76 2
121 3 122 4
185 3 186 2
57 3 58 4
203 1 204 4
249 3 250 2
153 3 154 2
25 3 26 4
89 3 90 4
107 1 108 2
171 1 172 4
43 1 44 2
217 3 218 2
235 1 236 4
155 1 156 4
27 1 28 2
91 1 92 2
105 3 106 4
169 3 170 2
41 3 42 4
219 1 220 4
233 3 234 2
139 2 154 1
11 4 26 1
75 4 90 1
107 4 122 1
171 2 186 1
43 4 58 1
203 2 218 1
235 2 250 1
91 4 106 1
155 2 170 1
27 4 42 1
219 2 234 1
154 3 155 4
26 3 27 2
90 3 91 2
106 3 107 2
170 3 171 4
42 3 43 2
218 3 219 4
234 3 235 4
138 3 139 4
10 3 11 2
74 3 75 2
122 3 123 2
186 3 187 4
58 3 59 2
202 3 203 4
250 3 251 4
139 3 144 2
11 3 16 4
75 3 80 4
122 2 125 1
186 4 189 1
58 2 61 1
203 3 208 2
250 4 253 1
138 4 141 1
10 2 13 1
74 2 77 1
123 3 128 4
187 3 192 2
59 3 64 4
202 4 205 1
251 3 256 2
155 3 160 2
27 3 32 4
91 3 96 4
106 2 109 1
170 4 173 1
42 2 45 1
219 3 224 2
234 4 237 1
154 4 157 1
26 2 29 1
90 2 93 1
107 3 112 4
171 3 176 2
43 3 48 4
218 4 221 1
235 3 240 2
141 2 144 1
13 4 16 1
77 4 80 1
125 4 128 1
189 2 192 1
61 4 64 1
205 2 208 1
253 2 256 1
144 3 157 4
16 3 29 2
80 3 93 2
112 3 125 2
176 3 189 4
48 3 61 2
208 3 221 4
240 3 253 4
96 3 109 2
160 3 173 4
32 3 45 2
224 3 237 4
157 2 160 1
29 4 32 1
93 4 96 1
109 4 112 1
173 2 176 1
45 4 48 1
221 2 224 1
237 2 240 1
141 3 142 2
13 3 14 4
77 3 78 4
127 1 128 2
191 1 192 4
63 1 64 2
205 3 206 2
255 1 256 4
143 1 144 4
15 1 16 2
79 1 80 2
125 3 126 4
189 3 190 2
61 3 62 4
207 1 208 4
253 3 254 2
157 3 158 2
29 3 30 4
93 3 94 4
111 1 112 2
175 1 176 4
47 1 48 2
221 3 222 2
239 1 240 4
159 1 160 4
31 1 32 2
95 1 96 2
109 3 110 4
173 3 174 2
45 3 46 4
223 1 224 4
237 3 238 2
142 3 143 4
14 3 15 2
78 3 79 2
126 3 127 2
190 3 191 4
62 3 63 2
206 3 207 4
254 3 255 4
78 2 257 1
127 3 308 4
206 4 270 2
255 3 319 3
143 2 158 1
15 4 30 1
79 4 94 1
111 4 126 1
175 2 190 1
47 4 62 1
207 2 222 1
239 2 254 1
158 3 159 4
30 3 31 2
94 3 95 2
110 3 111 2
174 3 175 4
46 3 47 2
222 3 223 4
238 3 239 4
95 4 110 1
159 2 174 1
31 4 46 1
223 2 238 1
257 4 260 1
305 4 308 1
270 3 271 2
318 3 319 2
257 3 258 4
307 1 308 2
269 3 270 4
319 1 320 2
94 2 273 1
111 3 292 4
222 4 286 2
239 3 303 3
95 3 276 4
110 2 289 1
223 3 287 3
238 4 302 2
258 2 261 1
307 3 312 4
266 2 269 1
315 3 320 4
260 3 273 2
292 3 305 2
271 4 286 1
303 4 318 1
259 1 260 2
305 3 306 4
271 1 272 2
317 3 318 4
258 3 259 2
306 3 307 2
269 4 272 1
317 4 320 1
261 3 262 4
311 1 312 2
265 3 266 4
315 1 316 2
262 2 265 1
311 3 316 4
276 3 289 2
287 4 302 1
273 4 276 1
289 4 292 1
286 3 287 2
302 3 303 2
261 4 264 1
309 4 312 1
266 3 267 2
314 3 315 2
273 3 274 4
291 1 292 2
285 3 286 4
303 1 304 2
259 4 274 1
291 4 306 1
272 3 285 2
304 3 317 2
259 3 264 4
306 2 309 1
267 3 272 4
314 2 317 1
275 1 276 2
289 3 290 4
287 1 288 2
301 3 302 4
262 3 263 2
310 3 311 2
265 4 268 1
313 4 316 1
274 3 275 2
290 3 291 2
285 4 288 1
301 4 304 1
263 3 268 4
310 2 313 1
263 1 264 2
309 3 310 4
274 2 277 1
291 3 296 4
267 1 268 2
313 3 314 4
282 2 285 1
299 3 304 4
264 3 277 2
296 3 309 2
267 4 282 1
299 4 314 1
275 4 290 1
288 3 301 2
263 4 278 1
295 4 310 1
268 3 281 2
300 3 313 2
275 3 280 4
290 2 293 1
283 3 288 4
298 2 301 1
277 4 280 1
293 4 296 1
282 3 283 2
298 3 299 2
277 3 278 4
295 1 296 2
281 3 282 4
299 1 300 2
278 2 281 1
295 3 300 4
280 3 293 2
283 4 298 1
279 1 280 2
293 3 294 4
283 1 284 2
297 3 298 4
278 3 279 2
294 3 295 2
281 4 284 1
297 4 300 1
279 4 294 1
284 3 297 2
279 3 284 4
294 2 297 1
