-2.49586283272215 -2.49583857730201 2.49587762365358 -2.06558200044235 -2.49583858146644 2.49587762365358 -2.01316947091348 -2.07326900522495 2.49587762365358 -2.49586284633103 -2.06556136824212 2.49587762365358
-2.06558200044235 -2.49583858146644 2.49587762365358 -1.50158614449187 -2.4958364991226 2.49587762365358 -1.47063255814917 -1.89556822582594 2.49587762365358 -2.01316947091348 -2.07326900522495 2.49587762365358
-2.01316947091348 -2.07326900522495 2.49587762365358 -1.47063255814917 -1.89556822582594 2.49587762365358 -1.43859818887787 -1.44000880313905 2.49587762365358 -2.03022878035562 -1.50146518887724 2.49587762365358
-2.49586284633103 -2.06556136824212 2.49587762365358 -2.01316947091348 -2.07326900522495 2.49587762365358 -2.03022878035562 -1.50146518887724 2.49587762365358 -2.49586098393687 -1.50156193075201 2.49587762365358
-1.50158614449187 -2.4958364991226 2.49587762365358 -0.696487192097586 -2.49583907058697 2.49587762365358 -0.667974006412072 -1.97411212241287 2.49587762365358 -1.47063255814917 -1.89556822582594 2.49587762365358
-0.696487192097586 -2.49583907058697 2.49587762365358 -1.31204241869191e-05 -2.4958418540261 2.49587762365358 -1.27806769567609e-05 -1.76534089924597 2.49587762365358 -0.667974006412072 -1.97411212241287 2.49587762365358
-0.667974006412072 -1.97411212241287 2.49587762365358 -1.27806769567609e-05 -1.76534089924597 2.49587762365358 -9.52767877457624e-06 -1.31030035587315 2.49587762365358 -0.752463962403228 -1.40698117924508 2.49587762365358
-1.47063255814917 -1.89556822582594 2.49587762365358 -0.667974006412072 -1.97411212241287 2.49587762365358 -0.752463962403228 -1.40698117924508 2.49587762365358 -1.43859818887787 -1.44000880313905 2.49587762365358
-1.31204241869191e-05 -2.4958418540261 2.49587762365358 0.69646103244967 -2.49584124424622 2.49587762365358 0.667948250288514 -1.97411274661115 2.49587762365358 -1.27806769567609e-05 -1.76534089924597 2.49587762365358
0.69646103244967 -2.49584124424622 2.49587762365358 1.50155990160697 -2.49583790081461 2.49587762365358 1.47060709333193 -1.89557382650695 2.49587762365358 0.667948250288514 -1.97411274661115 2.49587762365358
0.667948250288514 -1.97411274661115 2.49587762365358 1.47060709333193 -1.89557382650695 2.49587762365358 1.43857375834007 -1.44002317138611 2.49587762365358 0.752440436110262 -1.40698483168586 2.49587762365358
-1.27806769567609e-05 -1.76534089924597 2.49587762365358 0.667948250288514 -1.97411274661115 2.49587762365358 0.752440436110262 -1.40698483168586 2.49587762365358 -9.52767877457624e-06 -1.31030035587315 2.49587762365358
1.50155990160697 -2.49583790081461 2.49587762365358 2.06555551841057 -2.49583858146644 2.49587762365358 2.01314362242566 -2.07327088171983 2.49587762365358 1.47060709333193 -1.89557382650695 2.49587762365358
2.06555551841057 -2.49583858146644 2.49587762365358 2.49583658931757 -2.49584090334383 2.49587762365358 2.49583700504626 -2.06556369269699 2.49587762365358 2.01314362242566 -2.07327088171983 2.49587762365358
2.01314362242566 -2.07327088171983 2.49587762365358 2.49583700504626 -2.06556369269699 2.49587762365358 2.49583796959307 -1.50157135809084 2.49587762365358 2.03020568889552 -1.50147006174087 2.49587762365358
1.47060709333193 -1.89557382650695 2.49587762365358 2.01314362242566 -2.07327088171983 2.49587762365358 2.03020568889552 -1.50147006174087 2.49587762365358 1.43857375834007 -1.44002317138611 2.49587762365358
-2.49586098393687 -1.50156193075201 2.49587762365358 -2.03022878035562 -1.50146518887724 2.49587762365358 -1.94067199818285 -0.754854902431997 2.49587762365358 -2.49585392958937 -0.696459259924157 2.49587762365358
-2.03022878035562 -1.50146518887724 2.49587762365358 -1.43859818887787 -1.44000880313905 2.49587762365358 -1.37755702184521 -0.717093893625966 2.49587762365358 -1.94067199818285 -0.754854902431997 2.49587762365358
-1.94067199818285 -0.754854902431997 2.49587762365358 -1.37755702184521 -0.717093893625966 2.49587762365358 -1.32142387232311 1.54415424747801e-05 2.49587762365358 -1.92501186456641 1.52778735415381e-05 2.49587762365358
-2.49585392958937 -0.696459259924157 2.49587762365358 -1.94067199818285 -0.754854902431997 2.49587762365358 -1.92501186456641 1.52778735415381e-05 2.49587762365358 -2.49585246669353 1.61233881966091e-05 2.49587762365358
-1.43859818887787 -1.44000880313905 2.49587762365358 -0.752463962403228 -1.40698117924508 2.49587762365358 -0.688095371098049 -0.706288551085915 2.49587762365358 -1.37755702184521 -0.717093893625966 2.49587762365358
-0.752463962403228 -1.40698117924508 2.49587762365358 -9.52767877457624e-06 -1.31030035587315 2.49587762365358 -2.97390245733586e-06 -0.70228590110832 2.49587762365358 -0.688095371098049 -0.706288551085915 2.49587762365358
-0.688095371098049 -0.706288551085915 2.49587762365358 -2.97390245733586e-06 -0.70228590110832 2.49587762365358 7.3844456357187e-06 -7.19066208595209e-06 2.49587762365358 -0.674423890394099 -1.50946774049279e-06 2.49587762365358
-1.37755702184521 -0.717093893625966 2.49587762365358 -0.688095371098049 -0.706288551085915 2.49587762365358 -0.674423890394099 -1.50946774049279e-06 2.49587762365358 -1.32142387232311 1.54415424747801e-05 2.49587762365358
-9.52767877457624e-06 -1.31030035587315 2.49587762365358 0.752440436110262 -1.40698483168586 2.49587762365358 0.688073743693575 -0.706287489154442 2.49587762365358 -2.97390245733586e-06 -0.70228590110832 2.49587762365358
0.752440436110262 -1.40698483168586 2.49587762365358 1.43857375834007 -1.44002317138611 2.49587762365358 1.37752455595977 -0.717110324425173 2.49587762365358 0.688073743693575 -0.706287489154442 2.49587762365358
0.688073743693575 -0.706287489154442 2.49587762365358 1.37752455595977 -0.717110324425173 2.49587762365358 1.32140366588067 -8.93251929412515e-06 2.49587762365358 0.674420463736873 1.85059287970834e-07 2.49587762365358
-2.97390245733586e-06 -0.70228590110832 2.49587762365358 0.688073743693575 -0.706287489154442 2.49587762365358 0.674420463736873 1.85059287970834e-07 2.49587762365358 7.3844456357187e-06 -7.19066208595209e-06 2.49587762365358
1.43857375834007 -1.44002317138611 2.49587762365358 2.03020568889552 -1.50147006174087 2.49587762365358 1.94065620949802 -0.75485889937656 2.49587762365358 1.37752455595977 -0.717110324425173 2.49587762365358
2.03020568889552 -1.50147006174087 2.49587762365358 2.49583796959307 -1.50157135809084 2.49587762365358 2.49583871205953 -0.69646868719267 2.49587762365358 1.94065620949802 -0.75485889937656 2.49587762365358
1.94065620949802 -0.75485889937656 2.49587762365358 2.49583871205953 -0.69646868719267 2.49587762365358 2.49583163768524 1.5996663731989e-05 2.49587762365358 1.92499163375556 -1.76321151384578e-05 2.49587762365358
1.37752455595977 -0.717110324425173 2.49587762365358 1.94065620949802 -0.75485889937656 2.49587762365358 1.92499163375556 -1.76321151384578e-05 2.49587762365358 1.32140366588067 -8.93251929412515e-06 2.49587762365358
-2.49585246669353 1.61233881966091e-05 2.49587762365358 -1.92501186456641 1.52778735415381e-05 2.49587762365358 -1.94066956777409 0.754885524994538 2.49587762365358 -2.49585186638541 0.696491506701851 2.49587762365358
-1.92501186456641 1.52778735415381e-05 2.49587762365358 -1.32142387232311 1.54415424747801e-05 2.49587762365358 -1.3775537111468 0.71712783014929 2.49587762365358 -1.94066956777409 0.754885524994538 2.49587762365358
-1.94066956777409 0.754885524994538 2.49587762365358 -1.3775537111468 0.71712783014929 2.49587762365358 -1.4385681248958 1.44001980715411 2.49587762365358 -2.0302001670375 1.5014656671737 2.49587762365358
-2.49585186638541 0.696491506701851 2.49587762365358 -1.94066956777409 0.754885524994538 2.49587762365358 -2.0302001670375 1.5014656671737 2.49587762365358 -2.4958324484472 1.50156614784336 2.49587762365358
-1.32142387232311 1.54415424747801e-05 2.49587762365358 -0.674423890394099 -1.50946774049279e-06 2.49587762365358 -0.688082723412621 0.706286505280857 2.49587762365358 -1.3775537111468 0.71712783014929 2.49587762365358
-0.674423890394099 -1.50946774049279e-06 2.49587762365358 7.3844456357187e-06 -7.19066208595209e-06 2.49587762365358 1.17300901011394e-05 0.702272876996667 2.49587762365358 -0.688082723412621 0.706286505280857 2.49587762365358
-0.688082723412621 0.706286505280857 2.49587762365358 1.17300901011394e-05 0.702272876996667 2.49587762365358 1.91772293183083e-05 1.31029824919736 2.49587762365358 -0.752434744151779 1.40698267104166 2.49587762365358
-1.3775537111468 0.71712783014929 2.49587762365358 -0.688082723412621 0.706286505280857 2.49587762365358 -0.752434744151779 1.40698267104166 2.49587762365358 -1.4385681248958 1.44001980715411 2.49587762365358
7.3844456357187e-06 -7.19066208595209e-06 2.49587762365358 0.674420463736873 1.85059287970834e-07 2.49587762365358 0.688093793936277 0.706287600559555 2.49587762365358 1.17300901011394e-05 0.702272876996667 2.49587762365358
0.674420463736873 1.85059287970834e-07 2.49587762365358 1.32140366588067 -8.93251929412515e-06 2.49587762365358 1.37754359896883 0.717102370708971 2.49587762365358 0.688093793936277 0.706287600559555 2.49587762365358
0.688093793936277 0.706287600559555 2.49587762365358 1.37754359896883 0.717102370708971 2.49587762365358 1.43859969280675 1.44001635845195 2.49587762365358 0.752466327347877 1.40698223454644 2.49587762365358
1.17300901011394e-05 0.702272876996667 2.49587762365358 0.688093793936277 0.706287600559555 2.49587762365358 0.752466327347877 1.40698223454644 2.49587762365358 1.91772293183083e-05 1.31029824919736 2.49587762365358
1.32140366588067 -8.93251929412515e-06 2.49587762365358 1.92499163375556 -1.76321151384578e-05 2.49587762365358 1.94066139765647 0.754853531263893 2.49587762365358 1.37754359896883 0.717102370708971 2.49587762365358
1.92499163375556 -1.76321151384578e-05 2.49587762365358 2.49583163768524 1.5996663731989e-05 2.49587762365358 2.49584243008075 0.696449342225098 2.49587762365358 1.94066139765647 0.754853531263893 2.49587762365358
1.94066139765647 0.754853531263893 2.49587762365358 2.49584243008075 0.696449342225098 2.49587762365358 2.49586026869012 1.50155201256217 2.49587762365358 2.03022959847183 1.50146181587681 2.49587762365358
1.37754359896883 0.717102370708971 2.49587762365358 1.94066139765647 0.754853531263893 2.49587762365358 2.03022959847183 1.50146181587681 2.49587762365358 1.43859969280675 1.44001635845195 2.49587762365358
-2.4958324484472 1.50156614784336 2.49587762365358 -2.0302001670375 1.5014656671737 2.49587762365358 -2.01313910123489 2.07326651574771 2.49587762365358 -2.49582658546624 2.06556558527732 2.49587762365358
-2.0302001670375 1.5014656671737 2.49587762365358 -1.4385681248958 1.44001980715411 2.49587762365358 -1.47060225906992 1.89557040827414 2.49587762365358 -2.01313910123489 2.07326651574771 2.49587762365358
-2.01313910123489 2.07326651574771 2.49587762365358 -1.47060225906992 1.89557040827414 2.49587762365358 -1.50155611824654 2.49583442810038 2.49587762365358 -2.06555173280847 2.4958341212648 2.49587762365358
-2.49582658546624 2.06556558527732 2.49587762365358 -2.01313910123489 2.07326651574771 2.49587762365358 -2.06555173280847 2.4958341212648 2.49587762365358 -2.49583280301859 2.49583569819819 2.49587762365358
-1.4385681248958 1.44001980715411 2.49587762365358 -0.752434744151779 1.40698267104166 2.49587762365358 -0.667943553368036 1.97411073366515 2.49587762365358 -1.47060225906992 1.89557040827414 2.49587762365358
-0.752434744151779 1.40698267104166 2.49587762365358 1.91772293183083e-05 1.31029824919736 2.49587762365358 1.78435990551513e-05 1.76534005940927 2.49587762365358 -0.667943553368036 1.97411073366515 2.49587762365358
-0.667943553368036 1.97411073366515 2.49587762365358 1.78435990551513e-05 1.76534005940927 2.49587762365358 1.69053944958042e-05 2.49584101250007 2.49587762365358 -0.696457249284034 2.4958391810866 2.49587762365358
-1.47060225906992 1.89557040827414 2.49587762365358 -0.667943553368036 1.97411073366515 2.49587762365358 -0.696457249284034 2.4958391810866 2.49587762365358 -1.50155611824654 2.49583442810038 2.49587762365358
1.91772293183083e-05 1.31029824919736 2.49587762365358 0.752466327347877 1.40698223454644 2.49587762365358 0.667978703691863 1.9741124530745 2.49587762365358 1.78435990551513e-05 1.76534005940927 2.49587762365358
0.752466327347877 1.40698223454644 2.49587762365358 1.43859969280675 1.44001635845195 2.49587762365358 1.4706329476604 1.89556833954516 2.49587762365358 0.667978703691863 1.9741124530745 2.49587762365358
0.667978703691863 1.9741124530745 2.49587762365358 1.4706329476604 1.89556833954516 2.49587762365358 1.50158993635122 2.49583219827376 2.49587762365358 0.696490984150772 2.4958396255317 2.49587762365358
1.78435990551513e-05 1.76534005940927 2.49587762365358 0.667978703691863 1.9741124530745 2.49587762365358 0.696490984150772 2.4958396255317 2.49587762365358 1.69053944958042e-05 2.49584101250007 2.49587762365358
1.43859969280675 1.44001635845195 2.49587762365358 2.03022959847183 1.50146181587681 2.49587762365358 2.01318432249086 2.07326577569574 2.49587762365358 1.4706329476604 1.89556833954516 2.49587762365358
2.03022959847183 1.50146181587681 2.49587762365358 2.49586026869012 1.50155201256217 2.49587762365358 2.495871592822 2.06555145065877 2.49587762365358 2.01318432249086 2.07326577569574 2.49587762365358
2.01318432249086 2.07326577569574 2.49587762365358 2.495871592822 2.06555145065877 2.49587762365358 2.49587762365358 2.49582866126355 2.49587762365358 2.06559679263269 2.49583470991929 2.49587762365358
1.4706329476604 1.89556833954516 2.49587762365358 2.01318432249086 2.07326577569574 2.49587762365358 2.06559679263269 2.49583470991929 2.49587762365358 1.50158993635122 2.49583219827376 2.49587762365358
-2.49586283272215 -2.49587762365358 -2.49583857730201 -2.06558200044235 -2.49587762365358 -2.49583858146644 -2.01316947091348 -2.49587762365358 -2.07326900522495 -2.49586284633103 -2.49587762365358 -2.06556136824212
-2.06558200044235 -2.49587762365358 -2.49583858146644 -1.50158614449187 -2.49587762365358 -2.4958364991226 -1.47063255814917 -2.49587762365358 -1.89556822582594 -2.01316947091348 -2.49587762365358 -2.07326900522495
-2.01316947091348 -2.49587762365358 -2.07326900522495 -1.47063255814917 -2.49587762365358 -1.89556822582594 -1.43859818887787 -2.49587762365358 -1.44000880313905 -2.03022878035562 -2.49587762365358 -1.50146518887724
-2.49586284633103 -2.49587762365358 -2.06556136824212 -2.01316947091348 -2.49587762365358 -2.07326900522495 -2.03022878035562 -2.49587762365358 -1.50146518887724 -2.49586098393687 -2.49587762365358 -1.50156193075201
-1.50158614449187 -2.49587762365358 -2.4958364991226 -0.696487192097586 -2.49587762365358 -2.49583907058697 -0.667974006412072 -2.49587762365358 -1.97411212241287 -1.47063255814917 -2.49587762365358 -1.89556822582594
-0.696487192097586 -2.49587762365358 -2.49583907058697 -1.31204241869191e-05 -2.49587762365358 -2.4958418540261 -1.27806769567609e-05 -2.49587762365358 -1.76534089924597 -0.667974006412072 -2.49587762365358 -1.97411212241287
-0.667974006412072 -2.49587762365358 -1.97411212241287 -1.27806769567609e-05 -2.49587762365358 -1.76534089924597 -9.52767877457624e-06 -2.49587762365358 -1.31030035587315 -0.752463962403228 -2.49587762365358 -1.40698117924508
-1.47063255814917 -2.49587762365358 -1.89556822582594 -0.667974006412072 -2.49587762365358 -1.97411212241287 -0.752463962403228 -2.49587762365358 -1.40698117924508 -1.43859818887787 -2.49587762365358 -1.44000880313905
-1.31204241869191e-05 -2.49587762365358 -2.4958418540261 0.69646103244967 -2.49587762365358 -2.49584124424622 0.667948250288514 -2.49587762365358 -1.97411274661115 -1.27806769567609e-05 -2.49587762365358 -1.76534089924597
0.69646103244967 -2.49587762365358 -2.49584124424622 1.50155990160697 -2.49587762365358 -2.49583790081461 1.47060709333193 -2.49587762365358 -1.89557382650695 0.667948250288514 -2.49587762365358 -1.97411274661115
0.667948250288514 -2.49587762365358 -1.97411274661115 1.47060709333193 -2.49587762365358 -1.89557382650695 1.43857375834007 -2.49587762365358 -1.44002317138611 0.752440436110262 -2.49587762365358 -1.40698483168586
-1.27806769567609e-05 -2.49587762365358 -1.76534089924597 0.667948250288514 -2.49587762365358 -1.97411274661115 0.752440436110262 -2.49587762365358 -1.40698483168586 -9.52767877457624e-06 -2.49587762365358 -1.31030035587315
1.50155990160697 -2.49587762365358 -2.49583790081461 2.06555551841057 -2.49587762365358 -2.49583858146644 2.01314362242566 -2.49587762365358 -2.07327088171983 1.47060709333193 -2.49587762365358 -1.89557382650695
2.06555551841057 -2.49587762365358 -2.49583858146644 2.49583658931757 -2.49587762365358 -2.49584090334383 2.49583700504626 -2.49587762365358 -2.06556369269699 2.01314362242566 -2.49587762365358 -2.07327088171983
2.01314362242566 -2.49587762365358 -2.07327088171983 2.49583700504626 -2.49587762365358 -2.06556369269699 2.49583796959307 -2.49587762365358 -1.50157135809084 2.03020568889552 -2.49587762365358 -1.50147006174087
1.47060709333193 -2.49587762365358 -1.89557382650695 2.01314362242566 -2.49587762365358 -2.07327088171983 2.03020568889552 -2.49587762365358 -1.50147006174087 1.43857375834007 -2.49587762365358 -1.44002317138611
-2.49586098393687 -2.49587762365358 -1.50156193075201 -2.03022878035562 -2.49587762365358 -1.50146518887724 -1.94067199818285 -2.49587762365358 -0.754854902431997 -2.49585392958937 -2.49587762365358 -0.696459259924157
-2.03022878035562 -2.49587762365358 -1.50146518887724 -1.43859818887787 -2.49587762365358 -1.44000880313905 -1.37755702184521 -2.49587762365358 -0.717093893625966 -1.94067199818285 -2.49587762365358 -0.754854902431997
-1.94067199818285 -2.49587762365358 -0.754854902431997 -1.37755702184521 -2.49587762365358 -0.717093893625966 -1.32142387232311 -2.49587762365358 1.54415424747801e-05 -1.92501186456641 -2.49587762365358 1.52778735415381e-05
-2.49585392958937 -2.49587762365358 -0.696459259924157 -1.94067199818285 -2.49587762365358 -0.754854902431997 -1.92501186456641 -2.49587762365358 1.52778735415381e-05 -2.49585246669353 -2.49587762365358 1.61233881966091e-05
-1.43859818887787 -2.49587762365358 -1.44000880313905 -0.752463962403228 -2.49587762365358 -1.40698117924508 -0.688095371098049 -2.49587762365358 -0.706288551085915 -1.37755702184521 -2.49587762365358 -0.717093893625966
-0.752463962403228 -2.49587762365358 -1.40698117924508 -9.52767877457624e-06 -2.49587762365358 -1.31030035587315 -2.97390245733586e-06 -2.49587762365358 -0.70228590110832 -0.688095371098049 -2.49587762365358 -0.706288551085915
-0.688095371098049 -2.49587762365358 -0.706288551085915 -2.97390245733586e-06 -2.49587762365358 -0.70228590110832 7.3844456357187e-06 -2.49587762365358 -7.19066208595209e-06 -0.674423890394099 -2.49587762365358 -1.50946774049279e-06
-1.37755702184521 -2.49587762365358 -0.717093893625966 -0.688095371098049 -2.49587762365358 -0.706288551085915 -0.674423890394099 -2.49587762365358 -1.50946774049279e-06 -1.32142387232311 -2.49587762365358 1.54415424747801e-05
-9.52767877457624e-06 -2.49587762365358 -1.31030035587315 0.752440436110262 -2.49587762365358 -1.40698483168586 0.688073743693575 -2.49587762365358 -0.706287489154442 -2.97390245733586e-06 -2.49587762365358 -0.70228590110832
0.752440436110262 -2.49587762365358 -1.40698483168586 1.43857375834007 -2.49587762365358 -1.44002317138611 1.37752455595977 -2.49587762365358 -0.717110324425173 0.688073743693575 -2.49587762365358 -0.706287489154442
0.688073743693575 -2.49587762365358 -0.706287489154442 1.37752455595977 -2.49587762365358 -0.717110324425173 1.32140366588067 -2.49587762365358 -8.93251929412515e-06 0.674420463736873 -2.49587762365358 1.85059287970834e-07
-2.97390245733586e-06 -2.49587762365358 -0.70228590110832 0.688073743693575 -2.49587762365358 -0.706287489154442 0.674420463736873 -2.49587762365358 1.85059287970834e-07 7.3844456357187e-06 -2.49587762365358 -7.19066208595209e-06
1.43857375834007 -2.49587762365358 -1.44002317138611 2.03020568889552 -2.49587762365358 -1.50147006174087 1.94065620949802 -2.49587762365358 -0.75485889937656 1.37752455595977 -2.49587762365358 -0.717110324425173
2.03020568889552 -2.49587762365358 -1.50147006174087 2.49583796959307 -2.49587762365358 -1.50157135809084 2.49583871205953 -2.49587762365358 -0.69646868719267 1.94065620949802 -2.49587762365358 -0.75485889937656
1.94065620949802 -2.49587762365358 -0.75485889937656 2.49583871205953 -2.49587762365358 -0.69646868719267 2.49583163768524 -2.49587762365358 1.5996663731989e-05 1.92499163375556 -2.49587762365358 -1.76321151384578e-05
1.37752455595977 -2.49587762365358 -0.717110324425173 1.94065620949802 -2.49587762365358 -0.75485889937656 1.92499163375556 -2.49587762365358 -1.76321151384578e-05 1.32140366588067 -2.49587762365358 -8.93251929412515e-06
-2.49585246669353 -2.49587762365358 1.61233881966091e-05 -1.92501186456641 -2.49587762365358 1.52778735415381e-05 -1.94066956777409 -2.49587762365358 0.754885524994538 -2.49585186638541 -2.49587762365358 0.696491506701851
-1.92501186456641 -2.49587762365358 1.52778735415381e-05 -1.32142387232311 -2.49587762365358 1.54415424747801e-05 -1.3775537111468 -2.49587762365358 0.71712783014929 -1.94066956777409 -2.49587762365358 0.754885524994538
-1.94066956777409 -2.49587762365358 0.754885524994538 -1.3775537111468 -2.49587762365358 0.71712783014929 -1.4385681248958 -2.49587762365358 1.44001980715411 -2.0302001670375 -2.49587762365358 1.5014656671737
-2.49585186638541 -2.49587762365358 0.696491506701851 -1.94066956777409 -2.49587762365358 0.754885524994538 -2.0302001670375 -2.49587762365358 1.5014656671737 -2.4958324484472 -2.49587762365358 1.50156614784336
-1.32142387232311 -2.49587762365358 1.54415424747801e-05 -0.674423890394099 -2.49587762365358 -1.50946774049279e-06 -0.688082723412621 -2.49587762365358 0.706286505280857 -1.3775537111468 -2.49587762365358 0.71712783014929
-0.674423890394099 -2.49587762365358 -1.50946774049279e-06 7.3844456357187e-06 -2.49587762365358 -7.19066208595209e-06 1.17300901011394e-05 -2.49587762365358 0.702272876996667 -0.688082723412621 -2.49587762365358 0.706286505280857
-0.688082723412621 -2.49587762365358 0.706286505280857 1.17300901011394e-05 -2.49587762365358 0.702272876996667 1.91772293183083e-05 -2.49587762365358 1.31029824919736 -0.752434744151779 -2.49587762365358 1.40698267104166
-1.3775537111468 -2.49587762365358 0.71712783014929 -0.688082723412621 -2.49587762365358 0.706286505280857 -0.752434744151779 -2.49587762365358 1.40698267104166 -1.4385681248958 -2.49587762365358 1.44001980715411
7.3844456357187e-06 -2.49587762365358 -7.19066208595209e-06 0.674420463736873 -2.49587762365358 1.85059287970834e-07 0.688093793936277 -2.49587762365358 0.706287600559555 1.17300901011394e-05 -2.49587762365358 0.702272876996667
0.674420463736873 -2.49587762365358 1.85059287970834e-07 1.32140366588067 -2.49587762365358 -8.93251929412515e-06 1.37754359896883 -2.49587762365358 0.717102370708971 0.688093793936277 -2.49587762365358 0.706287600559555
0.688093793936277 -2.49587762365358 0.706287600559555 1.37754359896883 -2.49587762365358 0.717102370708971 1.43859969280675 -2.49587762365358 1.44001635845195 0.752466327347877 -2.49587762365358 1.40698223454644
1.17300901011394e-05 -2.49587762365358 0.702272876996667 0.688093793936277 -2.49587762365358 0.706287600559555 0.752466327347877 -2.49587762365358 1.40698223454644 1.91772293183083e-05 -2.49587762365358 1.31029824919736
1.32140366588067 -2.49587762365358 -8.93251929412515e-06 1.92499163375556 -2.49587762365358 -1.76321151384578e-05 1.94066139765647 -2.49587762365358 0.754853531263893 1.37754359896883 -2.49587762365358 0.717102370708971
1.92499163375556 -2.49587762365358 -1.76321151384578e-05 2.49583163768524 -2.49587762365358 1.5996663731989e-05 2.49584243008075 -2.49587762365358 0.696449342225098 1.94066139765647 -2.49587762365358 0.754853531263893
1.94066139765647 -2.49587762365358 0.754853531263893 2.49584243008075 -2.49587762365358 0.696449342225098 2.49586026869012 -2.49587762365358 1.50155201256217 2.03022959847183 -2.49587762365358 1.50146181587681
1.37754359896883 -2.49587762365358 0.717102370708971 1.94066139765647 -2.49587762365358 0.754853531263893 2.03022959847183 -2.49587762365358 1.50146181587681 1.43859969280675 -2.49587762365358 1.44001635845195
-2.4958324484472 -2.49587762365358 1.50156614784336 -2.0302001670375 -2.49587762365358 1.5014656671737 -2.01313910123489 -2.49587762365358 2.07326651574771 -2.49582658546624 -2.49587762365358 2.06556558527732
-2.0302001670375 -2.49587762365358 1.5014656671737 -1.4385681248958 -2.49587762365358 1.44001980715411 -1.47060225906992 -2.49587762365358 1.89557040827414 -2.01313910123489 -2.49587762365358 2.07326651574771
-2.01313910123489 -2.49587762365358 2.07326651574771 -1.47060225906992 -2.49587762365358 1.89557040827414 -1.50155611824654 -2.49587762365358 2.49583442810038 -2.06555173280847 -2.49587762365358 2.4958341212648
-2.49582658546624 -2.49587762365358 2.06556558527732 -2.01313910123489 -2.49587762365358 2.07326651574771 -2.06555173280847 -2.49587762365358 2.4958341212648 -2.49583280301859 -2.49587762365358 2.49583569819819
-1.4385681248958 -2.49587762365358 1.44001980715411 -0.752434744151779 -2.49587762365358 1.40698267104166 -0.667943553368036 -2.49587762365358 1.97411073366515 -1.47060225906992 -2.49587762365358 1.89557040827414
-0.752434744151779 -2.49587762365358 1.40698267104166 1.91772293183083e-05 -2.49587762365358 1.31029824919736 1.78435990551513e-05 -2.49587762365358 1.76534005940927 -0.667943553368036 -2.49587762365358 1.97411073366515
-0.667943553368036 -2.49587762365358 1.97411073366515 1.78435990551513e-05 -2.49587762365358 1.76534005940927 1.69053944958042e-05 -2.49587762365358 2.49584101250007 -0.696457249284034 -2.49587762365358 2.4958391810866
-1.47060225906992 -2.49587762365358 1.89557040827414 -0.667943553368036 -2.49587762365358 1.97411073366515 -0.696457249284034 -2.49587762365358 2.4958391810866 -1.50155611824654 -2.49587762365358 2.49583442810038
1.91772293183083e-05 -2.49587762365358 1.31029824919736 0.752466327347877 -2.49587762365358 1.40698223454644 0.667978703691863 -2.49587762365358 1.9741124530745 1.78435990551513e-05 -2.49587762365358 1.76534005940927
0.752466327347877 -2.49587762365358 1.40698223454644 1.43859969280675 -2.49587762365358 1.44001635845195 1.4706329476604 -2.49587762365358 1.89556833954516 0.667978703691863 -2.49587762365358 1.9741124530745
0.667978703691863 -2.49587762365358 1.9741124530745 1.4706329476604 -2.49587762365358 1.89556833954516 1.50158993635122 -2.49587762365358 2.49583219827376 0.696490984150772 -2.49587762365358 2.4958396255317
1.78435990551513e-05 -2.49587762365358 1.76534005940927 0.667978703691863 -2.49587762365358 1.9741124530745 0.696490984150772 -2.49587762365358 2.4958396255317 1.69053944958042e-05 -2.49587762365358 2.49584101250007
1.43859969280675 -2.49587762365358 1.44001635845195 2.03022959847183 -2.49587762365358 1.50146181587681 2.01318432249086 -2.49587762365358 2.07326577569574 1.4706329476604 -2.49587762365358 1.89556833954516
2.03022959847183 -2.49587762365358 1.50146181587681 2.49586026869012 -2.49587762365358 1.50155201256217 2.495871592822 -2.49587762365358 2.06555145065877 2.01318432249086 -2.49587762365358 2.07326577569574
2.01318432249086 -2.49587762365358 2.07326577569574 2.495871592822 -2.49587762365358 2.06555145065877 2.49587762365358 -2.49587762365358 2.49582866126355 2.06559679263269 -2.49587762365358 2.49583470991929
1.4706329476604 -2.49587762365358 1.89556833954516 2.01318432249086 -2.49587762365358 2.07326577569574 2.06559679263269 -2.49587762365358 2.49583470991929 1.50158993635122 -2.49587762365358 2.49583219827376
-2.49586283272215 -2.49583857730201 -2.49587762365358 -2.49586284633103 -2.06556136824212 -2.49587762365358 -2.01316947091348 -2.07326900522495 -2.49587762365358 -2.06558200044235 -2.49583858146644 -2.49587762365358
-2.06558200044235 -2.49583858146644 -2.49587762365358 -2.01316947091348 -2.07326900522495 -2.49587762365358 -1.47063255814917 -1.89556822582594 -2.49587762365358 -1.50158614449187 -2.4958364991226 -2.49587762365358
-2.01316947091348 -2.07326900522495 -2.49587762365358 -2.03022878035562 -1.50146518887724 -2.49587762365358 -1.43859818887787 -1.44000880313905 -2.49587762365358 -1.47063255814917 -1.89556822582594 -2.49587762365358
-2.49586284633103 -2.06556136824212 -2.49587762365358 -2.49586098393687 -1.50156193075201 -2.49587762365358 -2.03022878035562 -1.50146518887724 -2.49587762365358 -2.01316947091348 -2.07326900522495 -2.49587762365358
-1.50158614449187 -2.4958364991226 -2.49587762365358 -1.47063255814917 -1.89556822582594 -2.49587762365358 -0.667974006412072 -1.97411212241287 -2.49587762365358 -0.696487192097586 -2.49583907058697 -2.49587762365358
-0.696487192097586 -2.49583907058697 -2.49587762365358 -0.667974006412072 -1.97411212241287 -2.49587762365358 -1.27806769567609e-05 -1.76534089924597 -2.49587762365358 -1.31204241869191e-05 -2.4958418540261 -2.49587762365358
-0.667974006412072 -1.97411212241287 -2.49587762365358 -0.752463962403228 -1.40698117924508 -2.49587762365358 -9.52767877457624e-06 -1.31030035587315 -2.49587762365358 -1.27806769567609e-05 -1.76534089924597 -2.49587762365358
-1.47063255814917 -1.89556822582594 -2.49587762365358 -1.43859818887787 -1.44000880313905 -2.49587762365358 -0.752463962403228 -1.40698117924508 -2.49587762365358 -0.667974006412072 -1.97411212241287 -2.49587762365358
-1.31204241869191e-05 -2.4958418540261 -2.49587762365358 -1.27806769567609e-05 -1.76534089924597 -2.49587762365358 0.667948250288514 -1.97411274661115 -2.49587762365358 0.69646103244967 -2.49584124424622 -2.49587762365358
0.69646103244967 -2.49584124424622 -2.49587762365358 0.667948250288514 -1.97411274661115 -2.49587762365358 1.47060709333193 -1.89557382650695 -2.49587762365358 1.50155990160697 -2.49583790081461 -2.49587762365358
0.667948250288514 -1.97411274661115 -2.49587762365358 0.752440436110262 -1.40698483168586 -2.49587762365358 1.43857375834007 -1.44002317138611 -2.49587762365358 1.47060709333193 -1.89557382650695 -2.49587762365358
-1.27806769567609e-05 -1.76534089924597 -2.49587762365358 -9.52767877457624e-06 -1.31030035587315 -2.49587762365358 0.752440436110262 -1.40698483168586 -2.49587762365358 0.667948250288514 -1.97411274661115 -2.49587762365358
1.50155990160697 -2.49583790081461 -2.49587762365358 1.47060709333193 -1.89557382650695 -2.49587762365358 2.01314362242566 -2.07327088171983 -2.49587762365358 2.06555551841057 -2.49583858146644 -2.49587762365358
2.06555551841057 -2.49583858146644 -2.49587762365358 2.01314362242566 -2.07327088171983 -2.49587762365358 2.49583700504626 -2.06556369269699 -2.49587762365358 2.49583658931757 -2.49584090334383 -2.49587762365358
2.01314362242566 -2.07327088171983 -2.49587762365358 2.03020568889552 -1.50147006174087 -2.49587762365358 2.49583796959307 -1.50157135809084 -2.49587762365358 2.49583700504626 -2.06556369269699 -2.49587762365358
1.47060709333193 -1.89557382650695 -2.49587762365358 1.43857375834007 -1.44002317138611 -2.49587762365358 2.03020568889552 -1.50147006174087 -2.49587762365358 2.01314362242566 -2.07327088171983 -2.49587762365358
-2.49586098393687 -1.50156193075201 -2.49587762365358 -2.49585392958937 -0.696459259924157 -2.49587762365358 -1.94067199818285 -0.754854902431997 -2.49587762365358 -2.03022878035562 -1.50146518887724 -2.49587762365358
-2.03022878035562 -1.50146518887724 -2.49587762365358 -1.94067199818285 -0.754854902431997 -2.49587762365358 -1.37755702184521 -0.717093893625966 -2.49587762365358 -1.43859818887787 -1.44000880313905 -2.49587762365358
-1.94067199818285 -0.754854902431997 -2.49587762365358 -1.92501186456641 1.52778735415381e-05 -2.49587762365358 -1.32142387232311 1.54415424747801e-05 -2.49587762365358 -1.37755702184521 -0.717093893625966 -2.49587762365358
-2.49585392958937 -0.696459259924157 -2.49587762365358 -2.49585246669353 1.61233881966091e-05 -2.49587762365358 -1.92501186456641 1.52778735415381e-05 -2.49587762365358 -1.94067199818285 -0.754854902431997 -2.49587762365358
-1.43859818887787 -1.44000880313905 -2.49587762365358 -1.37755702184521 -0.717093893625966 -2.49587762365358 -0.688095371098049 -0.706288551085915 -2.49587762365358 -0.752463962403228 -1.40698117924508 -2.49587762365358
-0.752463962403228 -1.40698117924508 -2.49587762365358 -0.688095371098049 -0.706288551085915 -2.49587762365358 -2.97390245733586e-06 -0.70228590110832 -2.49587762365358 -9.52767877457624e-06 -1.31030035587315 -2.49587762365358
-0.688095371098049 -0.706288551085915 -2.49587762365358 -0.674423890394099 -1.50946774049279e-06 -2.49587762365358 7.3844456357187e-06 -7.19066208595209e-06 -2.49587762365358 -2.97390245733586e-06 -0.70228590110832 -2.49587762365358
-1.37755702184521 -0.717093893625966 -2.49587762365358 -1.32142387232311 1.54415424747801e-05 -2.49587762365358 -0.674423890394099 -1.50946774049279e-06 -2.49587762365358 -0.688095371098049 -0.706288551085915 -2.49587762365358
-9.52767877457624e-06 -1.31030035587315 -2.49587762365358 -2.97390245733586e-06 -0.70228590110832 -2.49587762365358 0.688073743693575 -0.706287489154442 -2.49587762365358 0.752440436110262 -1.40698483168586 -2.49587762365358
0.752440436110262 -1.40698483168586 -2.49587762365358 0.688073743693575 -0.706287489154442 -2.49587762365358 1.37752455595977 -0.717110324425173 -2.49587762365358 1.43857375834007 -1.44002317138611 -2.49587762365358
0.688073743693575 -0.706287489154442 -2.49587762365358 0.674420463736873 1.85059287970834e-07 -2.49587762365358 1.32140366588067 -8.93251929412515e-06 -2.49587762365358 1.37752455595977 -0.717110324425173 -2.49587762365358
-2.97390245733586e-06 -0.70228590110832 -2.49587762365358 7.3844456357187e-06 -7.19066208595209e-06 -2.49587762365358 0.674420463736873 1.85059287970834e-07 -2.49587762365358 0.688073743693575 -0.706287489154442 -2.49587762365358
1.43857375834007 -1.44002317138611 -2.49587762365358 1.37752455595977 -0.717110324425173 -2.49587762365358 1.94065620949802 -0.75485889937656 -2.49587762365358 2.03020568889552 -1.50147006174087 -2.49587762365358
2.03020568889552 -1.50147006174087 -2.49587762365358 1.94065620949802 -0.75485889937656 -2.49587762365358 2.49583871205953 -0.69646868719267 -2.49587762365358 2.49583796959307 -1.50157135809084 -2.49587762365358
1.94065620949802 -0.75485889937656 -2.49587762365358 1.92499163375556 -1.76321151384578e-05 -2.49587762365358 2.49583163768524 1.5996663731989e-05 -2.49587762365358 2.49583871205953 -0.69646868719267 -2.49587762365358
1.37752455595977 -0.717110324425173 -2.49587762365358 1.32140366588067 -8.93251929412515e-06 -2.49587762365358 1.92499163375556 -1.76321151384578e-05 -2.49587762365358 1.94065620949802 -0.75485889937656 -2.49587762365358
-2.49585246669353 1.61233881966091e-05 -2.49587762365358 -2.49585186638541 0.696491506701851 -2.49587762365358 -1.94066956777409 0.754885524994538 -2.49587762365358 -1.92501186456641 1.52778735415381e-05 -2.49587762365358
-1.92501186456641 1.52778735415381e-05 -2.49587762365358 -1.94066956777409 0.754885524994538 -2.49587762365358 -1.3775537111468 0.71712783014929 -2.49587762365358 -1.32142387232311 1.54415424747801e-05 -2.49587762365358
-1.94066956777409 0.754885524994538 -2.49587762365358 -2.0302001670375 1.5014656671737 -2.49587762365358 -1.4385681248958 1.44001980715411 -2.49587762365358 -1.3775537111468 0.71712783014929 -2.49587762365358
-2.49585186638541 0.696491506701851 -2.49587762365358 -2.4958324484472 1.50156614784336 -2.49587762365358 -2.0302001670375 1.5014656671737 -2.49587762365358 -1.94066956777409 0.754885524994538 -2.49587762365358
-1.32142387232311 1.54415424747801e-05 -2.49587762365358 -1.3775537111468 0.71712783014929 -2.49587762365358 -0.688082723412621 0.706286505280857 -2.49587762365358 -0.674423890394099 -1.50946774049279e-06 -2.49587762365358
-0.674423890394099 -1.50946774049279e-06 -2.49587762365358 -0.688082723412621 0.706286505280857 -2.49587762365358 1.17300901011394e-05 0.702272876996667 -2.49587762365358 7.3844456357187e-06 -7.19066208595209e-06 -2.49587762365358
-0.688082723412621 0.706286505280857 -2.49587762365358 -0.752434744151779 1.40698267104166 -2.49587762365358 1.91772293183083e-05 1.31029824919736 -2.49587762365358 1.17300901011394e-05 0.702272876996667 -2.49587762365358
-1.3775537111468 0.71712783014929 -2.49587762365358 -1.4385681248958 1.44001980715411 -2.49587762365358 -0.752434744151779 1.40698267104166 -2.49587762365358 -0.688082723412621 0.706286505280857 -2.49587762365358
7.3844456357187e-06 -7.19066208595209e-06 -2.49587762365358 1.17300901011394e-05 0.702272876996667 -2.49587762365358 0.688093793936277 0.706287600559555 -2.49587762365358 0.674420463736873 1.85059287970834e-07 -2.49587762365358
0.674420463736873 1.85059287970834e-07 -2.49587762365358 0.688093793936277 0.706287600559555 -2.49587762365358 1.37754359896883 0.717102370708971 -2.49587762365358 1.32140366588067 -8.93251929412515e-06 -2.49587762365358
0.688093793936277 0.706287600559555 -2.49587762365358 0.752466327347877 1.40698223454644 -2.49587762365358 1.43859969280675 1.44001635845195 -2.49587762365358 1.37754359896883 0.717102370708971 -2.49587762365358
1.17300901011394e-05 0.702272876996667 -2.49587762365358 1.91772293183083e-05 1.31029824919736 -2.49587762365358 0.752466327347877 1.40698223454644 -2.49587762365358 0.688093793936277 0.706287600559555 -2.49587762365358
1.32140366588067 -8.93251929412515e-06 -2.49587762365358 1.37754359896883 0.717102370708971 -2.49587762365358 1.94066139765647 0.754853531263893 -2.49587762365358 1.92499163375556 -1.76321151384578e-05 -2.49587762365358
1.92499163375556 -1.76321151384578e-05 -2.49587762365358 1.94066139765647 0.754853531263893 -2.49587762365358 2.49584243008075 0.696449342225098 -2.49587762365358 2.49583163768524 1.5996663731989e-05 -2.49587762365358
1.94066139765647 0.754853531263893 -2.49587762365358 2.03022959847183 1.50146181587681 -2.49587762365358 2.49586026869012 1.50155201256217 -2.49587762365358 2.49584243008075 0.696449342225098 -2.49587762365358
1.37754359896883 0.717102370708971 -2.49587762365358 1.43859969280675 1.44001635845195 -2.49587762365358 2.03022959847183 1.50146181587681 -2.49587762365358 1.94066139765647 0.754853531263893 -2.49587762365358
-2.4958324484472 1.50156614784336 -2.49587762365358 -2.49582658546624 2.06556558527732 -2.49587762365358 -2.01313910123489 2.07326651574771 -2.49587762365358 -2.0302001670375 1.5014656671737 -2.49587762365358
-2.0302001670375 1.5014656671737 -2.49587762365358 -2.01313910123489 2.07326651574771 -2.49587762365358 -1.47060225906992 1.89557040827414 -2.49587762365358 -1.4385681248958 1.44001980715411 -2.49587762365358
-2.01313910123489 2.07326651574771 -2.49587762365358 -2.06555173280847 2.4958341212648 -2.49587762365358 -1.50155611824654 2.49583442810038 -2.49587762365358 -1.47060225906992 1.89557040827414 -2.49587762365358
-2.49582658546624 2.06556558527732 -2.49587762365358 -2.49583280301859 2.49583569819819 -2.49587762365358 -2.06555173280847 2.4958341212648 -2.49587762365358 -2.01313910123489 2.07326651574771 -2.49587762365358
-1.4385681248958 1.44001980715411 -2.49587762365358 -1.47060225906992 1.89557040827414 -2.49587762365358 -0.667943553368036 1.97411073366515 -2.49587762365358 -0.752434744151779 1.40698267104166 -2.49587762365358
-0.752434744151779 1.40698267104166 -2.49587762365358 -0.667943553368036 1.97411073366515 -2.49587762365358 1.78435990551513e-05 1.76534005940927 -2.49587762365358 1.91772293183083e-05 1.31029824919736 -2.49587762365358
-0.667943553368036 1.97411073366515 -2.49587762365358 -0.696457249284034 2.4958391810866 -2.49587762365358 1.69053944958042e-05 2.49584101250007 -2.49587762365358 1.78435990551513e-05 1.76534005940927 -2.49587762365358
-1.47060225906992 1.89557040827414 -2.49587762365358 -1.50155611824654 2.49583442810038 -2.49587762365358 -0.696457249284034 2.4958391810866 -2.49587762365358 -0.667943553368036 1.97411073366515 -2.49587762365358
1.91772293183083e-05 1.31029824919736 -2.49587762365358 1.78435990551513e-05 1.76534005940927 -2.49587762365358 0.667978703691863 1.9741124530745 -2.49587762365358 0.752466327347877 1.40698223454644 -2.49587762365358
0.752466327347877 1.40698223454644 -2.49587762365358 0.667978703691863 1.9741124530745 -2.49587762365358 1.4706329476604 1.89556833954516 -2.49587762365358 1.43859969280675 1.44001635845195 -2.49587762365358
0.667978703691863 1.9741124530745 -2.49587762365358 0.696490984150772 2.4958396255317 -2.49587762365358 1.50158993635122 2.49583219827376 -2.49587762365358 1.4706329476604 1.89556833954516 -2.49587762365358
1.78435990551513e-05 1.76534005940927 -2.49587762365358 1.69053944958042e-05 2.49584101250007 -2.49587762365358 0.696490984150772 2.4958396255317 -2.49587762365358 0.667978703691863 1.9741124530745 -2.49587762365358
1.43859969280675 1.44001635845195 -2.49587762365358 1.4706329476604 1.89556833954516 -2.49587762365358 2.01318432249086 2.07326577569574 -2.49587762365358 2.03022959847183 1.50146181587681 -2.49587762365358
2.03022959847183 1.50146181587681 -2.49587762365358 2.01318432249086 2.07326577569574 -2.49587762365358 2.495871592822 2.06555145065877 -2.49587762365358 2.49586026869012 1.50155201256217 -2.49587762365358
2.01318432249086 2.07326577569574 -2.49587762365358 2.06559679263269 2.49583470991929 -2.49587762365358 2.49587762365358 2.49582866126355 -2.49587762365358 2.495871592822 2.06555145065877 -2.49587762365358
1.4706329476604 1.89556833954516 -2.49587762365358 1.50158993635122 2.49583219827376 -2.49587762365358 2.06559679263269 2.49583470991929 -2.49587762365358 2.01318432249086 2.07326577569574 -2.49587762365358
-2.49586283272215 2.49587762365358 -2.49583857730201 -2.49586284633103 2.49587762365358 -2.06556136824212 -2.01316947091348 2.49587762365358 -2.07326900522495 -2.06558200044235 2.49587762365358 -2.49583858146644
-2.06558200044235 2.49587762365358 -2.49583858146644 -2.01316947091348 2.49587762365358 -2.07326900522495 -1.47063255814917 2.49587762365358 -1.89556822582594 -1.50158614449187 2.49587762365358 -2.4958364991226
-2.01316947091348 2.49587762365358 -2.07326900522495 -2.03022878035562 2.49587762365358 -1.50146518887724 -1.43859818887787 2.49587762365358 -1.44000880313905 -1.47063255814917 2.49587762365358 -1.89556822582594
-2.49586284633103 2.49587762365358 -2.06556136824212 -2.49586098393687 2.49587762365358 -1.50156193075201 -2.03022878035562 2.49587762365358 -1.50146518887724 -2.01316947091348 2.49587762365358 -2.07326900522495
-1.50158614449187 2.49587762365358 -2.4958364991226 -1.47063255814917 2.49587762365358 -1.89556822582594 -0.667974006412072 2.49587762365358 -1.97411212241287 -0.696487192097586 2.49587762365358 -2.49583907058697
-0.696487192097586 2.49587762365358 -2.49583907058697 -0.667974006412072 2.49587762365358 -1.97411212241287 -1.27806769567609e-05 2.49587762365358 -1.76534089924597 -1.31204241869191e-05 2.49587762365358 -2.4958418540261
-0.667974006412072 2.49587762365358 -1.97411212241287 -0.752463962403228 2.49587762365358 -1.40698117924508 -9.52767877457624e-06 2.49587762365358 -1.31030035587315 -1.27806769567609e-05 2.49587762365358 -1.76534089924597
-1.47063255814917 2.49587762365358 -1.89556822582594 -1.43859818887787 2.49587762365358 -1.44000880313905 -0.752463962403228 2.49587762365358 -1.40698117924508 -0.667974006412072 2.49587762365358 -1.97411212241287
-1.31204241869191e-05 2.49587762365358 -2.4958418540261 -1.27806769567609e-05 2.49587762365358 -1.76534089924597 0.667948250288514 2.49587762365358 -1.97411274661115 0.69646103244967 2.49587762365358 -2.49584124424622
0.69646103244967 2.49587762365358 -2.49584124424622 0.667948250288514 2.49587762365358 -1.97411274661115 1.47060709333193 2.49587762365358 -1.89557382650695 1.50155990160697 2.49587762365358 -2.49583790081461
0.667948250288514 2.49587762365358 -1.97411274661115 0.752440436110262 2.49587762365358 -1.40698483168586 1.43857375834007 2.49587762365358 -1.44002317138611 1.47060709333193 2.49587762365358 -1.89557382650695
-1.27806769567609e-05 2.49587762365358 -1.76534089924597 -9.52767877457624e-06 2.49587762365358 -1.31030035587315 0.752440436110262 2.49587762365358 -1.40698483168586 0.667948250288514 2.49587762365358 -1.97411274661115
1.50155990160697 2.49587762365358 -2.49583790081461 1.47060709333193 2.49587762365358 -1.89557382650695 2.01314362242566 2.49587762365358 -2.07327088171983 2.06555551841057 2.49587762365358 -2.49583858146644
2.06555551841057 2.49587762365358 -2.49583858146644 2.01314362242566 2.49587762365358 -2.07327088171983 2.49583700504626 2.49587762365358 -2.06556369269699 2.49583658931757 2.49587762365358 -2.49584090334383
2.01314362242566 2.49587762365358 -2.07327088171983 2.03020568889552 2.49587762365358 -1.50147006174087 2.49583796959307 2.49587762365358 -1.50157135809084 2.49583700504626 2.49587762365358 -2.06556369269699
1.47060709333193 2.49587762365358 -1.89557382650695 1.43857375834007 2.49587762365358 -1.44002317138611 2.03020568889552 2.49587762365358 -1.50147006174087 2.01314362242566 2.49587762365358 -2.07327088171983
-2.49586098393687 2.49587762365358 -1.50156193075201 -2.49585392958937 2.49587762365358 -0.696459259924157 -1.94067199818285 2.49587762365358 -0.754854902431997 -2.03022878035562 2.49587762365358 -1.50146518887724
-2.03022878035562 2.49587762365358 -1.50146518887724 -1.94067199818285 2.49587762365358 -0.754854902431997 -1.37755702184521 2.49587762365358 -0.717093893625966 -1.43859818887787 2.49587762365358 -1.44000880313905
-1.94067199818285 2.49587762365358 -0.754854902431997 -1.92501186456641 2.49587762365358 1.52778735415381e-05 -1.32142387232311 2.49587762365358 1.54415424747801e-05 -1.37755702184521 2.49587762365358 -0.717093893625966
-2.49585392958937 2.49587762365358 -0.696459259924157 -2.49585246669353 2.49587762365358 1.61233881966091e-05 -1.92501186456641 2.49587762365358 1.52778735415381e-05 -1.94067199818285 2.49587762365358 -0.754854902431997
-1.43859818887787 2.49587762365358 -1.44000880313905 -1.37755702184521 2.49587762365358 -0.717093893625966 -0.688095371098049 2.49587762365358 -0.706288551085915 -0.752463962403228 2.49587762365358 -1.40698117924508
-0.752463962403228 2.49587762365358 -1.40698117924508 -0.688095371098049 2.49587762365358 -0.706288551085915 -2.97390245733586e-06 2.49587762365358 -0.70228590110832 -9.52767877457624e-06 2.49587762365358 -1.31030035587315
-0.688095371098049 2.49587762365358 -0.706288551085915 -0.674423890394099 2.49587762365358 -1.50946774049279e-06 7.3844456357187e-06 2.49587762365358 -7.19066208595209e-06 -2.97390245733586e-06 2.49587762365358 -0.70228590110832
-1.37755702184521 2.49587762365358 -0.717093893625966 -1.32142387232311 2.49587762365358 1.54415424747801e-05 -0.674423890394099 2.49587762365358 -1.50946774049279e-06 -0.688095371098049 2.49587762365358 -0.706288551085915
-9.52767877457624e-06 2.49587762365358 -1.31030035587315 -2.97390245733586e-06 2.49587762365358 -0.70228590110832 0.688073743693575 2.49587762365358 -0.706287489154442 0.752440436110262 2.49587762365358 -1.40698483168586
0.752440436110262 2.49587762365358 -1.40698483168586 0.688073743693575 2.49587762365358 -0.706287489154442 1.37752455595977 2.49587762365358 -0.717110324425173 1.43857375834007 2.49587762365358 -1.44002317138611
0.688073743693575 2.49587762365358 -0.706287489154442 0.674420463736873 2.49587762365358 1.85059287970834e-07 1.32140366588067 2.49587762365358 -8.93251929412515e-06 1.37752455595977 2.49587762365358 -0.717110324425173
-2.97390245733586e-06 2.49587762365358 -0.70228590110832 7.3844456357187e-06 2.49587762365358 -7.19066208595209e-06 0.674420463736873 2.49587762365358 1.85059287970834e-07 0.688073743693575 2.49587762365358 -0.706287489154442
1.43857375834007 2.49587762365358 -1.44002317138611 1.37752455595977 2.49587762365358 -0.717110324425173 1.94065620949802 2.49587762365358 -0.75485889937656 2.03020568889552 2.49587762365358 -1.50147006174087
2.03020568889552 2.49587762365358 -1.50147006174087 1.94065620949802 2.49587762365358 -0.75485889937656 2.49583871205953 2.49587762365358 -0.69646868719267 2.49583796959307 2.49587762365358 -1.50157135809084
1.94065620949802 2.49587762365358 -0.75485889937656 1.92499163375556 2.49587762365358 -1.76321151384578e-05 2.49583163768524 2.49587762365358 1.5996663731989e-05 2.49583871205953 2.49587762365358 -0.69646868719267
1.37752455595977 2.49587762365358 -0.717110324425173 1.32140366588067 2.49587762365358 -8.93251929412515e-06 1.92499163375556 2.49587762365358 -1.76321151384578e-05 1.94065620949802 2.49587762365358 -0.75485889937656
-2.49585246669353 2.49587762365358 1.61233881966091e-05 -2.49585186638541 2.49587762365358 0.696491506701851 -1.94066956777409 2.49587762365358 0.754885524994538 -1.92501186456641 2.49587762365358 1.52778735415381e-05
-1.92501186456641 2.49587762365358 1.52778735415381e-05 -1.94066956777409 2.49587762365358 0.754885524994538 -1.3775537111468 2.49587762365358 0.71712783014929 -1.32142387232311 2.49587762365358 1.54415424747801e-05
-1.94066956777409 2.49587762365358 0.754885524994538 -2.0302001670375 2.49587762365358 1.5014656671737 -1.4385681248958 2.49587762365358 1.44001980715411 -1.3775537111468 2.49587762365358 0.71712783014929
-2.49585186638541 2.49587762365358 0.696491506701851 -2.4958324484472 2.49587762365358 1.50156614784336 -2.0302001670375 2.49587762365358 1.5014656671737 -1.94066956777409 2.49587762365358 0.754885524994538
-1.32142387232311 2.49587762365358 1.54415424747801e-05 -1.3775537111468 2.49587762365358 0.71712783014929 -0.688082723412621 2.49587762365358 0.706286505280857 -0.674423890394099 2.49587762365358 -1.50946774049279e-06
-0.674423890394099 2.49587762365358 -1.50946774049279e-06 -0.688082723412621 2.49587762365358 0.706286505280857 1.17300901011394e-05 2.49587762365358 0.702272876996667 7.3844456357187e-06 2.49587762365358 -7.19066208595209e-06
-0.688082723412621 2.49587762365358 0.706286505280857 -0.752434744151779 2.49587762365358 1.40698267104166 1.91772293183083e-05 2.49587762365358 1.31029824919736 1.17300901011394e-05 2.49587762365358 0.702272876996667
-1.3775537111468 2.49587762365358 0.71712783014929 -1.4385681248958 2.49587762365358 1.44001980715411 -0.752434744151779 2.49587762365358 1.40698267104166 -0.688082723412621 2.49587762365358 0.706286505280857
7.3844456357187e-06 2.49587762365358 -7.19066208595209e-06 1.17300901011394e-05 2.49587762365358 0.702272876996667 0.688093793936277 2.49587762365358 0.706287600559555 0.674420463736873 2.49587762365358 1.85059287970834e-07
0.674420463736873 2.49587762365358 1.85059287970834e-07 0.688093793936277 2.49587762365358 0.706287600559555 1.37754359896883 2.49587762365358 0.717102370708971 1.32140366588067 2.49587762365358 -8.93251929412515e-06
0.688093793936277 2.49587762365358 0.706287600559555 0.752466327347877 2.49587762365358 1.40698223454644 1.43859969280675 2.49587762365358 1.44001635845195 1.37754359896883 2.49587762365358 0.717102370708971
1.17300901011394e-05 2.49587762365358 0.702272876996667 1.91772293183083e-05 2.49587762365358 1.31029824919736 0.752466327347877 2.49587762365358 1.40698223454644 0.688093793936277 2.49587762365358 0.706287600559555
1.32140366588067 2.49587762365358 -8.93251929412515e-06 1.37754359896883 2.49587762365358 0.717102370708971 1.94066139765647 2.49587762365358 0.754853531263893 1.92499163375556 2.49587762365358 -1.76321151384578e-05
1.92499163375556 2.49587762365358 -1.76321151384578e-05 1.94066139765647 2.49587762365358 0.754853531263893 2.49584243008075 2.49587762365358 0.696449342225098 2.49583163768524 2.49587762365358 1.5996663731989e-05
1.94066139765647 2.49587762365358 0.754853531263893 2.03022959847183 2.49587762365358 1.50146181587681 2.49586026869012 2.49587762365358 1.50155201256217 2.49584243008075 2.49587762365358 0.696449342225098
1.37754359896883 2.49587762365358 0.717102370708971 1.43859969280675 2.49587762365358 1.44001635845195 2.03022959847183 2.49587762365358 1.50146181587681 1.94066139765647 2.49587762365358 0.754853531263893
-2.4958324484472 2.49587762365358 1.50156614784336 -2.49582658546624 2.49587762365358 2.06556558527732 -2.01313910123489 2.49587762365358 2.07326651574771 -2.0302001670375 2.49587762365358 1.5014656671737
-2.0302001670375 2.49587762365358 1.5014656671737 -2.01313910123489 2.49587762365358 2.07326651574771 -1.47060225906992 2.49587762365358 1.89557040827414 -1.4385681248958 2.49587762365358 1.44001980715411
-2.01313910123489 2.49587762365358 2.07326651574771 -2.06555173280847 2.49587762365358 2.4958341212648 -1.50155611824654 2.49587762365358 2.49583442810038 -1.47060225906992 2.49587762365358 1.89557040827414
-2.49582658546624 2.49587762365358 2.06556558527732 -2.49583280301859 2.49587762365358 2.49583569819819 -2.06555173280847 2.49587762365358 2.4958341212648 -2.01313910123489 2.49587762365358 2.07326651574771
-1.4385681248958 2.49587762365358 1.44001980715411 -1.47060225906992 2.49587762365358 1.89557040827414 -0.667943553368036 2.49587762365358 1.97411073366515 -0.752434744151779 2.49587762365358 1.40698267104166
-0.752434744151779 2.49587762365358 1.40698267104166 -0.667943553368036 2.49587762365358 1.97411073366515 1.78435990551513e-05 2.49587762365358 1.76534005940927 1.91772293183083e-05 2.49587762365358 1.31029824919736
-0.667943553368036 2.49587762365358 1.97411073366515 -0.696457249284034 2.49587762365358 2.4958391810866 1.69053944958042e-05 2.49587762365358 2.49584101250007 1.78435990551513e-05 2.49587762365358 1.76534005940927
-1.47060225906992 2.49587762365358 1.89557040827414 -1.50155611824654 2.49587762365358 2.49583442810038 -0.696457249284034 2.49587762365358 2.4958391810866 -0.667943553368036 2.49587762365358 1.97411073366515
1.91772293183083e-05 2.49587762365358 1.31029824919736 1.78435990551513e-05 2.49587762365358 1.76534005940927 0.667978703691863 2.49587762365358 1.9741124530745 0.752466327347877 2.49587762365358 1.40698223454644
0.752466327347877 2.49587762365358 1.40698223454644 0.667978703691863 2.49587762365358 1.9741124530745 1.4706329476604 2.49587762365358 1.89556833954516 1.43859969280675 2.49587762365358 1.44001635845195
0.667978703691863 2.49587762365358 1.9741124530745 0.696490984150772 2.49587762365358 2.4958396255317 1.50158993635122 2.49587762365358 2.49583219827376 1.4706329476604 2.49587762365358 1.89556833954516
1.78435990551513e-05 2.49587762365358 1.76534005940927 1.69053944958042e-05 2.49587762365358 2.49584101250007 0.696490984150772 2.49587762365358 2.4958396255317 0.667978703691863 2.49587762365358 1.9741124530745
1.43859969280675 2.49587762365358 1.44001635845195 1.4706329476604 2.49587762365358 1.89556833954516 2.01318432249086 2.49587762365358 2.07326577569574 2.03022959847183 2.49587762365358 1.50146181587681
2.03022959847183 2.49587762365358 1.50146181587681 2.01318432249086 2.49587762365358 2.07326577569574 2.495871592822 2.49587762365358 2.06555145065877 2.49586026869012 2.49587762365358 1.50155201256217
2.01318432249086 2.49587762365358 2.07326577569574 2.06559679263269 2.49587762365358 2.49583470991929 2.49587762365358 2.49587762365358 2.49582866126355 2.495871592822 2.49587762365358 2.06555145065877
1.4706329476604 2.49587762365358 1.89556833954516 1.50158993635122 2.49587762365358 2.49583219827376 2.06559679263269 2.49587762365358 2.49583470991929 2.01318432249086 2.49587762365358 2.07326577569574
2.49587762365358 -2.49586283272215 -2.49583857730201 2.49587762365358 -2.06558200044235 -2.49583858146644 2.49587762365358 -2.01316947091348 -2.07326900522495 2.49587762365358 -2.49586284633103 -2.06556136824212
2.49587762365358 -2.06558200044235 -2.49583858146644 2.49587762365358 -1.50158614449187 -2.4958364991226 2.49587762365358 -1.47063255814917 -1.89556822582594 2.49587762365358 -2.01316947091348 -2.07326900522495
2.49587762365358 -2.01316947091348 -2.07326900522495 2.49587762365358 -1.47063255814917 -1.89556822582594 2.49587762365358 -1.43859818887787 -1.44000880313905 2.49587762365358 -2.03022878035562 -1.50146518887724
2.49587762365358 -2.49586284633103 -2.06556136824212 2.49587762365358 -2.01316947091348 -2.07326900522495 2.49587762365358 -2.03022878035562 -1.50146518887724 2.49587762365358 -2.49586098393687 -1.50156193075201
2.49587762365358 -1.50158614449187 -2.4958364991226 2.49587762365358 -0.696487192097586 -2.49583907058697 2.49587762365358 -0.667974006412072 -1.97411212241287 2.49587762365358 -1.47063255814917 -1.89556822582594
2.49587762365358 -0.696487192097586 -2.49583907058697 2.49587762365358 -1.31204241869191e-05 -2.4958418540261 2.49587762365358 -1.27806769567609e-05 -1.76534089924597 2.49587762365358 -0.667974006412072 -1.97411212241287
2.49587762365358 -0.667974006412072 -1.97411212241287 2.49587762365358 -1.27806769567609e-05 -1.76534089924597 2.49587762365358 -9.52767877457624e-06 -1.31030035587315 2.49587762365358 -0.752463962403228 -1.40698117924508
2.49587762365358 -1.47063255814917 -1.89556822582594 2.49587762365358 -0.667974006412072 -1.97411212241287 2.49587762365358 -0.752463962403228 -1.40698117924508 2.49587762365358 -1.43859818887787 -1.44000880313905
2.49587762365358 -1.31204241869191e-05 -2.4958418540261 2.49587762365358 0.69646103244967 -2.49584124424622 2.49587762365358 0.667948250288514 -1.97411274661115 2.49587762365358 -1.27806769567609e-05 -1.76534089924597
2.49587762365358 0.69646103244967 -2.49584124424622 2.49587762365358 1.50155990160697 -2.49583790081461 2.49587762365358 1.47060709333193 -1.89557382650695 2.49587762365358 0.667948250288514 -1.97411274661115
2.49587762365358 0.667948250288514 -1.97411274661115 2.49587762365358 1.47060709333193 -1.89557382650695 2.49587762365358 1.43857375834007 -1.44002317138611 2.49587762365358 0.752440436110262 -1.40698483168586
2.49587762365358 -1.27806769567609e-05 -1.76534089924597 2.49587762365358 0.667948250288514 -1.97411274661115 2.49587762365358 0.752440436110262 -1.40698483168586 2.49587762365358 -9.52767877457624e-06 -1.31030035587315
2.49587762365358 1.50155990160697 -2.49583790081461 2.49587762365358 2.06555551841057 -2.49583858146644 2.49587762365358 2.01314362242566 -2.07327088171983 2.49587762365358 1.47060709333193 -1.89557382650695
2.49587762365358 2.06555551841057 -2.49583858146644 2.49587762365358 2.49583658931757 -2.49584090334383 2.49587762365358 2.49583700504626 -2.06556369269699 2.49587762365358 2.01314362242566 -2.07327088171983
2.49587762365358 2.01314362242566 -2.07327088171983 2.49587762365358 2.49583700504626 -2.06556369269699 2.49587762365358 2.49583796959307 -1.50157135809084 2.49587762365358 2.03020568889552 -1.50147006174087
2.49587762365358 1.47060709333193 -1.89557382650695 2.49587762365358 2.01314362242566 -2.07327088171983 2.49587762365358 2.03020568889552 -1.50147006174087 2.49587762365358 1.43857375834007 -1.44002317138611
2.49587762365358 -2.49586098393687 -1.50156193075201 2.49587762365358 -2.03022878035562 -1.50146518887724 2.49587762365358 -1.94067199818285 -0.754854902431997 2.49587762365358 -2.49585392958937 -0.696459259924157
2.49587762365358 -2.03022878035562 -1.50146518887724 2.49587762365358 -1.43859818887787 -1.44000880313905 2.49587762365358 -1.37755702184521 -0.717093893625966 2.49587762365358 -1.94067199818285 -0.754854902431997
2.49587762365358 -1.94067199818285 -0.754854902431997 2.49587762365358 -1.37755702184521 -0.717093893625966 2.49587762365358 -1.32142387232311 1.54415424747801e-05 2.49587762365358 -1.92501186456641 1.52778735415381e-05
2.49587762365358 -2.49585392958937 -0.696459259924157 2.49587762365358 -1.94067199818285 -0.754854902431997 2.49587762365358 -1.92501186456641 1.52778735415381e-05 2.49587762365358 -2.49585246669353 1.61233881966091e-05
2.49587762365358 -1.43859818887787 -1.44000880313905 2.49587762365358 -0.752463962403228 -1.40698117924508 2.49587762365358 -0.688095371098049 -0.706288551085915 2.49587762365358 -1.37755702184521 -0.717093893625966
2.49587762365358 -0.752463962403228 -1.40698117924508 2.49587762365358 -9.52767877457624e-06 -1.31030035587315 2.49587762365358 -2.97390245733586e-06 -0.70228590110832 2.49587762365358 -0.688095371098049 -0.706288551085915
2.49587762365358 -0.688095371098049 -0.706288551085915 2.49587762365358 -2.97390245733586e-06 -0.70228590110832 2.49587762365358 7.3844456357187e-06 -7.19066208595209e-06 2.49587762365358 -0.674423890394099 -1.50946774049279e-06
2.49587762365358 -1.37755702184521 -0.717093893625966 2.49587762365358 -0.688095371098049 -0.706288551085915 2.49587762365358 -0.674423890394099 -1.50946774049279e-06 2.49587762365358 -1.32142387232311 1.54415424747801e-05
2.49587762365358 -9.52767877457624e-06 -1.31030035587315 2.49587762365358 0.752440436110262 -1.40698483168586 2.49587762365358 0.688073743693575 -0.706287489154442 2.49587762365358 -2.97390245733586e-06 -0.70228590110832
2.49587762365358 0.752440436110262 -1.40698483168586 2.49587762365358 1.43857375834007 -1.44002317138611 2.49587762365358 1.37752455595977 -0.717110324425173 2.49587762365358 0.688073743693575 -0.706287489154442
2.49587762365358 0.688073743693575 -0.706287489154442 2.49587762365358 1.37752455595977 -0.717110324425173 2.49587762365358 1.32140366588067 -8.93251929412515e-06 2.49587762365358 0.674420463736873 1.85059287970834e-07
2.49587762365358 -2.97390245733586e-06 -0.70228590110832 2.49587762365358 0.688073743693575 -0.706287489154442 2.49587762365358 0.674420463736873 1.85059287970834e-07 2.49587762365358 7.3844456357187e-06 -7.19066208595209e-06
2.49587762365358 1.43857375834007 -1.44002317138611 2.49587762365358 2.03020568889552 -1.50147006174087 2.49587762365358 1.94065620949802 -0.75485889937656 2.49587762365358 1.37752455595977 -0.717110324425173
2.49587762365358 2.03020568889552 -1.50147006174087 2.49587762365358 2.49583796959307 -1.50157135809084 2.49587762365358 2.49583871205953 -0.69646868719267 2.49587762365358 1.94065620949802 -0.75485889937656
2.49587762365358 1.94065620949802 -0.75485889937656 2.49587762365358 2.49583871205953 -0.69646868719267 2.49587762365358 2.49583163768524 1.5996663731989e-05 2.49587762365358 1.92499163375556 -1.76321151384578e-05
2.49587762365358 1.37752455595977 -0.717110324425173 2.49587762365358 1.94065620949802 -0.75485889937656 2.49587762365358 1.92499163375556 -1.76321151384578e-05 2.49587762365358 1.32140366588067 -8.93251929412515e-06
2.49587762365358 -2.49585246669353 1.61233881966091e-05 2.49587762365358 -1.92501186456641 1.52778735415381e-05 2.49587762365358 -1.94066956777409 0.754885524994538 2.49587762365358 -2.49585186638541 0.696491506701851
2.49587762365358 -1.92501186456641 1.52778735415381e-05 2.49587762365358 -1.32142387232311 1.54415424747801e-05 2.49587762365358 -1.3775537111468 0.71712783014929 2.49587762365358 -1.94066956777409 0.754885524994538
2.49587762365358 -1.94066956777409 0.754885524994538 2.49587762365358 -1.3775537111468 0.71712783014929 2.49587762365358 -1.4385681248958 1.44001980715411 2.49587762365358 -2.0302001670375 1.5014656671737
2.49587762365358 -2.49585186638541 0.696491506701851 2.49587762365358 -1.94066956777409 0.754885524994538 2.49587762365358 -2.0302001670375 1.5014656671737 2.49587762365358 -2.4958324484472 1.50156614784336
2.49587762365358 -1.32142387232311 1.54415424747801e-05 2.49587762365358 -0.674423890394099 -1.50946774049279e-06 2.49587762365358 -0.688082723412621 0.706286505280857 2.49587762365358 -1.3775537111468 0.71712783014929
2.49587762365358 -0.674423890394099 -1.50946774049279e-06 2.49587762365358 7.3844456357187e-06 -7.19066208595209e-06 2.49587762365358 1.17300901011394e-05 0.702272876996667 2.49587762365358 -0.688082723412621 0.706286505280857
2.49587762365358 -0.688082723412621 0.706286505280857 2.49587762365358 1.17300901011394e-05 0.702272876996667 2.49587762365358 1.91772293183083e-05 1.31029824919736 2.49587762365358 -0.752434744151779 1.40698267104166
2.49587762365358 -1.3775537111468 0.71712783014929 2.49587762365358 -0.688082723412621 0.706286505280857 2.49587762365358 -0.752434744151779 1.40698267104166 2.49587762365358 -1.4385681248958 1.44001980715411
2.49587762365358 7.3844456357187e-06 -7.19066208595209e-06 2.49587762365358 0.674420463736873 1.85059287970834e-07 2.49587762365358 0.688093793936277 0.706287600559555 2.49587762365358 1.17300901011394e-05 0.702272876996667
2.49587762365358 0.674420463736873 1.85059287970834e-07 2.49587762365358 1.32140366588067 -8.93251929412515e-06 2.49587762365358 1.37754359896883 0.717102370708971 2.49587762365358 0.688093793936277 0.706287600559555
2.49587762365358 0.688093793936277 0.706287600559555 2.49587762365358 1.37754359896883 0.717102370708971 2.49587762365358 1.43859969280675 1.44001635845195 2.49587762365358 0.752466327347877 1.40698223454644
2.49587762365358 1.17300901011394e-05 0.702272876996667 2.49587762365358 0.688093793936277 0.706287600559555 2.49587762365358 0.752466327347877 1.40698223454644 2.49587762365358 1.91772293183083e-05 1.31029824919736
2.49587762365358 1.32140366588067 -8.93251929412515e-06 2.49587762365358 1.92499163375556 -1.76321151384578e-05 2.49587762365358 1.94066139765647 0.754853531263893 2.49587762365358 1.37754359896883 0.717102370708971
2.49587762365358 1.92499163375556 -1.76321151384578e-05 2.49587762365358 2.49583163768524 1.5996663731989e-05 2.49587762365358 2.49584243008075 0.696449342225098 2.49587762365358 1.94066139765647 0.754853531263893
2.49587762365358 1.94066139765647 0.754853531263893 2.49587762365358 2.49584243008075 0.696449342225098 2.49587762365358 2.49586026869012 1.50155201256217 2.49587762365358 2.03022959847183 1.50146181587681
2.49587762365358 1.37754359896883 0.717102370708971 2.49587762365358 1.94066139765647 0.754853531263893 2.49587762365358 2.03022959847183 1.50146181587681 2.49587762365358 1.43859969280675 1.44001635845195
2.49587762365358 -2.4958324484472 1.50156614784336 2.49587762365358 -2.0302001670375 1.5014656671737 2.49587762365358 -2.01313910123489 2.07326651574771 2.49587762365358 -2.49582658546624 2.06556558527732
2.49587762365358 -2.0302001670375 1.5014656671737 2.49587762365358 -1.4385681248958 1.44001980715411 2.49587762365358 -1.47060225906992 1.89557040827414 2.49587762365358 -2.01313910123489 2.07326651574771
2.49587762365358 -2.01313910123489 2.07326651574771 2.49587762365358 -1.47060225906992 1.89557040827414 2.49587762365358 -1.50155611824654 2.49583442810038 2.49587762365358 -2.06555173280847 2.4958341212648
2.49587762365358 -2.49582658546624 2.06556558527732 2.49587762365358 -2.01313910123489 2.07326651574771 2.49587762365358 -2.06555173280847 2.4958341212648 2.49587762365358 -2.49583280301859 2.49583569819819
2.49587762365358 -1.4385681248958 1.44001980715411 2.49587762365358 -0.752434744151779 1.40698267104166 2.49587762365358 -0.667943553368036 1.97411073366515 2.49587762365358 -1.47060225906992 1.89557040827414
2.49587762365358 -0.752434744151779 1.40698267104166 2.49587762365358 1.91772293183083e-05 1.31029824919736 2.49587762365358 1.78435990551513e-05 1.76534005940927 2.49587762365358 -0.667943553368036 1.97411073366515
2.49587762365358 -0.667943553368036 1.97411073366515 2.49587762365358 1.78435990551513e-05 1.76534005940927 2.49587762365358 1.69053944958042e-05 2.49584101250007 2.49587762365358 -0.696457249284034 2.4958391810866
2.49587762365358 -1.47060225906992 1.89557040827414 2.49587762365358 -0.667943553368036 1.97411073366515 2.49587762365358 -0.696457249284034 2.4958391810866 2.49587762365358 -1.50155611824654 2.49583442810038
2.49587762365358 1.91772293183083e-05 1.31029824919736 2.49587762365358 0.752466327347877 1.40698223454644 2.49587762365358 0.667978703691863 1.9741124530745 2.49587762365358 1.78435990551513e-05 1.76534005940927
2.49587762365358 0.752466327347877 1.40698223454644 2.49587762365358 1.43859969280675 1.44001635845195 2.49587762365358 1.4706329476604 1.89556833954516 2.49587762365358 0.667978703691863 1.9741124530745
2.49587762365358 0.667978703691863 1.9741124530745 2.49587762365358 1.4706329476604 1.89556833954516 2.49587762365358 1.50158993635122 2.49583219827376 2.49587762365358 0.696490984150772 2.4958396255317
2.49587762365358 1.78435990551513e-05 1.76534005940927 2.49587762365358 0.667978703691863 1.9741124530745 2.49587762365358 0.696490984150772 2.4958396255317 2.49587762365358 1.69053944958042e-05 2.49584101250007
2.49587762365358 1.43859969280675 1.44001635845195 2.49587762365358 2.03022959847183 1.50146181587681 2.49587762365358 2.01318432249086 2.07326577569574 2.49587762365358 1.4706329476604 1.89556833954516
2.49587762365358 2.03022959847183 1.50146181587681 2.49587762365358 2.49586026869012 1.50155201256217 2.49587762365358 2.495871592822 2.06555145065877 2.49587762365358 2.01318432249086 2.07326577569574
2.49587762365358 2.01318432249086 2.07326577569574 2.49587762365358 2.495871592822 2.06555145065877 2.49587762365358 2.49587762365358 2.49582866126355 2.49587762365358 2.06559679263269 2.49583470991929
2.49587762365358 1.4706329476604 1.89556833954516 2.49587762365358 2.01318432249086 2.07326577569574 2.49587762365358 2.06559679263269 2.49583470991929 2.49587762365358 1.50158993635122 2.49583219827376
-2.49587762365358 -2.49586283272215 -2.49583857730201 -2.49587762365358 -2.49586284633103 -2.06556136824212 -2.49587762365358 -2.01316947091348 -2.07326900522495 -2.49587762365358 -2.06558200044235 -2.49583858146644
-2.49587762365358 -2.06558200044235 -2.49583858146644 -2.49587762365358 -2.01316947091348 -2.07326900522495 -2.49587762365358 -1.47063255814917 -1.89556822582594 -2.49587762365358 -1.50158614449187 -2.4958364991226
-2.49587762365358 -2.01316947091348 -2.07326900522495 -2.49587762365358 -2.03022878035562 -1.50146518887724 -2.49587762365358 -1.43859818887787 -1.44000880313905 -2.49587762365358 -1.47063255814917 -1.89556822582594
-2.49587762365358 -2.49586284633103 -2.06556136824212 -2.49587762365358 -2.49586098393687 -1.50156193075201 -2.49587762365358 -2.03022878035562 -1.50146518887724 -2.49587762365358 -2.01316947091348 -2.07326900522495
-2.49587762365358 -1.50158614449187 -2.4958364991226 -2.49587762365358 -1.47063255814917 -1.89556822582594 -2.49587762365358 -0.667974006412072 -1.97411212241287 -2.49587762365358 -0.696487192097586 -2.49583907058697
-2.49587762365358 -0.696487192097586 -2.49583907058697 -2.49587762365358 -0.667974006412072 -1.97411212241287 -2.49587762365358 -1.27806769567609e-05 -1.76534089924597 -2.49587762365358 -1.31204241869191e-05 -2.4958418540261
-2.49587762365358 -0.667974006412072 -1.97411212241287 -2.49587762365358 -0.752463962403228 -1.40698117924508 -2.49587762365358 -9.52767877457624e-06 -1.31030035587315 -2.49587762365358 -1.27806769567609e-05 -1.76534089924597
-2.49587762365358 -1.47063255814917 -1.89556822582594 -2.49587762365358 -1.43859818887787 -1.44000880313905 -2.49587762365358 -0.752463962403228 -1.40698117924508 -2.49587762365358 -0.667974006412072 -1.97411212241287
-2.49587762365358 -1.31204241869191e-05 -2.4958418540261 -2.49587762365358 -1.27806769567609e-05 -1.76534089924597 -2.49587762365358 0.667948250288514 -1.97411274661115 -2.49587762365358 0.69646103244967 -2.49584124424622
-2.49587762365358 0.69646103244967 -2.49584124424622 -2.49587762365358 0.667948250288514 -1.97411274661115 -2.49587762365358 1.47060709333193 -1.89557382650695 -2.49587762365358 1.50155990160697 -2.49583790081461
-2.49587762365358 0.667948250288514 -1.97411274661115 -2.49587762365358 0.752440436110262 -1.40698483168586 -2.49587762365358 1.43857375834007 -1.44002317138611 -2.49587762365358 1.47060709333193 -1.89557382650695
-2.49587762365358 -1.27806769567609e-05 -1.76534089924597 -2.49587762365358 -9.52767877457624e-06 -1.31030035587315 -2.49587762365358 0.752440436110262 -1.40698483168586 -2.49587762365358 0.667948250288514 -1.97411274661115
-2.49587762365358 1.50155990160697 -2.49583790081461 -2.49587762365358 1.47060709333193 -1.89557382650695 -2.49587762365358 2.01314362242566 -2.07327088171983 -2.49587762365358 2.06555551841057 -2.49583858146644
-2.49587762365358 2.06555551841057 -2.49583858146644 -2.49587762365358 2.01314362242566 -2.07327088171983 -2.49587762365358 2.49583700504626 -2.06556369269699 -2.49587762365358 2.49583658931757 -2.49584090334383
-2.49587762365358 2.01314362242566 -2.07327088171983 -2.49587762365358 2.03020568889552 -1.50147006174087 -2.49587762365358 2.49583796959307 -1.50157135809084 -2.49587762365358 2.49583700504626 -2.06556369269699
-2.49587762365358 1.47060709333193 -1.89557382650695 -2.49587762365358 1.43857375834007 -1.44002317138611 -2.49587762365358 2.03020568889552 -1.50147006174087 -2.49587762365358 2.01314362242566 -2.07327088171983
-2.49587762365358 -2.49586098393687 -1.50156193075201 -2.49587762365358 -2.49585392958937 -0.696459259924157 -2.49587762365358 -1.94067199818285 -0.754854902431997 -2.49587762365358 -2.03022878035562 -1.50146518887724
-2.49587762365358 -2.03022878035562 -1.50146518887724 -2.49587762365358 -1.94067199818285 -0.754854902431997 -2.49587762365358 -1.37755702184521 -0.717093893625966 -2.49587762365358 -1.43859818887787 -1.44000880313905
-2.49587762365358 -1.94067199818285 -0.754854902431997 -2.49587762365358 -1.92501186456641 1.52778735415381e-05 -2.49587762365358 -1.32142387232311 1.54415424747801e-05 -2.49587762365358 -1.37755702184521 -0.717093893625966
-2.49587762365358 -2.49585392958937 -0.696459259924157 -2.49587762365358 -2.49585246669353 1.61233881966091e-05 -2.49587762365358 -1.92501186456641 1.52778735415381e-05 -2.49587762365358 -1.94067199818285 -0.754854902431997
-2.49587762365358 -1.43859818887787 -1.44000880313905 -2.49587762365358 -1.37755702184521 -0.717093893625966 -2.49587762365358 -0.688095371098049 -0.706288551085915 -2.49587762365358 -0.752463962403228 -1.40698117924508
-2.49587762365358 -0.752463962403228 -1.40698117924508 -2.49587762365358 -0.688095371098049 -0.706288551085915 -2.49587762365358 -2.97390245733586e-06 -0.70228590110832 -2.49587762365358 -9.52767877457624e-06 -1.31030035587315
-2.49587762365358 -0.688095371098049 -0.706288551085915 -2.49587762365358 -0.674423890394099 -1.50946774049279e-06 -2.49587762365358 7.3844456357187e-06 -7.19066208595209e-06 -2.49587762365358 -2.97390245733586e-06 -0.70228590110832
-2.49587762365358 -1.37755702184521 -0.717093893625966 -2.49587762365358 -1.32142387232311 1.54415424747801e-05 -2.49587762365358 -0.674423890394099 -1.50946774049279e-06 -2.49587762365358 -0.688095371098049 -0.706288551085915
-2.49587762365358 -9.52767877457624e-06 -1.31030035587315 -2.49587762365358 -2.97390245733586e-06 -0.70228590110832 -2.49587762365358 0.688073743693575 -0.706287489154442 -2.49587762365358 0.752440436110262 -1.40698483168586
-2.49587762365358 0.752440436110262 -1.40698483168586 -2.49587762365358 0.688073743693575 -0.706287489154442 -2.49587762365358 1.37752455595977 -0.717110324425173 -2.49587762365358 1.43857375834007 -1.44002317138611
-2.49587762365358 0.688073743693575 -0.706287489154442 -2.49587762365358 0.674420463736873 1.85059287970834e-07 -2.49587762365358 1.32140366588067 -8.93251929412515e-06 -2.49587762365358 1.37752455595977 -0.717110324425173
-2.49587762365358 -2.97390245733586e-06 -0.70228590110832 -2.49587762365358 7.3844456357187e-06 -7.19066208595209e-06 -2.49587762365358 0.674420463736873 1.85059287970834e-07 -2.49587762365358 0.688073743693575 -0.706287489154442
-2.49587762365358 1.43857375834007 -1.44002317138611 -2.49587762365358 1.37752455595977 -0.717110324425173 -2.49587762365358 1.94065620949802 -0.75485889937656 -2.49587762365358 2.03020568889552 -1.50147006174087
-2.49587762365358 2.03020568889552 -1.50147006174087 -2.49587762365358 1.94065620949802 -0.75485889937656 -2.49587762365358 2.49583871205953 -0.69646868719267 -2.49587762365358 2.49583796959307 -1.50157135809084
-2.49587762365358 1.94065620949802 -0.75485889937656 -2.49587762365358 1.92499163375556 -1.76321151384578e-05 -2.49587762365358 2.49583163768524 1.5996663731989e-05 -2.49587762365358 2.49583871205953 -0.69646868719267
-2.49587762365358 1.37752455595977 -0.717110324425173 -2.49587762365358 1.32140366588067 -8.93251929412515e-06 -2.49587762365358 1.92499163375556 -1.76321151384578e-05 -2.49587762365358 1.94065620949802 -0.75485889937656
-2.49587762365358 -2.49585246669353 1.61233881966091e-05 -2.49587762365358 -2.49585186638541 0.696491506701851 -2.49587762365358 -1.94066956777409 0.754885524994538 -2.49587762365358 -1.92501186456641 1.52778735415381e-05
-2.49587762365358 -1.92501186456641 1.52778735415381e-05 -2.49587762365358 -1.94066956777409 0.754885524994538 -2.49587762365358 -1.3775537111468 0.71712783014929 -2.49587762365358 -1.32142387232311 1.54415424747801e-05
-2.49587762365358 -1.94066956777409 0.754885524994538 -2.49587762365358 -2.0302001670375 1.5014656671737 -2.49587762365358 -1.4385681248958 1.44001980715411 -2.49587762365358 -1.3775537111468 0.71712783014929
-2.49587762365358 -2.49585186638541 0.696491506701851 -2.49587762365358 -2.4958324484472 1.50156614784336 -2.49587762365358 -2.0302001670375 1.5014656671737 -2.49587762365358 -1.94066956777409 0.754885524994538
-2.49587762365358 -1.32142387232311 1.54415424747801e-05 -2.49587762365358 -1.3775537111468 0.71712783014929 -2.49587762365358 -0.688082723412621 0.706286505280857 -2.49587762365358 -0.674423890394099 -1.50946774049279e-06
-2.49587762365358 -0.674423890394099 -1.50946774049279e-06 -2.49587762365358 -0.688082723412621 0.706286505280857 -2.49587762365358 1.17300901011394e-05 0.702272876996667 -2.49587762365358 7.3844456357187e-06 -7.19066208595209e-06
-2.49587762365358 -0.688082723412621 0.706286505280857 -2.49587762365358 -0.752434744151779 1.40698267104166 -2.49587762365358 1.91772293183083e-05 1.31029824919736 -2.49587762365358 1.17300901011394e-05 0.702272876996667
-2.49587762365358 -1.3775537111468 0.71712783014929 -2.49587762365358 -1.4385681248958 1.44001980715411 -2.49587762365358 -0.752434744151779 1.40698267104166 -2.49587762365358 -0.688082723412621 0.706286505280857
-2.49587762365358 7.3844456357187e-06 -7.19066208595209e-06 -2.49587762365358 1.17300901011394e-05 0.702272876996667 -2.49587762365358 0.688093793936277 0.706287600559555 -2.49587762365358 0.674420463736873 1.85059287970834e-07
-2.49587762365358 0.674420463736873 1.85059287970834e-07 -2.49587762365358 0.688093793936277 0.706287600559555 -2.49587762365358 1.37754359896883 0.717102370708971 -2.49587762365358 1.32140366588067 -8.93251929412515e-06
-2.49587762365358 0.688093793936277 0.706287600559555 -2.49587762365358 0.752466327347877 1.40698223454644 -2.49587762365358 1.43859969280675 1.44001635845195 -2.49587762365358 1.37754359896883 0.717102370708971
-2.49587762365358 1.17300901011394e-05 0.702272876996667 -2.49587762365358 1.91772293183083e-05 1.31029824919736 -2.49587762365358 0.752466327347877 1.40698223454644 -2.49587762365358 0.688093793936277 0.706287600559555
-2.49587762365358 1.32140366588067 -8.93251929412515e-06 -2.49587762365358 1.37754359896883 0.717102370708971 -2.49587762365358 1.94066139765647 0.754853531263893 -2.49587762365358 1.92499163375556 -1.76321151384578e-05
-2.49587762365358 1.92499163375556 -1.76321151384578e-05 -2.49587762365358 1.94066139765647 0.754853531263893 -2.49587762365358 2.49584243008075 0.696449342225098 -2.49587762365358 2.49583163768524 1.5996663731989e-05
-2.49587762365358 1.94066139765647 0.754853531263893 -2.49587762365358 2.03022959847183 1.50146181587681 -2.49587762365358 2.49586026869012 1.50155201256217 -2.49587762365358 2.49584243008075 0.696449342225098
-2.49587762365358 1.37754359896883 0.717102370708971 -2.49587762365358 1.43859969280675 1.44001635845195 -2.49587762365358 2.03022959847183 1.50146181587681 -2.49587762365358 1.94066139765647 0.754853531263893
-2.49587762365358 -2.4958324484472 1.50156614784336 -2.49587762365358 -2.49582658546624 2.06556558527732 -2.49587762365358 -2.01313910123489 2.07326651574771 -2.49587762365358 -2.0302001670375 1.5014656671737
-2.49587762365358 -2.0302001670375 1.5014656671737 -2.49587762365358 -2.01313910123489 2.07326651574771 -2.49587762365358 -1.47060225906992 1.89557040827414 -2.49587762365358 -1.4385681248958 1.44001980715411
-2.49587762365358 -2.01313910123489 2.07326651574771 -2.49587762365358 -2.06555173280847 2.4958341212648 -2.49587762365358 -1.50155611824654 2.49583442810038 -2.49587762365358 -1.47060225906992 1.89557040827414
-2.49587762365358 -2.49582658546624 2.06556558527732 -2.49587762365358 -2.49583280301859 2.49583569819819 -2.49587762365358 -2.06555173280847 2.4958341212648 -2.49587762365358 -2.01313910123489 2.07326651574771
-2.49587762365358 -1.4385681248958 1.44001980715411 -2.49587762365358 -1.47060225906992 1.89557040827414 -2.49587762365358 -0.667943553368036 1.97411073366515 -2.49587762365358 -0.752434744151779 1.40698267104166
-2.49587762365358 -0.752434744151779 1.40698267104166 -2.49587762365358 -0.667943553368036 1.97411073366515 -2.49587762365358 1.78435990551513e-05 1.76534005940927 -2.49587762365358 1.91772293183083e-05 1.31029824919736
-2.49587762365358 -0.667943553368036 1.97411073366515 -2.49587762365358 -0.696457249284034 2.4958391810866 -2.49587762365358 1.69053944958042e-05 2.49584101250007 -2.49587762365358 1.78435990551513e-05 1.76534005940927
-2.49587762365358 -1.47060225906992 1.89557040827414 -2.49587762365358 -1.50155611824654 2.49583442810038 -2.49587762365358 -0.696457249284034 2.4958391810866 -2.49587762365358 -0.667943553368036 1.97411073366515
-2.49587762365358 1.91772293183083e-05 1.31029824919736 -2.49587762365358 1.78435990551513e-05 1.76534005940927 -2.49587762365358 0.667978703691863 1.9741124530745 -2.49587762365358 0.752466327347877 1.40698223454644
-2.49587762365358 0.752466327347877 1.40698223454644 -2.49587762365358 0.667978703691863 1.9741124530745 -2.49587762365358 1.4706329476604 1.89556833954516 -2.49587762365358 1.43859969280675 1.44001635845195
-2.49587762365358 0.667978703691863 1.9741124530745 -2.49587762365358 0.696490984150772 2.4958396255317 -2.49587762365358 1.50158993635122 2.49583219827376 -2.49587762365358 1.4706329476604 1.89556833954516
-2.49587762365358 1.78435990551513e-05 1.76534005940927 -2.49587762365358 1.69053944958042e-05 2.49584101250007 -2.49587762365358 0.696490984150772 2.4958396255317 -2.49587762365358 0.667978703691863 1.9741124530745
-2.49587762365358 1.43859969280675 1.44001635845195 -2.49587762365358 1.4706329476604 1.89556833954516 -2.49587762365358 2.01318432249086 2.07326577569574 -2.49587762365358 2.03022959847183 1.50146181587681
-2.49587762365358 2.03022959847183 1.50146181587681 -2.49587762365358 2.01318432249086 2.07326577569574 -2.49587762365358 2.495871592822 2.06555145065877 -2.49587762365358 2.49586026869012 1.50155201256217
-2.49587762365358 2.01318432249086 2.07326577569574 -2.49587762365358 2.06559679263269 2.49583470991929 -2.49587762365358 2.49587762365358 2.49582866126355 -2.49587762365358 2.495871592822 2.06555145065877
-2.49587762365358 1.4706329476604 1.89556833954516 -2.49587762365358 1.50158993635122 2.49583219827376 -2.49587762365358 2.06559679263269 2.49583470991929 -2.49587762365358 2.01318432249086 2.07326577569574
