11 3 12 4
3 3 4 4
13 1 14 2
21 1 22 2
11 4 14 1
11 2 33 3
27 3 33 1
3 4 27 1
14 3 39 1
39 3 45 1
22 1 45 3
8 2 11 1
2 2 3 1
9 3 14 4
19 3 22 4
8 3 9 2
8 1 32 3
26 3 32 1
2 3 26 1
9 4 38 1
38 3 44 1
19 2 44 3
7 3 8 4
1 3 2 4
9 1 10 2
19 1 20 2
7 4 10 1
7 2 31 3
25 3 31 1
1 4 25 1
10 3 37 1
37 3 43 1
20 1 43 3
12 3 13 2
12 1 34 3
28 3 34 1
4 3 28 1
13 4 40 1
40 3 46 1
21 2 46 3
12 2 15 1
4 2 5 1
13 3 18 4
21 3 24 4
15 4 18 1
15 2 35 3
29 3 35 1
5 4 29 1
18 3 41 1
41 3 47 1
24 1 47 3
15 3 16 4
5 3 6 4
17 1 18 2
23 1 24 2
16 3 17 2
16 1 36 3
30 3 36 1
6 3 30 1
17 4 42 1
42 3 48 1
23 2 48 3
