-3.87335423476962 -3.87343480580602 -3.49230151509524 -3.87343360313502 -3.41087285672945 -3.40526735367297 -3.87335466377341 -3.49248492679051
-3.49230151509524 -3.87343360313502 -1.34807965754046 -3.87342373063875 -1.65097839441686 -3.07732778183145 -3.41087285672945 -3.40526735367297
-3.41087285672945 -3.40526735367297 -1.65097839441686 -3.07732778183145 -1.76724933179718 -1.48920837152462 -3.05000081020518 -1.20099684463554
-3.87335466377341 -3.49248492679051 -3.41087285672945 -3.40526735367297 -3.05000081020518 -1.20099684463554 -3.87335634504615 -1.34822070252217
-1.34807965754046 -3.87342373063875 5.25146657079104e-05 -3.87342335892279 5.35107012009744e-05 -2.94440590995774 -1.65097839441686 -3.07732778183145
5.25146657079104e-05 -3.87342335892279 1.34818468686798 -3.87342662126153 1.65109024447519 -3.07731788184438 5.35107012009744e-05 -2.94440590995774
5.35107012009744e-05 -2.94440590995774 1.65109024447519 -3.07731788184438 1.76726493704555 -1.48921240595504 4.20284883020115e-05 -1.50553927467778
-1.65097839441686 -3.07732778183145 5.35107012009744e-05 -2.94440590995774 4.20284883020115e-05 -1.50553927467778 -1.76724933179718 -1.48920837152462
1.34818468686798 -3.87342662126153 3.49240524200968 -3.87343360313502 3.41097888982523 -3.40527466694779 1.65109024447519 -3.07731788184438
3.49240524200968 -3.87343360313502 3.873459261916 -3.87344310024501 3.87346050946441 -3.49249321100665 3.41097888982523 -3.40527466694779
3.41097888982523 -3.40527466694779 3.87346050946441 -3.49249321100665 3.87339071504883 -1.348214505948 3.05003442762643 -1.20098590179683
1.65109024447519 -3.07731788184438 3.41097888982523 -3.40527466694779 3.05003442762643 -1.20098590179683 1.76726493704555 -1.48921240595504
-3.87335634504615 -1.34822070252217 -3.05000081020518 -1.20099684463554 -2.84200767453062 -8.83902468720122e-05 -3.87335458984841 -8.776919266452e-05
-3.05000081020518 -1.20099684463554 -1.76724933179718 -1.48920837152462 -1.64431072708755 1.73034599605192e-05 -2.84200767453062 -8.83902468720122e-05
-2.84200767453062 -8.83902468720122e-05 -1.64431072708755 1.73034599605192e-05 -1.76723326575404 1.4891392447868 -3.0500003986464 1.20082019756033
-3.87335458984841 -8.776919266452e-05 -2.84200767453062 -8.83902468720122e-05 -3.0500003986464 1.20082019756033 -3.8733554708658 1.34804451783083
-1.76724933179718 -1.48920837152462 4.20284883020115e-05 -1.50553927467778 3.04994839091331e-05 2.24530171841457e-05 -1.64431072708755 1.73034599605192e-05
4.20284883020115e-05 -1.50553927467778 1.76726493704555 -1.48921240595504 1.64427840031336 3.45241348373584e-05 3.04994839091331e-05 2.24530171841457e-05
3.04994839091331e-05 2.24530171841457e-05 1.64427840031336 3.45241348373584e-05 1.7672460567183 1.48913158049086 -1.10900476408665e-05 1.50554518742016
-1.64431072708755 1.73034599605192e-05 3.04994839091331e-05 2.24530171841457e-05 -1.10900476408665e-05 1.50554518742016 -1.76723326575404 1.4891392447868
1.76726493704555 -1.48921240595504 3.05003442762643 -1.20098590179683 2.84204780991919 -7.63187057555745e-05 1.64427840031336 3.45241348373584e-05
3.05003442762643 -1.20098590179683 3.87339071504883 -1.348214505948 3.87339472529226 -8.12949672478682e-05 2.84204780991919 -7.63187057555745e-05
2.84204780991919 -7.63187057555745e-05 3.87339472529226 -8.12949672478682e-05 3.873427992565 1.34848182257759 3.05008215125671 1.20120373450126
1.64427840031336 3.45241348373584e-05 2.84204780991919 -7.63187057555745e-05 3.05008215125671 1.20120373450126 1.7672460567183 1.48913158049086
-3.8733554708658 1.34804451783083 -3.0500003986464 1.20082019756033 -3.41094287940431 3.40510448942518 -3.87335277419623 3.49230881019508
-3.0500003986464 1.20082019756033 -1.76723326575404 1.4891392447868 -1.65112823000062 3.07720586759464 -3.41094287940431 3.40510448942518
-3.41094287940431 3.40510448942518 -1.65112823000062 3.07720586759464 -1.34827937160697 3.8733361776835 -3.49229936824446 3.87325723941994
-3.87335277419623 3.49230881019508 -3.41094287940431 3.40510448942518 -3.49229936824446 3.87325723941994 -3.8733520805001 3.87325869201496
-1.76723326575404 1.4891392447868 -1.10900476408665e-05 1.50554518742016 -8.70035790745567e-05 2.94441188164035 -1.65112823000062 3.07720586759464
-1.10900476408665e-05 1.50554518742016 1.7672460567183 1.48913158049086 1.65094125688396 3.07742906837295 -8.70035790745567e-05 2.94441188164035
-8.70035790745567e-05 2.94441188164035 1.65094125688396 3.07742906837295 1.34798496652695 3.87351850300879 -0.000147202640747267 3.8734289286481
-1.65112823000062 3.07720586759464 -8.70035790745567e-05 2.94441188164035 -0.000147202640747267 3.8734289286481 -1.34827937160697 3.8733361776835
1.7672460567183 1.48913158049086 3.05008215125671 1.20120373450126 3.41080899903917 3.40549800537787 1.65094125688396 3.07742906837295
3.05008215125671 1.20120373450126 3.873427992565 1.34848182257759 3.87328506808573 3.49274604407534 3.41080899903917 3.40549800537787
3.41080899903917 3.40549800537787 3.87328506808573 3.49274604407534 3.8732595254171 3.87369593245942 3.49220551669038 3.8736621296722
1.65094125688396 3.07742906837295 3.41080899903917 3.40549800537787 3.49220551669038 3.8736621296722 1.34798496652695 3.87351850300879
