1 3 2 4
5 1 2 2
4 1 1 4
3 2 2 3
3 1 4 2
3 3 8 4
13 2 4 3
14 1 3 4
5 3 6 4
9 1 6 2
8 1 5 4
7 2 6 3
7 1 8 2
7 3 12 4
17 2 8 3
18 1 7 4
31 3 36 4
9 3 10 4
12 1 9 4
11 2 10 3
35 2 34 3
11 1 12 2
21 2 12 3
22 1 11 4
35 1 36 2
13 3 14 4
17 1 14 2
16 1 13 4
15 2 14 3
15 1 16 2
15 3 20 4
25 2 16 3
26 1 15 4
36 1 33 4
33 2 24 3
17 3 18 4
21 1 18 2
20 1 17 4
19 2 18 3
19 1 20 2
19 3 24 4
29 2 20 3
30 1 19 4
33 1 30 2
34 1 23 4
27 3 32 4
21 3 22 4
24 1 21 4
23 2 22 3
31 2 30 3
23 1 24 2
31 1 32 2
29 1 26 2
33 3 34 4
25 3 26 4
32 1 29 4
28 1 25 4
27 2 26 3
27 1 28 2
29 3 30 4
