1 3 2 4 2
5 1 2 2 2
4 1 1 4 2
3 2 2 3 2
3 1 4 2 2
3 3 8 4 2
13 2 4 3 2
14 1 3 4 2
5 3 6 4 2
9 1 6 2 2
8 1 5 4 2
7 2 6 3 2
7 1 8 2 2
7 3 12 4 2
17 2 8 3 2
18 1 7 4 2
31 3 36 4 2
9 3 10 4 2
12 1 9 4 2
11 2 10 3 2
35 2 34 3 2
11 1 12 2 2
21 2 12 3 2
22 1 11 4 2
35 1 36 2 2
13 3 14 4 2
17 1 14 2 2
16 1 13 4 2
15 2 14 3 2
15 1 16 2 2
15 3 20 4 2
25 2 16 3 2
26 1 15 4 2
36 1 33 4 2
33 2 24 3 2
17 3 18 4 2
21 1 18 2 2
20 1 17 4 2
19 2 18 3 2
19 1 20 2 2
19 3 24 4 2
29 2 20 3 2
30 1 19 4 2
33 1 30 2 2
34 1 23 4 2
27 3 32 4 2
21 3 22 4 2
24 1 21 4 2
23 2 22 3 2
31 2 30 3 2
23 1 24 2 2
31 1 32 2 2
29 1 26 2 2
33 3 34 4 2
25 3 26 4 2
32 1 29 4 2
28 1 25 4 2
27 2 26 3 2
27 1 28 2 2
29 3 30 4 2
