-0.999999999841743 -1.99999999994612 2 -0.66666666663075 -1.66666666664085 2 -0.999999999841743 -1.33333333352414 2 -1.33333333352414 -1.66666666664085 2
-1.66666666664085 -1.33333333352414 2 -1.33333333352414 -0.999999999841743 2 -1.66666666664085 -0.66666666663075 2 -1.99999999994612 -0.999999999841743 2
-0.66666666663075 -1.66666666664085 2 -0.333333333325477 -1.99999999994612 2 -2.08764726926578e-10 -1.66666666664085 2 -0.333333333325477 -1.33333333352414 2
0.333333333473632 -1.99999999994612 2 0.666666666684625 -1.66666666664085 2 0.333333333473632 -1.33333333352414 2 -2.08764726926578e-10 -1.66666666664085 2
-2.08764726926578e-10 -0.999999999841743 2 0.333333333473632 -1.33333333352414 2 0.666666666684625 -0.999999999841743 2 0.333333333473632 -0.66666666663075 2
-0.333333333325477 -1.33333333352414 2 -2.08764726926578e-10 -0.999999999841743 2 -0.333333333325477 -0.66666666663075 2 -0.66666666663075 -0.999999999841743 2
0.666666666684625 -1.66666666664085 2 0.999999999989898 -1.99999999994612 2 1.33333333310661 -1.66666666664085 2 0.999999999989898 -1.33333333352414 2
1.33333333310661 -0.999999999841743 2 1.66666666678901 -1.33333333352414 2 2 -0.999999999841743 2 1.66666666678901 -0.66666666663075 2
-1.99999999994612 -0.333333333325477 2 -1.66666666664085 -0.66666666663075 2 -1.33333333352414 -0.333333333325477 2 -1.66666666664085 -2.08764726926578e-10 2
-0.999999999841743 -0.66666666663075 2 -0.66666666663075 -0.333333333325477 2 -0.999999999841743 -2.08764726926578e-10 2 -1.33333333352414 -0.333333333325477 2
-1.33333333352414 0.333333333473632 2 -0.999999999841743 -2.08764726926578e-10 2 -0.66666666663075 0.333333333473632 2 -0.999999999841743 0.666666666684625 2
-1.66666666664085 -2.08764726926578e-10 2 -1.33333333352414 0.333333333473632 2 -1.66666666664085 0.666666666684625 2 -1.99999999994612 0.333333333473632 2
0.666666666684625 -0.333333333325477 2 0.999999999989898 -0.66666666663075 2 1.33333333310661 -0.333333333325477 2 0.999999999989898 -2.08764726926578e-10 2
1.66666666678901 -0.66666666663075 2 2 -0.333333333325477 2 1.66666666678901 -2.08764726926578e-10 2 1.33333333310661 -0.333333333325477 2
1.33333333310661 0.333333333473632 2 1.66666666678901 -2.08764726926578e-10 2 2 0.333333333473632 2 1.66666666678901 0.666666666684625 2
0.999999999989898 -2.08764726926578e-10 2 1.33333333310661 0.333333333473632 2 0.999999999989898 0.666666666684625 2 0.666666666684625 0.333333333473632 2
-1.99999999994612 0.999999999989898 2 -1.66666666664085 0.666666666684625 2 -1.33333333352414 0.999999999989898 2 -1.66666666664085 1.33333333310661 2
-1.33333333352414 1.66666666678901 2 -0.999999999841743 1.33333333310661 2 -0.66666666663075 1.66666666678901 2 -0.999999999841743 2 2
-0.66666666663075 0.999999999989898 2 -0.333333333325477 0.666666666684625 2 -2.08764726926578e-10 0.999999999989898 2 -0.333333333325477 1.33333333310661 2
0.333333333473632 0.666666666684625 2 0.666666666684625 0.999999999989898 2 0.333333333473632 1.33333333310661 2 -2.08764726926578e-10 0.999999999989898 2
-2.08764726926578e-10 1.66666666678901 2 0.333333333473632 1.33333333310661 2 0.666666666684625 1.66666666678901 2 0.333333333473632 2 2
-0.333333333325477 1.33333333310661 2 -2.08764726926578e-10 1.66666666678901 2 -0.333333333325477 2 2 -0.66666666663075 1.66666666678901 2
1.66666666678901 0.666666666684625 2 2 0.999999999989898 2 1.66666666678901 1.33333333310661 2 1.33333333310661 0.999999999989898 2
0.999999999989898 1.33333333310661 2 1.33333333310661 1.66666666678901 2 0.999999999989898 2 2 0.666666666684625 1.66666666678901 2
-1.99999999994612 -1.66666666664085 2 -1.83333333329349 -1.83333333329349 2 -1.5000000000825 -1.5000000000825 2 -1.66666666664085 -1.33333333352414 2
-1.83333333329349 -1.83333333329349 2 -1.66666666664085 -1.99999999994612 2 -1.33333333352414 -1.66666666664085 2 -1.5000000000825 -1.5000000000825 2
-1.33333333352414 -0.999999999841743 2 -1.16666666668294 -1.16666666668294 2 -0.833333333236246 -0.833333333236246 2 -0.999999999841743 -0.66666666663075 2
-1.16666666668294 -1.16666666668294 2 -0.999999999841743 -1.33333333352414 2 -0.66666666663075 -0.999999999841743 2 -0.833333333236246 -0.833333333236246 2
1.66666666678901 -1.99999999994612 2 1.8333333333945 -1.83333333329349 2 1.49999999994781 -1.5000000000825 2 1.33333333310661 -1.66666666664085 2
1.8333333333945 -1.83333333329349 2 2 -1.66666666664085 2 1.66666666678901 -1.33333333352414 2 1.49999999994781 -1.5000000000825 2
0.999999999989898 -1.33333333352414 2 1.16666666654825 -1.16666666668294 2 0.833333333337262 -0.833333333236246 2 0.666666666684625 -0.999999999841743 2
1.16666666654825 -1.16666666668294 2 1.33333333310661 -0.999999999841743 2 0.999999999989898 -0.66666666663075 2 0.833333333337262 -0.833333333236246 2
-0.66666666663075 -0.333333333325477 2 -0.499999999978113 -0.499999999978113 2 -0.166666666767121 -0.166666666767121 2 -0.333333333325477 -2.08764726926578e-10 2
-0.499999999978113 -0.499999999978113 2 -0.333333333325477 -0.66666666663075 2 -2.08764726926578e-10 -0.333333333325477 2 -0.166666666767121 -0.166666666767121 2
0.333333333473632 -0.66666666663075 2 0.500000000079128 -0.499999999978113 2 0.166666666632434 -0.166666666767121 2 -2.08764726926578e-10 -0.333333333325477 2
0.500000000079128 -0.499999999978113 2 0.666666666684625 -0.333333333325477 2 0.333333333473632 -2.08764726926578e-10 2 0.166666666632434 -0.166666666767121 2
-2.08764726926578e-10 0.333333333473632 2 0.166666666632434 0.166666666632434 2 0.500000000079128 0.500000000079128 2 0.333333333473632 0.666666666684625 2
0.166666666632434 0.166666666632434 2 0.333333333473632 -2.08764726926578e-10 2 0.666666666684625 0.333333333473632 2 0.500000000079128 0.500000000079128 2
-0.333333333325477 -2.08764726926578e-10 2 -0.166666666767121 0.166666666632434 2 -0.499999999978113 0.500000000079128 2 -0.66666666663075 0.333333333473632 2
-0.166666666767121 0.166666666632434 2 -2.08764726926578e-10 0.333333333473632 2 -0.333333333325477 0.666666666684625 2 -0.499999999978113 0.500000000079128 2
-0.999999999841743 0.666666666684625 2 -0.833333333236246 0.833333333337262 2 -1.16666666668294 1.16666666654825 2 -1.33333333352414 0.999999999989898 2
-0.833333333236246 0.833333333337262 2 -0.66666666663075 0.999999999989898 2 -0.999999999841743 1.33333333310661 2 -1.16666666668294 1.16666666654825 2
-1.66666666664085 1.33333333310661 2 -1.5000000000825 1.49999999994781 2 -1.83333333329349 1.8333333333945 2 -1.99999999994612 1.66666666678901 2
-1.5000000000825 1.49999999994781 2 -1.33333333352414 1.66666666678901 2 -1.66666666664085 2 2 -1.83333333329349 1.8333333333945 2
0.666666666684625 0.999999999989898 2 0.833333333337262 0.833333333337262 2 1.16666666654825 1.16666666654825 2 0.999999999989898 1.33333333310661 2
0.833333333337262 0.833333333337262 2 0.999999999989898 0.666666666684625 2 1.33333333310661 0.999999999989898 2 1.16666666654825 1.16666666654825 2
1.33333333310661 1.66666666678901 2 1.49999999994781 1.49999999994781 2 1.8333333333945 1.8333333333945 2 1.66666666678901 2 2
1.49999999994781 1.49999999994781 2 1.66666666678901 1.33333333310661 2 2 1.66666666678901 2 1.8333333333945 1.8333333333945 2
-0.999999999841743 -2 -1.99999999994612 -0.66666666663075 -2 -1.66666666664085 -0.999999999841743 -2 -1.33333333352414 -1.33333333352414 -2 -1.66666666664085
-1.66666666664085 -2 -1.33333333352414 -1.33333333352414 -2 -0.999999999841743 -1.66666666664085 -2 -0.66666666663075 -1.99999999994612 -2 -0.999999999841743
-0.66666666663075 -2 -1.66666666664085 -0.333333333325477 -2 -1.99999999994612 -2.08764726926578e-10 -2 -1.66666666664085 -0.333333333325477 -2 -1.33333333352414
0.333333333473632 -2 -1.99999999994612 0.666666666684625 -2 -1.66666666664085 0.333333333473632 -2 -1.33333333352414 -2.08764726926578e-10 -2 -1.66666666664085
-2.08764726926578e-10 -2 -0.999999999841743 0.333333333473632 -2 -1.33333333352414 0.666666666684625 -2 -0.999999999841743 0.333333333473632 -2 -0.66666666663075
-0.333333333325477 -2 -1.33333333352414 -2.08764726926578e-10 -2 -0.999999999841743 -0.333333333325477 -2 -0.66666666663075 -0.66666666663075 -2 -0.999999999841743
0.666666666684625 -2 -1.66666666664085 0.999999999989898 -2 -1.99999999994612 1.33333333310661 -2 -1.66666666664085 0.999999999989898 -2 -1.33333333352414
1.33333333310661 -2 -0.999999999841743 1.66666666678901 -2 -1.33333333352414 2 -2 -0.999999999841743 1.66666666678901 -2 -0.66666666663075
-1.99999999994612 -2 -0.333333333325477 -1.66666666664085 -2 -0.66666666663075 -1.33333333352414 -2 -0.333333333325477 -1.66666666664085 -2 -2.08764726926578e-10
-0.999999999841743 -2 -0.66666666663075 -0.66666666663075 -2 -0.333333333325477 -0.999999999841743 -2 -2.08764726926578e-10 -1.33333333352414 -2 -0.333333333325477
-1.33333333352414 -2 0.333333333473632 -0.999999999841743 -2 -2.08764726926578e-10 -0.66666666663075 -2 0.333333333473632 -0.999999999841743 -2 0.666666666684625
-1.66666666664085 -2 -2.08764726926578e-10 -1.33333333352414 -2 0.333333333473632 -1.66666666664085 -2 0.666666666684625 -1.99999999994612 -2 0.333333333473632
0.666666666684625 -2 -0.333333333325477 0.999999999989898 -2 -0.66666666663075 1.33333333310661 -2 -0.333333333325477 0.999999999989898 -2 -2.08764726926578e-10
1.66666666678901 -2 -0.66666666663075 2 -2 -0.333333333325477 1.66666666678901 -2 -2.08764726926578e-10 1.33333333310661 -2 -0.333333333325477
1.33333333310661 -2 0.333333333473632 1.66666666678901 -2 -2.08764726926578e-10 2 -2 0.333333333473632 1.66666666678901 -2 0.666666666684625
0.999999999989898 -2 -2.08764726926578e-10 1.33333333310661 -2 0.333333333473632 0.999999999989898 -2 0.666666666684625 0.666666666684625 -2 0.333333333473632
-1.99999999994612 -2 0.999999999989898 -1.66666666664085 -2 0.666666666684625 -1.33333333352414 -2 0.999999999989898 -1.66666666664085 -2 1.33333333310661
-1.33333333352414 -2 1.66666666678901 -0.999999999841743 -2 1.33333333310661 -0.66666666663075 -2 1.66666666678901 -0.999999999841743 -2 2
-0.66666666663075 -2 0.999999999989898 -0.333333333325477 -2 0.666666666684625 -2.08764726926578e-10 -2 0.999999999989898 -0.333333333325477 -2 1.33333333310661
0.333333333473632 -2 0.666666666684625 0.666666666684625 -2 0.999999999989898 0.333333333473632 -2 1.33333333310661 -2.08764726926578e-10 -2 0.999999999989898
-2.08764726926578e-10 -2 1.66666666678901 0.333333333473632 -2 1.33333333310661 0.666666666684625 -2 1.66666666678901 0.333333333473632 -2 2
-0.333333333325477 -2 1.33333333310661 -2.08764726926578e-10 -2 1.66666666678901 -0.333333333325477 -2 2 -0.66666666663075 -2 1.66666666678901
1.66666666678901 -2 0.666666666684625 2 -2 0.999999999989898 1.66666666678901 -2 1.33333333310661 1.33333333310661 -2 0.999999999989898
0.999999999989898 -2 1.33333333310661 1.33333333310661 -2 1.66666666678901 0.999999999989898 -2 2 0.666666666684625 -2 1.66666666678901
-1.99999999994612 -2 -1.66666666664085 -1.83333333329349 -2 -1.83333333329349 -1.5000000000825 -2 -1.5000000000825 -1.66666666664085 -2 -1.33333333352414
-1.83333333329349 -2 -1.83333333329349 -1.66666666664085 -2 -1.99999999994612 -1.33333333352414 -2 -1.66666666664085 -1.5000000000825 -2 -1.5000000000825
-1.33333333352414 -2 -0.999999999841743 -1.16666666668294 -2 -1.16666666668294 -0.833333333236246 -2 -0.833333333236246 -0.999999999841743 -2 -0.66666666663075
-1.16666666668294 -2 -1.16666666668294 -0.999999999841743 -2 -1.33333333352414 -0.66666666663075 -2 -0.999999999841743 -0.833333333236246 -2 -0.833333333236246
1.66666666678901 -2 -1.99999999994612 1.8333333333945 -2 -1.83333333329349 1.49999999994781 -2 -1.5000000000825 1.33333333310661 -2 -1.66666666664085
1.8333333333945 -2 -1.83333333329349 2 -2 -1.66666666664085 1.66666666678901 -2 -1.33333333352414 1.49999999994781 -2 -1.5000000000825
0.999999999989898 -2 -1.33333333352414 1.16666666654825 -2 -1.16666666668294 0.833333333337262 -2 -0.833333333236246 0.666666666684625 -2 -0.999999999841743
1.16666666654825 -2 -1.16666666668294 1.33333333310661 -2 -0.999999999841743 0.999999999989898 -2 -0.66666666663075 0.833333333337262 -2 -0.833333333236246
-0.66666666663075 -2 -0.333333333325477 -0.499999999978113 -2 -0.499999999978113 -0.166666666767121 -2 -0.166666666767121 -0.333333333325477 -2 -2.08764726926578e-10
-0.499999999978113 -2 -0.499999999978113 -0.333333333325477 -2 -0.66666666663075 -2.08764726926578e-10 -2 -0.333333333325477 -0.166666666767121 -2 -0.166666666767121
0.333333333473632 -2 -0.66666666663075 0.500000000079128 -2 -0.499999999978113 0.166666666632434 -2 -0.166666666767121 -2.08764726926578e-10 -2 -0.333333333325477
0.500000000079128 -2 -0.499999999978113 0.666666666684625 -2 -0.333333333325477 0.333333333473632 -2 -2.08764726926578e-10 0.166666666632434 -2 -0.166666666767121
-2.08764726926578e-10 -2 0.333333333473632 0.166666666632434 -2 0.166666666632434 0.500000000079128 -2 0.500000000079128 0.333333333473632 -2 0.666666666684625
0.166666666632434 -2 0.166666666632434 0.333333333473632 -2 -2.08764726926578e-10 0.666666666684625 -2 0.333333333473632 0.500000000079128 -2 0.500000000079128
-0.333333333325477 -2 -2.08764726926578e-10 -0.166666666767121 -2 0.166666666632434 -0.499999999978113 -2 0.500000000079128 -0.66666666663075 -2 0.333333333473632
-0.166666666767121 -2 0.166666666632434 -2.08764726926578e-10 -2 0.333333333473632 -0.333333333325477 -2 0.666666666684625 -0.499999999978113 -2 0.500000000079128
-0.999999999841743 -2 0.666666666684625 -0.833333333236246 -2 0.833333333337262 -1.16666666668294 -2 1.16666666654825 -1.33333333352414 -2 0.999999999989898
-0.833333333236246 -2 0.833333333337262 -0.66666666663075 -2 0.999999999989898 -0.999999999841743 -2 1.33333333310661 -1.16666666668294 -2 1.16666666654825
-1.66666666664085 -2 1.33333333310661 -1.5000000000825 -2 1.49999999994781 -1.83333333329349 -2 1.8333333333945 -1.99999999994612 -2 1.66666666678901
-1.5000000000825 -2 1.49999999994781 -1.33333333352414 -2 1.66666666678901 -1.66666666664085 -2 2 -1.83333333329349 -2 1.8333333333945
0.666666666684625 -2 0.999999999989898 0.833333333337262 -2 0.833333333337262 1.16666666654825 -2 1.16666666654825 0.999999999989898 -2 1.33333333310661
0.833333333337262 -2 0.833333333337262 0.999999999989898 -2 0.666666666684625 1.33333333310661 -2 0.999999999989898 1.16666666654825 -2 1.16666666654825
1.33333333310661 -2 1.66666666678901 1.49999999994781 -2 1.49999999994781 1.8333333333945 -2 1.8333333333945 1.66666666678901 -2 2
1.49999999994781 -2 1.49999999994781 1.66666666678901 -2 1.33333333310661 2 -2 1.66666666678901 1.8333333333945 -2 1.8333333333945
-0.999999999841743 -1.99999999994612 -2 -1.33333333352414 -1.66666666664085 -2 -0.999999999841743 -1.33333333352414 -2 -0.66666666663075 -1.66666666664085 -2
-1.66666666664085 -1.33333333352414 -2 -1.99999999994612 -0.999999999841743 -2 -1.66666666664085 -0.66666666663075 -2 -1.33333333352414 -0.999999999841743 -2
-0.66666666663075 -1.66666666664085 -2 -0.333333333325477 -1.33333333352414 -2 -2.08764726926578e-10 -1.66666666664085 -2 -0.333333333325477 -1.99999999994612 -2
0.333333333473632 -1.99999999994612 -2 -2.08764726926578e-10 -1.66666666664085 -2 0.333333333473632 -1.33333333352414 -2 0.666666666684625 -1.66666666664085 -2
-2.08764726926578e-10 -0.999999999841743 -2 0.333333333473632 -0.66666666663075 -2 0.666666666684625 -0.999999999841743 -2 0.333333333473632 -1.33333333352414 -2
-0.333333333325477 -1.33333333352414 -2 -0.66666666663075 -0.999999999841743 -2 -0.333333333325477 -0.66666666663075 -2 -2.08764726926578e-10 -0.999999999841743 -2
0.666666666684625 -1.66666666664085 -2 0.999999999989898 -1.33333333352414 -2 1.33333333310661 -1.66666666664085 -2 0.999999999989898 -1.99999999994612 -2
1.33333333310661 -0.999999999841743 -2 1.66666666678901 -0.66666666663075 -2 2 -0.999999999841743 -2 1.66666666678901 -1.33333333352414 -2
-1.99999999994612 -0.333333333325477 -2 -1.66666666664085 -2.08764726926578e-10 -2 -1.33333333352414 -0.333333333325477 -2 -1.66666666664085 -0.66666666663075 -2
-0.999999999841743 -0.66666666663075 -2 -1.33333333352414 -0.333333333325477 -2 -0.999999999841743 -2.08764726926578e-10 -2 -0.66666666663075 -0.333333333325477 -2
-1.33333333352414 0.333333333473632 -2 -0.999999999841743 0.666666666684625 -2 -0.66666666663075 0.333333333473632 -2 -0.999999999841743 -2.08764726926578e-10 -2
-1.66666666664085 -2.08764726926578e-10 -2 -1.99999999994612 0.333333333473632 -2 -1.66666666664085 0.666666666684625 -2 -1.33333333352414 0.333333333473632 -2
0.666666666684625 -0.333333333325477 -2 0.999999999989898 -2.08764726926578e-10 -2 1.33333333310661 -0.333333333325477 -2 0.999999999989898 -0.66666666663075 -2
1.66666666678901 -0.66666666663075 -2 1.33333333310661 -0.333333333325477 -2 1.66666666678901 -2.08764726926578e-10 -2 2 -0.333333333325477 -2
1.33333333310661 0.333333333473632 -2 1.66666666678901 0.666666666684625 -2 2 0.333333333473632 -2 1.66666666678901 -2.08764726926578e-10 -2
0.999999999989898 -2.08764726926578e-10 -2 0.666666666684625 0.333333333473632 -2 0.999999999989898 0.666666666684625 -2 1.33333333310661 0.333333333473632 -2
-1.99999999994612 0.999999999989898 -2 -1.66666666664085 1.33333333310661 -2 -1.33333333352414 0.999999999989898 -2 -1.66666666664085 0.666666666684625 -2
-1.33333333352414 1.66666666678901 -2 -0.999999999841743 2 -2 -0.66666666663075 1.66666666678901 -2 -0.999999999841743 1.33333333310661 -2
-0.66666666663075 0.999999999989898 -2 -0.333333333325477 1.33333333310661 -2 -2.08764726926578e-10 0.999999999989898 -2 -0.333333333325477 0.666666666684625 -2
0.333333333473632 0.666666666684625 -2 -2.08764726926578e-10 0.999999999989898 -2 0.333333333473632 1.33333333310661 -2 0.666666666684625 0.999999999989898 -2
-2.08764726926578e-10 1.66666666678901 -2 0.333333333473632 2 -2 0.666666666684625 1.66666666678901 -2 0.333333333473632 1.33333333310661 -2
-0.333333333325477 1.33333333310661 -2 -0.66666666663075 1.66666666678901 -2 -0.333333333325477 2 -2 -2.08764726926578e-10 1.66666666678901 -2
1.66666666678901 0.666666666684625 -2 1.33333333310661 0.999999999989898 -2 1.66666666678901 1.33333333310661 -2 2 0.999999999989898 -2
0.999999999989898 1.33333333310661 -2 0.666666666684625 1.66666666678901 -2 0.999999999989898 2 -2 1.33333333310661 1.66666666678901 -2
-1.99999999994612 -1.66666666664085 -2 -1.66666666664085 -1.33333333352414 -2 -1.5000000000825 -1.5000000000825 -2 -1.83333333329349 -1.83333333329349 -2
-1.83333333329349 -1.83333333329349 -2 -1.5000000000825 -1.5000000000825 -2 -1.33333333352414 -1.66666666664085 -2 -1.66666666664085 -1.99999999994612 -2
-1.33333333352414 -0.999999999841743 -2 -0.999999999841743 -0.66666666663075 -2 -0.833333333236246 -0.833333333236246 -2 -1.16666666668294 -1.16666666668294 -2
-1.16666666668294 -1.16666666668294 -2 -0.833333333236246 -0.833333333236246 -2 -0.66666666663075 -0.999999999841743 -2 -0.999999999841743 -1.33333333352414 -2
1.66666666678901 -1.99999999994612 -2 1.33333333310661 -1.66666666664085 -2 1.49999999994781 -1.5000000000825 -2 1.8333333333945 -1.83333333329349 -2
1.8333333333945 -1.83333333329349 -2 1.49999999994781 -1.5000000000825 -2 1.66666666678901 -1.33333333352414 -2 2 -1.66666666664085 -2
0.999999999989898 -1.33333333352414 -2 0.666666666684625 -0.999999999841743 -2 0.833333333337262 -0.833333333236246 -2 1.16666666654825 -1.16666666668294 -2
1.16666666654825 -1.16666666668294 -2 0.833333333337262 -0.833333333236246 -2 0.999999999989898 -0.66666666663075 -2 1.33333333310661 -0.999999999841743 -2
-0.66666666663075 -0.333333333325477 -2 -0.333333333325477 -2.08764726926578e-10 -2 -0.166666666767121 -0.166666666767121 -2 -0.499999999978113 -0.499999999978113 -2
-0.499999999978113 -0.499999999978113 -2 -0.166666666767121 -0.166666666767121 -2 -2.08764726926578e-10 -0.333333333325477 -2 -0.333333333325477 -0.66666666663075 -2
0.333333333473632 -0.66666666663075 -2 -2.08764726926578e-10 -0.333333333325477 -2 0.166666666632434 -0.166666666767121 -2 0.500000000079128 -0.499999999978113 -2
0.500000000079128 -0.499999999978113 -2 0.166666666632434 -0.166666666767121 -2 0.333333333473632 -2.08764726926578e-10 -2 0.666666666684625 -0.333333333325477 -2
-2.08764726926578e-10 0.333333333473632 -2 0.333333333473632 0.666666666684625 -2 0.500000000079128 0.500000000079128 -2 0.166666666632434 0.166666666632434 -2
0.166666666632434 0.166666666632434 -2 0.500000000079128 0.500000000079128 -2 0.666666666684625 0.333333333473632 -2 0.333333333473632 -2.08764726926578e-10 -2
-0.333333333325477 -2.08764726926578e-10 -2 -0.66666666663075 0.333333333473632 -2 -0.499999999978113 0.500000000079128 -2 -0.166666666767121 0.166666666632434 -2
-0.166666666767121 0.166666666632434 -2 -0.499999999978113 0.500000000079128 -2 -0.333333333325477 0.666666666684625 -2 -2.08764726926578e-10 0.333333333473632 -2
-0.999999999841743 0.666666666684625 -2 -1.33333333352414 0.999999999989898 -2 -1.16666666668294 1.16666666654825 -2 -0.833333333236246 0.833333333337262 -2
-0.833333333236246 0.833333333337262 -2 -1.16666666668294 1.16666666654825 -2 -0.999999999841743 1.33333333310661 -2 -0.66666666663075 0.999999999989898 -2
-1.66666666664085 1.33333333310661 -2 -1.99999999994612 1.66666666678901 -2 -1.83333333329349 1.8333333333945 -2 -1.5000000000825 1.49999999994781 -2
-1.5000000000825 1.49999999994781 -2 -1.83333333329349 1.8333333333945 -2 -1.66666666664085 2 -2 -1.33333333352414 1.66666666678901 -2
0.666666666684625 0.999999999989898 -2 0.999999999989898 1.33333333310661 -2 1.16666666654825 1.16666666654825 -2 0.833333333337262 0.833333333337262 -2
0.833333333337262 0.833333333337262 -2 1.16666666654825 1.16666666654825 -2 1.33333333310661 0.999999999989898 -2 0.999999999989898 0.666666666684625 -2
1.33333333310661 1.66666666678901 -2 1.66666666678901 2 -2 1.8333333333945 1.8333333333945 -2 1.49999999994781 1.49999999994781 -2
1.49999999994781 1.49999999994781 -2 1.8333333333945 1.8333333333945 -2 2 1.66666666678901 -2 1.66666666678901 1.33333333310661 -2
-0.999999999841743 2 -1.99999999994612 -1.33333333352414 2 -1.66666666664085 -0.999999999841743 2 -1.33333333352414 -0.66666666663075 2 -1.66666666664085
-1.66666666664085 2 -1.33333333352414 -1.99999999994612 2 -0.999999999841743 -1.66666666664085 2 -0.66666666663075 -1.33333333352414 2 -0.999999999841743
-0.66666666663075 2 -1.66666666664085 -0.333333333325477 2 -1.33333333352414 -2.08764726926578e-10 2 -1.66666666664085 -0.333333333325477 2 -1.99999999994612
0.333333333473632 2 -1.99999999994612 -2.08764726926578e-10 2 -1.66666666664085 0.333333333473632 2 -1.33333333352414 0.666666666684625 2 -1.66666666664085
-2.08764726926578e-10 2 -0.999999999841743 0.333333333473632 2 -0.66666666663075 0.666666666684625 2 -0.999999999841743 0.333333333473632 2 -1.33333333352414
-0.333333333325477 2 -1.33333333352414 -0.66666666663075 2 -0.999999999841743 -0.333333333325477 2 -0.66666666663075 -2.08764726926578e-10 2 -0.999999999841743
0.666666666684625 2 -1.66666666664085 0.999999999989898 2 -1.33333333352414 1.33333333310661 2 -1.66666666664085 0.999999999989898 2 -1.99999999994612
1.33333333310661 2 -0.999999999841743 1.66666666678901 2 -0.66666666663075 2 2 -0.999999999841743 1.66666666678901 2 -1.33333333352414
-1.99999999994612 2 -0.333333333325477 -1.66666666664085 2 -2.08764726926578e-10 -1.33333333352414 2 -0.333333333325477 -1.66666666664085 2 -0.66666666663075
-0.999999999841743 2 -0.66666666663075 -1.33333333352414 2 -0.333333333325477 -0.999999999841743 2 -2.08764726926578e-10 -0.66666666663075 2 -0.333333333325477
-1.33333333352414 2 0.333333333473632 -0.999999999841743 2 0.666666666684625 -0.66666666663075 2 0.333333333473632 -0.999999999841743 2 -2.08764726926578e-10
-1.66666666664085 2 -2.08764726926578e-10 -1.99999999994612 2 0.333333333473632 -1.66666666664085 2 0.666666666684625 -1.33333333352414 2 0.333333333473632
0.666666666684625 2 -0.333333333325477 0.999999999989898 2 -2.08764726926578e-10 1.33333333310661 2 -0.333333333325477 0.999999999989898 2 -0.66666666663075
1.66666666678901 2 -0.66666666663075 1.33333333310661 2 -0.333333333325477 1.66666666678901 2 -2.08764726926578e-10 2 2 -0.333333333325477
1.33333333310661 2 0.333333333473632 1.66666666678901 2 0.666666666684625 2 2 0.333333333473632 1.66666666678901 2 -2.08764726926578e-10
0.999999999989898 2 -2.08764726926578e-10 0.666666666684625 2 0.333333333473632 0.999999999989898 2 0.666666666684625 1.33333333310661 2 0.333333333473632
-1.99999999994612 2 0.999999999989898 -1.66666666664085 2 1.33333333310661 -1.33333333352414 2 0.999999999989898 -1.66666666664085 2 0.666666666684625
-1.33333333352414 2 1.66666666678901 -0.999999999841743 2 2 -0.66666666663075 2 1.66666666678901 -0.999999999841743 2 1.33333333310661
-0.66666666663075 2 0.999999999989898 -0.333333333325477 2 1.33333333310661 -2.08764726926578e-10 2 0.999999999989898 -0.333333333325477 2 0.666666666684625
0.333333333473632 2 0.666666666684625 -2.08764726926578e-10 2 0.999999999989898 0.333333333473632 2 1.33333333310661 0.666666666684625 2 0.999999999989898
-2.08764726926578e-10 2 1.66666666678901 0.333333333473632 2 2 0.666666666684625 2 1.66666666678901 0.333333333473632 2 1.33333333310661
-0.333333333325477 2 1.33333333310661 -0.66666666663075 2 1.66666666678901 -0.333333333325477 2 2 -2.08764726926578e-10 2 1.66666666678901
1.66666666678901 2 0.666666666684625 1.33333333310661 2 0.999999999989898 1.66666666678901 2 1.33333333310661 2 2 0.999999999989898
0.999999999989898 2 1.33333333310661 0.666666666684625 2 1.66666666678901 0.999999999989898 2 2 1.33333333310661 2 1.66666666678901
-1.99999999994612 2 -1.66666666664085 -1.66666666664085 2 -1.33333333352414 -1.5000000000825 2 -1.5000000000825 -1.83333333329349 2 -1.83333333329349
-1.83333333329349 2 -1.83333333329349 -1.5000000000825 2 -1.5000000000825 -1.33333333352414 2 -1.66666666664085 -1.66666666664085 2 -1.99999999994612
-1.33333333352414 2 -0.999999999841743 -0.999999999841743 2 -0.66666666663075 -0.833333333236246 2 -0.833333333236246 -1.16666666668294 2 -1.16666666668294
-1.16666666668294 2 -1.16666666668294 -0.833333333236246 2 -0.833333333236246 -0.66666666663075 2 -0.999999999841743 -0.999999999841743 2 -1.33333333352414
1.66666666678901 2 -1.99999999994612 1.33333333310661 2 -1.66666666664085 1.49999999994781 2 -1.5000000000825 1.8333333333945 2 -1.83333333329349
1.8333333333945 2 -1.83333333329349 1.49999999994781 2 -1.5000000000825 1.66666666678901 2 -1.33333333352414 2 2 -1.66666666664085
0.999999999989898 2 -1.33333333352414 0.666666666684625 2 -0.999999999841743 0.833333333337262 2 -0.833333333236246 1.16666666654825 2 -1.16666666668294
1.16666666654825 2 -1.16666666668294 0.833333333337262 2 -0.833333333236246 0.999999999989898 2 -0.66666666663075 1.33333333310661 2 -0.999999999841743
-0.66666666663075 2 -0.333333333325477 -0.333333333325477 2 -2.08764726926578e-10 -0.166666666767121 2 -0.166666666767121 -0.499999999978113 2 -0.499999999978113
-0.499999999978113 2 -0.499999999978113 -0.166666666767121 2 -0.166666666767121 -2.08764726926578e-10 2 -0.333333333325477 -0.333333333325477 2 -0.66666666663075
0.333333333473632 2 -0.66666666663075 -2.08764726926578e-10 2 -0.333333333325477 0.166666666632434 2 -0.166666666767121 0.500000000079128 2 -0.499999999978113
0.500000000079128 2 -0.499999999978113 0.166666666632434 2 -0.166666666767121 0.333333333473632 2 -2.08764726926578e-10 0.666666666684625 2 -0.333333333325477
-2.08764726926578e-10 2 0.333333333473632 0.333333333473632 2 0.666666666684625 0.500000000079128 2 0.500000000079128 0.166666666632434 2 0.166666666632434
0.166666666632434 2 0.166666666632434 0.500000000079128 2 0.500000000079128 0.666666666684625 2 0.333333333473632 0.333333333473632 2 -2.08764726926578e-10
-0.333333333325477 2 -2.08764726926578e-10 -0.66666666663075 2 0.333333333473632 -0.499999999978113 2 0.500000000079128 -0.166666666767121 2 0.166666666632434
-0.166666666767121 2 0.166666666632434 -0.499999999978113 2 0.500000000079128 -0.333333333325477 2 0.666666666684625 -2.08764726926578e-10 2 0.333333333473632
-0.999999999841743 2 0.666666666684625 -1.33333333352414 2 0.999999999989898 -1.16666666668294 2 1.16666666654825 -0.833333333236246 2 0.833333333337262
-0.833333333236246 2 0.833333333337262 -1.16666666668294 2 1.16666666654825 -0.999999999841743 2 1.33333333310661 -0.66666666663075 2 0.999999999989898
-1.66666666664085 2 1.33333333310661 -1.99999999994612 2 1.66666666678901 -1.83333333329349 2 1.8333333333945 -1.5000000000825 2 1.49999999994781
-1.5000000000825 2 1.49999999994781 -1.83333333329349 2 1.8333333333945 -1.66666666664085 2 2 -1.33333333352414 2 1.66666666678901
0.666666666684625 2 0.999999999989898 0.999999999989898 2 1.33333333310661 1.16666666654825 2 1.16666666654825 0.833333333337262 2 0.833333333337262
0.833333333337262 2 0.833333333337262 1.16666666654825 2 1.16666666654825 1.33333333310661 2 0.999999999989898 0.999999999989898 2 0.666666666684625
1.33333333310661 2 1.66666666678901 1.66666666678901 2 2 1.8333333333945 2 1.8333333333945 1.49999999994781 2 1.49999999994781
1.49999999994781 2 1.49999999994781 1.8333333333945 2 1.8333333333945 2 2 1.66666666678901 1.66666666678901 2 1.33333333310661
2 -0.999999999841743 -1.99999999994612 2 -0.66666666663075 -1.66666666664085 2 -0.999999999841743 -1.33333333352414 2 -1.33333333352414 -1.66666666664085
2 -1.66666666664085 -1.33333333352414 2 -1.33333333352414 -0.999999999841743 2 -1.66666666664085 -0.66666666663075 2 -1.99999999994612 -0.999999999841743
2 -0.66666666663075 -1.66666666664085 2 -0.333333333325477 -1.99999999994612 2 -2.08764726926578e-10 -1.66666666664085 2 -0.333333333325477 -1.33333333352414
2 0.333333333473632 -1.99999999994612 2 0.666666666684625 -1.66666666664085 2 0.333333333473632 -1.33333333352414 2 -2.08764726926578e-10 -1.66666666664085
2 -2.08764726926578e-10 -0.999999999841743 2 0.333333333473632 -1.33333333352414 2 0.666666666684625 -0.999999999841743 2 0.333333333473632 -0.66666666663075
2 -0.333333333325477 -1.33333333352414 2 -2.08764726926578e-10 -0.999999999841743 2 -0.333333333325477 -0.66666666663075 2 -0.66666666663075 -0.999999999841743
2 0.666666666684625 -1.66666666664085 2 0.999999999989898 -1.99999999994612 2 1.33333333310661 -1.66666666664085 2 0.999999999989898 -1.33333333352414
2 1.33333333310661 -0.999999999841743 2 1.66666666678901 -1.33333333352414 2 2 -0.999999999841743 2 1.66666666678901 -0.66666666663075
2 -1.99999999994612 -0.333333333325477 2 -1.66666666664085 -0.66666666663075 2 -1.33333333352414 -0.333333333325477 2 -1.66666666664085 -2.08764726926578e-10
2 -0.999999999841743 -0.66666666663075 2 -0.66666666663075 -0.333333333325477 2 -0.999999999841743 -2.08764726926578e-10 2 -1.33333333352414 -0.333333333325477
2 -1.33333333352414 0.333333333473632 2 -0.999999999841743 -2.08764726926578e-10 2 -0.66666666663075 0.333333333473632 2 -0.999999999841743 0.666666666684625
2 -1.66666666664085 -2.08764726926578e-10 2 -1.33333333352414 0.333333333473632 2 -1.66666666664085 0.666666666684625 2 -1.99999999994612 0.333333333473632
2 0.666666666684625 -0.333333333325477 2 0.999999999989898 -0.66666666663075 2 1.33333333310661 -0.333333333325477 2 0.999999999989898 -2.08764726926578e-10
2 1.66666666678901 -0.66666666663075 2 2 -0.333333333325477 2 1.66666666678901 -2.08764726926578e-10 2 1.33333333310661 -0.333333333325477
2 1.33333333310661 0.333333333473632 2 1.66666666678901 -2.08764726926578e-10 2 2 0.333333333473632 2 1.66666666678901 0.666666666684625
2 0.999999999989898 -2.08764726926578e-10 2 1.33333333310661 0.333333333473632 2 0.999999999989898 0.666666666684625 2 0.666666666684625 0.333333333473632
2 -1.99999999994612 0.999999999989898 2 -1.66666666664085 0.666666666684625 2 -1.33333333352414 0.999999999989898 2 -1.66666666664085 1.33333333310661
2 -1.33333333352414 1.66666666678901 2 -0.999999999841743 1.33333333310661 2 -0.66666666663075 1.66666666678901 2 -0.999999999841743 2
2 -0.66666666663075 0.999999999989898 2 -0.333333333325477 0.666666666684625 2 -2.08764726926578e-10 0.999999999989898 2 -0.333333333325477 1.33333333310661
2 0.333333333473632 0.666666666684625 2 0.666666666684625 0.999999999989898 2 0.333333333473632 1.33333333310661 2 -2.08764726926578e-10 0.999999999989898
2 -2.08764726926578e-10 1.66666666678901 2 0.333333333473632 1.33333333310661 2 0.666666666684625 1.66666666678901 2 0.333333333473632 2
2 -0.333333333325477 1.33333333310661 2 -2.08764726926578e-10 1.66666666678901 2 -0.333333333325477 2 2 -0.66666666663075 1.66666666678901
2 1.66666666678901 0.666666666684625 2 2 0.999999999989898 2 1.66666666678901 1.33333333310661 2 1.33333333310661 0.999999999989898
2 0.999999999989898 1.33333333310661 2 1.33333333310661 1.66666666678901 2 0.999999999989898 2 2 0.666666666684625 1.66666666678901
2 -1.99999999994612 -1.66666666664085 2 -1.83333333329349 -1.83333333329349 2 -1.5000000000825 -1.5000000000825 2 -1.66666666664085 -1.33333333352414
2 -1.83333333329349 -1.83333333329349 2 -1.66666666664085 -1.99999999994612 2 -1.33333333352414 -1.66666666664085 2 -1.5000000000825 -1.5000000000825
2 -1.33333333352414 -0.999999999841743 2 -1.16666666668294 -1.16666666668294 2 -0.833333333236246 -0.833333333236246 2 -0.999999999841743 -0.66666666663075
2 -1.16666666668294 -1.16666666668294 2 -0.999999999841743 -1.33333333352414 2 -0.66666666663075 -0.999999999841743 2 -0.833333333236246 -0.833333333236246
2 1.66666666678901 -1.99999999994612 2 1.8333333333945 -1.83333333329349 2 1.49999999994781 -1.5000000000825 2 1.33333333310661 -1.66666666664085
2 1.8333333333945 -1.83333333329349 2 2 -1.66666666664085 2 1.66666666678901 -1.33333333352414 2 1.49999999994781 -1.5000000000825
2 0.999999999989898 -1.33333333352414 2 1.16666666654825 -1.16666666668294 2 0.833333333337262 -0.833333333236246 2 0.666666666684625 -0.999999999841743
2 1.16666666654825 -1.16666666668294 2 1.33333333310661 -0.999999999841743 2 0.999999999989898 -0.66666666663075 2 0.833333333337262 -0.833333333236246
2 -0.66666666663075 -0.333333333325477 2 -0.499999999978113 -0.499999999978113 2 -0.166666666767121 -0.166666666767121 2 -0.333333333325477 -2.08764726926578e-10
2 -0.499999999978113 -0.499999999978113 2 -0.333333333325477 -0.66666666663075 2 -2.08764726926578e-10 -0.333333333325477 2 -0.166666666767121 -0.166666666767121
2 0.333333333473632 -0.66666666663075 2 0.500000000079128 -0.499999999978113 2 0.166666666632434 -0.166666666767121 2 -2.08764726926578e-10 -0.333333333325477
2 0.500000000079128 -0.499999999978113 2 0.666666666684625 -0.333333333325477 2 0.333333333473632 -2.08764726926578e-10 2 0.166666666632434 -0.166666666767121
2 -2.08764726926578e-10 0.333333333473632 2 0.166666666632434 0.166666666632434 2 0.500000000079128 0.500000000079128 2 0.333333333473632 0.666666666684625
2 0.166666666632434 0.166666666632434 2 0.333333333473632 -2.08764726926578e-10 2 0.666666666684625 0.333333333473632 2 0.500000000079128 0.500000000079128
2 -0.333333333325477 -2.08764726926578e-10 2 -0.166666666767121 0.166666666632434 2 -0.499999999978113 0.500000000079128 2 -0.66666666663075 0.333333333473632
2 -0.166666666767121 0.166666666632434 2 -2.08764726926578e-10 0.333333333473632 2 -0.333333333325477 0.666666666684625 2 -0.499999999978113 0.500000000079128
2 -0.999999999841743 0.666666666684625 2 -0.833333333236246 0.833333333337262 2 -1.16666666668294 1.16666666654825 2 -1.33333333352414 0.999999999989898
2 -0.833333333236246 0.833333333337262 2 -0.66666666663075 0.999999999989898 2 -0.999999999841743 1.33333333310661 2 -1.16666666668294 1.16666666654825
2 -1.66666666664085 1.33333333310661 2 -1.5000000000825 1.49999999994781 2 -1.83333333329349 1.8333333333945 2 -1.99999999994612 1.66666666678901
2 -1.5000000000825 1.49999999994781 2 -1.33333333352414 1.66666666678901 2 -1.66666666664085 2 2 -1.83333333329349 1.8333333333945
2 0.666666666684625 0.999999999989898 2 0.833333333337262 0.833333333337262 2 1.16666666654825 1.16666666654825 2 0.999999999989898 1.33333333310661
2 0.833333333337262 0.833333333337262 2 0.999999999989898 0.666666666684625 2 1.33333333310661 0.999999999989898 2 1.16666666654825 1.16666666654825
2 1.33333333310661 1.66666666678901 2 1.49999999994781 1.49999999994781 2 1.8333333333945 1.8333333333945 2 1.66666666678901 2
2 1.49999999994781 1.49999999994781 2 1.66666666678901 1.33333333310661 2 2 1.66666666678901 2 1.8333333333945 1.8333333333945
-2 -0.999999999841743 -1.99999999994612 -2 -1.33333333352414 -1.66666666664085 -2 -0.999999999841743 -1.33333333352414 -2 -0.66666666663075 -1.66666666664085
-2 -1.66666666664085 -1.33333333352414 -2 -1.99999999994612 -0.999999999841743 -2 -1.66666666664085 -0.66666666663075 -2 -1.33333333352414 -0.999999999841743
-2 -0.66666666663075 -1.66666666664085 -2 -0.333333333325477 -1.33333333352414 -2 -2.08764726926578e-10 -1.66666666664085 -2 -0.333333333325477 -1.99999999994612
-2 0.333333333473632 -1.99999999994612 -2 -2.08764726926578e-10 -1.66666666664085 -2 0.333333333473632 -1.33333333352414 -2 0.666666666684625 -1.66666666664085
-2 -2.08764726926578e-10 -0.999999999841743 -2 0.333333333473632 -0.66666666663075 -2 0.666666666684625 -0.999999999841743 -2 0.333333333473632 -1.33333333352414
-2 -0.333333333325477 -1.33333333352414 -2 -0.66666666663075 -0.999999999841743 -2 -0.333333333325477 -0.66666666663075 -2 -2.08764726926578e-10 -0.999999999841743
-2 0.666666666684625 -1.66666666664085 -2 0.999999999989898 -1.33333333352414 -2 1.33333333310661 -1.66666666664085 -2 0.999999999989898 -1.99999999994612
-2 1.33333333310661 -0.999999999841743 -2 1.66666666678901 -0.66666666663075 -2 2 -0.999999999841743 -2 1.66666666678901 -1.33333333352414
-2 -1.99999999994612 -0.333333333325477 -2 -1.66666666664085 -2.08764726926578e-10 -2 -1.33333333352414 -0.333333333325477 -2 -1.66666666664085 -0.66666666663075
-2 -0.999999999841743 -0.66666666663075 -2 -1.33333333352414 -0.333333333325477 -2 -0.999999999841743 -2.08764726926578e-10 -2 -0.66666666663075 -0.333333333325477
-2 -1.33333333352414 0.333333333473632 -2 -0.999999999841743 0.666666666684625 -2 -0.66666666663075 0.333333333473632 -2 -0.999999999841743 -2.08764726926578e-10
-2 -1.66666666664085 -2.08764726926578e-10 -2 -1.99999999994612 0.333333333473632 -2 -1.66666666664085 0.666666666684625 -2 -1.33333333352414 0.333333333473632
-2 0.666666666684625 -0.333333333325477 -2 0.999999999989898 -2.08764726926578e-10 -2 1.33333333310661 -0.333333333325477 -2 0.999999999989898 -0.66666666663075
-2 1.66666666678901 -0.66666666663075 -2 1.33333333310661 -0.333333333325477 -2 1.66666666678901 -2.08764726926578e-10 -2 2 -0.333333333325477
-2 1.33333333310661 0.333333333473632 -2 1.66666666678901 0.666666666684625 -2 2 0.333333333473632 -2 1.66666666678901 -2.08764726926578e-10
-2 0.999999999989898 -2.08764726926578e-10 -2 0.666666666684625 0.333333333473632 -2 0.999999999989898 0.666666666684625 -2 1.33333333310661 0.333333333473632
-2 -1.99999999994612 0.999999999989898 -2 -1.66666666664085 1.33333333310661 -2 -1.33333333352414 0.999999999989898 -2 -1.66666666664085 0.666666666684625
-2 -1.33333333352414 1.66666666678901 -2 -0.999999999841743 2 -2 -0.66666666663075 1.66666666678901 -2 -0.999999999841743 1.33333333310661
-2 -0.66666666663075 0.999999999989898 -2 -0.333333333325477 1.33333333310661 -2 -2.08764726926578e-10 0.999999999989898 -2 -0.333333333325477 0.666666666684625
-2 0.333333333473632 0.666666666684625 -2 -2.08764726926578e-10 0.999999999989898 -2 0.333333333473632 1.33333333310661 -2 0.666666666684625 0.999999999989898
-2 -2.08764726926578e-10 1.66666666678901 -2 0.333333333473632 2 -2 0.666666666684625 1.66666666678901 -2 0.333333333473632 1.33333333310661
-2 -0.333333333325477 1.33333333310661 -2 -0.66666666663075 1.66666666678901 -2 -0.333333333325477 2 -2 -2.08764726926578e-10 1.66666666678901
-2 1.66666666678901 0.666666666684625 -2 1.33333333310661 0.999999999989898 -2 1.66666666678901 1.33333333310661 -2 2 0.999999999989898
-2 0.999999999989898 1.33333333310661 -2 0.666666666684625 1.66666666678901 -2 0.999999999989898 2 -2 1.33333333310661 1.66666666678901
-2 -1.99999999994612 -1.66666666664085 -2 -1.66666666664085 -1.33333333352414 -2 -1.5000000000825 -1.5000000000825 -2 -1.83333333329349 -1.83333333329349
-2 -1.83333333329349 -1.83333333329349 -2 -1.5000000000825 -1.5000000000825 -2 -1.33333333352414 -1.66666666664085 -2 -1.66666666664085 -1.99999999994612
-2 -1.33333333352414 -0.999999999841743 -2 -0.999999999841743 -0.66666666663075 -2 -0.833333333236246 -0.833333333236246 -2 -1.16666666668294 -1.16666666668294
-2 -1.16666666668294 -1.16666666668294 -2 -0.833333333236246 -0.833333333236246 -2 -0.66666666663075 -0.999999999841743 -2 -0.999999999841743 -1.33333333352414
-2 1.66666666678901 -1.99999999994612 -2 1.33333333310661 -1.66666666664085 -2 1.49999999994781 -1.5000000000825 -2 1.8333333333945 -1.83333333329349
-2 1.8333333333945 -1.83333333329349 -2 1.49999999994781 -1.5000000000825 -2 1.66666666678901 -1.33333333352414 -2 2 -1.66666666664085
-2 0.999999999989898 -1.33333333352414 -2 0.666666666684625 -0.999999999841743 -2 0.833333333337262 -0.833333333236246 -2 1.16666666654825 -1.16666666668294
-2 1.16666666654825 -1.16666666668294 -2 0.833333333337262 -0.833333333236246 -2 0.999999999989898 -0.66666666663075 -2 1.33333333310661 -0.999999999841743
-2 -0.66666666663075 -0.333333333325477 -2 -0.333333333325477 -2.08764726926578e-10 -2 -0.166666666767121 -0.166666666767121 -2 -0.499999999978113 -0.499999999978113
-2 -0.499999999978113 -0.499999999978113 -2 -0.166666666767121 -0.166666666767121 -2 -2.08764726926578e-10 -0.333333333325477 -2 -0.333333333325477 -0.66666666663075
-2 0.333333333473632 -0.66666666663075 -2 -2.08764726926578e-10 -0.333333333325477 -2 0.166666666632434 -0.166666666767121 -2 0.500000000079128 -0.499999999978113
-2 0.500000000079128 -0.499999999978113 -2 0.166666666632434 -0.166666666767121 -2 0.333333333473632 -2.08764726926578e-10 -2 0.666666666684625 -0.333333333325477
-2 -2.08764726926578e-10 0.333333333473632 -2 0.333333333473632 0.666666666684625 -2 0.500000000079128 0.500000000079128 -2 0.166666666632434 0.166666666632434
-2 0.166666666632434 0.166666666632434 -2 0.500000000079128 0.500000000079128 -2 0.666666666684625 0.333333333473632 -2 0.333333333473632 -2.08764726926578e-10
-2 -0.333333333325477 -2.08764726926578e-10 -2 -0.66666666663075 0.333333333473632 -2 -0.499999999978113 0.500000000079128 -2 -0.166666666767121 0.166666666632434
-2 -0.166666666767121 0.166666666632434 -2 -0.499999999978113 0.500000000079128 -2 -0.333333333325477 0.666666666684625 -2 -2.08764726926578e-10 0.333333333473632
-2 -0.999999999841743 0.666666666684625 -2 -1.33333333352414 0.999999999989898 -2 -1.16666666668294 1.16666666654825 -2 -0.833333333236246 0.833333333337262
-2 -0.833333333236246 0.833333333337262 -2 -1.16666666668294 1.16666666654825 -2 -0.999999999841743 1.33333333310661 -2 -0.66666666663075 0.999999999989898
-2 -1.66666666664085 1.33333333310661 -2 -1.99999999994612 1.66666666678901 -2 -1.83333333329349 1.8333333333945 -2 -1.5000000000825 1.49999999994781
-2 -1.5000000000825 1.49999999994781 -2 -1.83333333329349 1.8333333333945 -2 -1.66666666664085 2 -2 -1.33333333352414 1.66666666678901
-2 0.666666666684625 0.999999999989898 -2 0.999999999989898 1.33333333310661 -2 1.16666666654825 1.16666666654825 -2 0.833333333337262 0.833333333337262
-2 0.833333333337262 0.833333333337262 -2 1.16666666654825 1.16666666654825 -2 1.33333333310661 0.999999999989898 -2 0.999999999989898 0.666666666684625
-2 1.33333333310661 1.66666666678901 -2 1.66666666678901 2 -2 1.8333333333945 1.8333333333945 -2 1.49999999994781 1.49999999994781
-2 1.49999999994781 1.49999999994781 -2 1.8333333333945 1.8333333333945 -2 2 1.66666666678901 -2 1.66666666678901 1.33333333310661
