129 2 130 1 2
33 2 34 3 2
100 0 101 3 2
4 0 5 1 2
98 2 99 1 2
2 2 3 3 2
81 2 82 3 2
52 0 53 1 2
50 2 51 3 2
84 0 87 1 2
66 2 67 3 2
68 0 69 1 2
132 0 135 3 2
36 0 39 1 2
114 2 115 1 2
18 2 19 3 2
116 0 117 3 2
20 0 21 1 2
177 2 178 1 2
148 0 149 3 2
146 2 147 1 2
180 0 183 3 2
162 2 163 1 2
164 0 165 3 2
128 2 129 1 2
32 2 33 3 2
80 2 81 3 2
86 1 87 0 2
134 3 135 0 2
38 1 39 0 2
176 2 177 1 2
182 3 183 0 2
128 1 134 0 2
32 3 38 0 2
101 2 129 3 2
5 2 33 1 2
98 1 101 0 2
2 3 5 0 2
80 3 86 0 2
53 2 81 1 2
50 3 53 0 2
50 1 98 3 1
66 1 87 2 2
66 3 69 0 2
2 1 69 2 1
114 3 135 2 2
18 1 39 2 2
114 1 117 0 2
18 3 21 0 2
176 1 182 0 2
149 2 177 3 2
146 1 149 0 2
117 2 146 3 1
162 3 183 2 2
162 1 165 0 2
21 2 165 2 1
105 3 128 0 2
9 1 32 0 2
101 1 123 2 2
5 3 27 2 2
96 3 98 0 2
0 1 2 0 2
57 1 80 0 2
53 3 75 2 2
48 1 50 0 2
58 2 86 3 2
66 0 89 1 2
65 2 69 3 2
106 2 134 1 2
10 2 38 3 2
114 0 137 3 2
18 0 41 1 2
113 2 117 1 2
17 2 21 3 2
153 3 176 0 2
149 1 171 2 2
144 3 146 0 2
154 2 182 1 2
162 0 185 3 2
161 2 165 1 2
122 2 123 1 2
26 2 27 3 2
74 2 75 3 2
88 1 89 0 2
136 3 137 0 2
40 1 41 0 2
170 2 171 1 2
184 3 185 0 2
105 2 106 3 2
9 2 10 1 2
105 0 122 1 2
9 0 26 3 2
96 2 123 3 2
0 2 27 1 2
57 2 58 1 2
57 0 74 3 2
48 2 75 1 2
48 0 96 0 1
58 3 88 0 2
65 1 89 2 2
0 0 65 3 1
106 1 136 0 2
10 3 40 0 2
113 3 137 2 2
17 1 41 2 2
153 2 154 3 2
153 0 170 1 2
144 2 171 3 2
113 1 144 0 1
154 1 184 0 2
161 3 185 2 2
17 3 161 1 1
104 2 105 1 2
8 2 9 3 2
97 3 122 0 2
1 1 26 0 2
96 1 121 2 2
0 3 25 2 2
56 2 57 3 2
49 1 74 0 2
48 3 73 2 2
58 0 59 1 2
64 2 88 3 2
65 0 91 1 2
106 0 107 3 2
10 0 11 1 2
112 2 136 1 2
16 2 40 3 2
113 0 139 3 2
17 0 43 1 2
152 2 153 1 2
145 3 170 0 2
144 1 169 2 2
154 0 155 3 2
160 2 184 1 2
161 0 187 3 2
120 2 121 1 2
24 2 25 3 2
72 2 73 3 2
90 1 91 0 2
138 3 139 0 2
42 1 43 0 2
168 2 169 1 2
186 3 187 0 2
104 1 107 0 2
8 3 11 0 2
97 2 104 3 2
1 2 8 1 2
97 0 120 1 2
1 0 24 3 2
56 3 59 0 2
49 2 56 1 2
49 0 72 3 2
73 1 121 3 1
59 2 64 1 2
64 3 90 0 2
25 1 91 2 1
107 2 112 3 2
11 2 16 1 2
112 1 138 0 2
16 3 42 0 2
152 1 155 0 2
145 2 152 3 2
145 0 168 1 2
139 2 169 3 1
155 2 160 3 2
160 1 186 0 2
43 2 187 2 1
273 2 274 1 2
244 0 245 3 2
242 2 243 1 2
276 0 279 3 2
258 2 259 1 2
260 0 261 3 2
272 2 273 1 2
278 3 279 0 2
272 1 278 0 2
245 2 273 3 2
242 1 245 0 2
104 0 242 3 1
258 3 279 2 2
258 1 261 0 2
8 0 261 2 1
249 3 272 0 2
245 1 267 2 2
240 3 242 0 2
250 2 278 1 2
258 0 281 3 2
257 2 261 1 2
266 2 267 1 2
280 3 281 0 2
249 2 250 3 2
249 0 266 1 2
240 2 267 3 2
97 1 240 0 1
250 1 280 0 2
257 3 281 2 2
1 3 257 1 1
248 2 249 1 2
241 3 266 0 2
240 1 265 2 2
250 0 251 3 2
256 2 280 1 2
257 0 283 3 2
264 2 265 1 2
282 3 283 0 2
248 1 251 0 2
241 2 248 3 2
241 0 264 1 2
120 0 265 3 1
251 2 256 3 2
256 1 282 0 2
24 0 283 2 1
56 0 248 0 1
49 3 241 1 1
72 0 264 0 1
59 3 251 1 1
64 0 256 0 1
90 3 282 1 1
274 2 275 1 2
276 3 277 0 2
275 2 277 3 2
244 1 274 0 2
243 2 244 3 2
107 1 243 0 1
259 0 276 1 2
259 2 260 3 2
11 3 260 1 1
252 0 275 3 2
244 2 270 1 2
243 3 246 0 2
255 1 277 2 2
259 3 284 0 2
260 2 263 1 2
270 2 271 1 2
284 3 285 0 2
252 1 255 0 2
252 3 271 2 2
246 1 270 0 2
112 0 246 3 1
255 2 285 3 2
263 0 284 1 2
16 0 263 2 1
252 2 253 1 2
247 0 271 3 2
246 2 268 1 2
254 0 255 3 2
262 1 285 2 2
263 3 286 0 2
268 2 269 1 2
286 3 287 0 2
253 2 254 3 2
247 1 253 0 2
247 3 269 2 2
138 1 268 0 1
254 1 262 0 2
262 2 287 3 2
42 3 286 1 1
152 0 253 3 1
145 1 247 2 1
168 0 269 3 1
155 1 254 2 1
160 0 262 3 1
186 1 287 2 1
130 2 131 1 2
34 2 35 3 2
82 2 83 3 2
84 1 85 0 2
132 3 133 0 2
36 1 37 0 2
178 2 179 1 2
180 3 181 0 2
131 2 133 3 2
35 2 37 1 2
100 1 130 0 2
4 3 34 0 2
99 2 100 3 2
3 2 4 1 2
83 2 85 1 2
52 3 82 0 2
51 2 52 1 2
51 0 99 0 1
67 0 84 3 2
67 2 68 1 2
3 0 68 3 1
115 0 132 1 2
19 0 36 3 2
115 2 116 3 2
19 2 20 1 2
179 2 181 3 2
148 1 178 0 2
147 2 148 3 2
116 1 147 0 1
163 0 180 1 2
163 2 164 3 2
20 3 164 1 1
108 0 131 3 2
12 0 35 1 2
100 2 126 1 2
4 2 30 3 2
99 3 102 0 2
3 1 6 0 2
60 0 83 1 2
52 2 78 3 2
51 1 54 0 2
63 3 85 2 2
67 1 92 0 2
68 2 71 3 2
111 1 133 2 2
15 3 37 2 2
115 3 140 0 2
19 1 44 0 2
116 2 119 1 2
20 2 23 3 2
156 0 179 3 2
148 2 174 1 2
147 3 150 0 2
159 1 181 2 2
163 3 188 0 2
164 2 167 1 2
126 2 127 1 2
30 2 31 3 2
78 2 79 3 2
92 1 93 0 2
140 3 141 0 2
44 1 45 0 2
174 2 175 1 2
188 3 189 0 2
108 1 111 0 2
12 3 15 0 2
108 3 127 2 2
12 1 31 2 2
102 1 126 0 2
6 3 30 0 2
60 3 63 0 2
60 1 79 2 2
54 3 78 0 2
54 1 102 3 1
63 2 93 1 2
71 0 92 3 2
6 1 71 2 1
111 2 141 3 2
15 2 45 1 2
119 0 140 1 2
23 0 44 3 2
156 1 159 0 2
156 3 175 2 2
150 1 174 0 2
119 2 150 3 1
159 2 189 3 2
167 0 188 1 2
23 2 167 2 1
108 2 109 1 2
12 2 13 3 2
103 0 127 3 2
7 0 31 1 2
102 2 124 1 2
6 2 28 3 2
60 2 61 3 2
55 0 79 1 2
54 2 76 3 2
62 0 63 1 2
70 3 93 2 2
71 1 94 0 2
110 0 111 3 2
14 0 15 1 2
118 1 141 2 2
22 3 45 2 2
119 3 142 0 2
23 1 46 0 2
156 2 157 1 2
151 0 175 3 2
150 2 172 1 2
158 0 159 3 2
166 1 189 2 2
167 3 190 0 2
124 2 125 1 2
28 2 29 3 2
76 2 77 3 2
94 1 95 0 2
142 3 143 0 2
46 1 47 0 2
172 2 173 1 2
190 3 191 0 2
109 2 110 3 2
13 2 14 1 2
103 1 109 0 2
7 3 13 0 2
103 3 125 2 2
7 1 29 2 2
61 2 62 1 2
55 3 61 0 2
55 1 77 2 2
76 0 124 0 1
62 3 70 0 2
70 2 95 1 2
28 0 94 3 1
110 1 118 0 2
14 3 22 0 2
118 2 143 3 2
22 2 47 1 2
157 2 158 3 2
151 1 157 0 2
151 3 173 2 2
142 1 172 0 1
158 1 166 0 2
166 2 191 3 2
46 3 190 1 1
225 2 226 3 2
196 0 197 1 2
194 2 195 3 2
228 0 231 1 2
210 2 211 3 2
212 0 213 1 2
224 2 225 3 2
230 1 231 0 2
224 3 230 0 2
197 2 225 1 2
194 3 197 0 2
109 3 194 1 1
210 1 231 2 2
210 3 213 0 2
13 1 213 2 1
201 1 224 0 2
197 3 219 2 2
192 1 194 0 2
202 2 230 3 2
210 0 233 1 2
209 2 213 3 2
218 2 219 3 2
232 1 233 0 2
201 2 202 1 2
201 0 218 3 2
192 2 219 1 2
103 2 192 0 1
202 3 232 0 2
209 1 233 2 2
7 2 209 3 1
200 2 201 3 2
193 1 218 0 2
192 3 217 2 2
202 0 203 1 2
208 2 232 3 2
209 0 235 1 2
216 2 217 3 2
234 1 235 0 2
200 3 203 0 2
193 2 200 1 2
193 0 216 3 2
125 3 217 1 1
203 2 208 1 2
208 3 234 0 2
29 1 235 2 1
61 1 200 0 1
55 2 193 3 1
77 1 216 0 1
62 2 203 3 1
70 1 208 0 1
95 2 234 3 1
226 2 227 3 2
228 1 229 0 2
227 2 229 1 2
196 3 226 0 2
195 2 196 1 2
110 2 195 0 1
211 0 228 3 2
211 2 212 1 2
14 2 212 3 1
204 0 227 1 2
196 2 222 3 2
195 1 198 0 2
207 3 229 2 2
211 1 236 0 2
212 2 215 3 2
222 2 223 3 2
236 1 237 0 2
204 3 207 0 2
204 1 223 2 2
198 3 222 0 2
118 3 198 1 1
207 2 237 1 2
215 0 236 3 2
22 1 215 2 1
204 2 205 3 2
199 0 223 1 2
198 2 220 3 2
206 0 207 1 2
214 3 237 2 2
215 1 238 0 2
220 2 221 3 2
238 1 239 0 2
205 2 206 1 2
199 3 205 0 2
199 1 221 2 2
143 2 220 0 1
206 3 214 0 2
214 2 239 1 2
47 2 238 3 1
157 3 205 1 1
151 2 199 2 1
173 3 221 1 1
158 2 206 2 1
166 3 214 1 1
191 2 239 2 1
