-0.999999999841743 -1.99999999994612 4 -0.66666666663075 -1.66666666664085 4 -0.999999999841743 -1.33333333352414 4 -1.33333333352414 -1.66666666664085 4
-1.66666666664085 -1.33333333352414 4 -1.33333333352414 -0.999999999841743 4 -1.66666666664085 -0.66666666663075 4 -1.99999999994612 -0.999999999841743 4
-0.66666666663075 -1.66666666664085 4 -0.333333333325477 -1.99999999994612 4 -2.08764726926578e-10 -1.66666666664085 4 -0.333333333325477 -1.33333333352414 4
0.333333333473632 -1.99999999994612 4 0.666666666684625 -1.66666666664085 4 0.333333333473632 -1.33333333352414 4 -2.08764726926578e-10 -1.66666666664085 4
-2.08764726926578e-10 -0.999999999841743 4 0.333333333473632 -1.33333333352414 4 0.666666666684625 -0.999999999841743 4 0.333333333473632 -0.66666666663075 4
-0.333333333325477 -1.33333333352414 4 -2.08764726926578e-10 -0.999999999841743 4 -0.333333333325477 -0.66666666663075 4 -0.66666666663075 -0.999999999841743 4
0.666666666684625 -1.66666666664085 4 0.999999999989898 -1.99999999994612 4 1.33333333310661 -1.66666666664085 4 0.999999999989898 -1.33333333352414 4
1.33333333310661 -0.999999999841743 4 1.66666666678901 -1.33333333352414 4 2 -0.999999999841743 4 1.66666666678901 -0.66666666663075 4
-1.99999999994612 -0.333333333325477 4 -1.66666666664085 -0.66666666663075 4 -1.33333333352414 -0.333333333325477 4 -1.66666666664085 -2.08764726926578e-10 4
-0.999999999841743 -0.66666666663075 4 -0.66666666663075 -0.333333333325477 4 -0.999999999841743 -2.08764726926578e-10 4 -1.33333333352414 -0.333333333325477 4
-1.33333333352414 0.333333333473632 4 -0.999999999841743 -2.08764726926578e-10 4 -0.66666666663075 0.333333333473632 4 -0.999999999841743 0.666666666684625 4
-1.66666666664085 -2.08764726926578e-10 4 -1.33333333352414 0.333333333473632 4 -1.66666666664085 0.666666666684625 4 -1.99999999994612 0.333333333473632 4
0.666666666684625 -0.333333333325477 4 0.999999999989898 -0.66666666663075 4 1.33333333310661 -0.333333333325477 4 0.999999999989898 -2.08764726926578e-10 4
1.66666666678901 -0.66666666663075 4 2 -0.333333333325477 4 1.66666666678901 -2.08764726926578e-10 4 1.33333333310661 -0.333333333325477 4
1.33333333310661 0.333333333473632 4 1.66666666678901 -2.08764726926578e-10 4 2 0.333333333473632 4 1.66666666678901 0.666666666684625 4
0.999999999989898 -2.08764726926578e-10 4 1.33333333310661 0.333333333473632 4 0.999999999989898 0.666666666684625 4 0.666666666684625 0.333333333473632 4
-1.99999999994612 0.999999999989898 4 -1.66666666664085 0.666666666684625 4 -1.33333333352414 0.999999999989898 4 -1.66666666664085 1.33333333310661 4
-1.33333333352414 1.66666666678901 4 -0.999999999841743 1.33333333310661 4 -0.66666666663075 1.66666666678901 4 -0.999999999841743 2 4
-0.66666666663075 0.999999999989898 4 -0.333333333325477 0.666666666684625 4 -2.08764726926578e-10 0.999999999989898 4 -0.333333333325477 1.33333333310661 4
0.333333333473632 0.666666666684625 4 0.666666666684625 0.999999999989898 4 0.333333333473632 1.33333333310661 4 -2.08764726926578e-10 0.999999999989898 4
-2.08764726926578e-10 1.66666666678901 4 0.333333333473632 1.33333333310661 4 0.666666666684625 1.66666666678901 4 0.333333333473632 2 4
-0.333333333325477 1.33333333310661 4 -2.08764726926578e-10 1.66666666678901 4 -0.333333333325477 2 4 -0.66666666663075 1.66666666678901 4
1.66666666678901 0.666666666684625 4 2 0.999999999989898 4 1.66666666678901 1.33333333310661 4 1.33333333310661 0.999999999989898 4
0.999999999989898 1.33333333310661 4 1.33333333310661 1.66666666678901 4 0.999999999989898 2 4 0.666666666684625 1.66666666678901 4
-1.99999999994612 -1.66666666664085 4 -1.83333333329349 -1.83333333329349 4 -1.5000000000825 -1.5000000000825 4 -1.66666666664085 -1.33333333352414 4
-1.83333333329349 -1.83333333329349 4 -1.66666666664085 -1.99999999994612 4 -1.33333333352414 -1.66666666664085 4 -1.5000000000825 -1.5000000000825 4
-1.33333333352414 -0.999999999841743 4 -1.16666666668294 -1.16666666668294 4 -0.833333333236246 -0.833333333236246 4 -0.999999999841743 -0.66666666663075 4
-1.16666666668294 -1.16666666668294 4 -0.999999999841743 -1.33333333352414 4 -0.66666666663075 -0.999999999841743 4 -0.833333333236246 -0.833333333236246 4
1.66666666678901 -1.99999999994612 4 1.8333333333945 -1.83333333329349 4 1.49999999994781 -1.5000000000825 4 1.33333333310661 -1.66666666664085 4
1.8333333333945 -1.83333333329349 4 2 -1.66666666664085 4 1.66666666678901 -1.33333333352414 4 1.49999999994781 -1.5000000000825 4
0.999999999989898 -1.33333333352414 4 1.16666666654825 -1.16666666668294 4 0.833333333337262 -0.833333333236246 4 0.666666666684625 -0.999999999841743 4
1.16666666654825 -1.16666666668294 4 1.33333333310661 -0.999999999841743 4 0.999999999989898 -0.66666666663075 4 0.833333333337262 -0.833333333236246 4
-0.66666666663075 -0.333333333325477 4 -0.499999999978113 -0.499999999978113 4 -0.166666666767121 -0.166666666767121 4 -0.333333333325477 -2.08764726926578e-10 4
-0.499999999978113 -0.499999999978113 4 -0.333333333325477 -0.66666666663075 4 -2.08764726926578e-10 -0.333333333325477 4 -0.166666666767121 -0.166666666767121 4
0.333333333473632 -0.66666666663075 4 0.500000000079128 -0.499999999978113 4 0.166666666632434 -0.166666666767121 4 -2.08764726926578e-10 -0.333333333325477 4
0.500000000079128 -0.499999999978113 4 0.666666666684625 -0.333333333325477 4 0.333333333473632 -2.08764726926578e-10 4 0.166666666632434 -0.166666666767121 4
-2.08764726926578e-10 0.333333333473632 4 0.166666666632434 0.166666666632434 4 0.500000000079128 0.500000000079128 4 0.333333333473632 0.666666666684625 4
0.166666666632434 0.166666666632434 4 0.333333333473632 -2.08764726926578e-10 4 0.666666666684625 0.333333333473632 4 0.500000000079128 0.500000000079128 4
-0.333333333325477 -2.08764726926578e-10 4 -0.166666666767121 0.166666666632434 4 -0.499999999978113 0.500000000079128 4 -0.66666666663075 0.333333333473632 4
-0.166666666767121 0.166666666632434 4 -2.08764726926578e-10 0.333333333473632 4 -0.333333333325477 0.666666666684625 4 -0.499999999978113 0.500000000079128 4
-0.999999999841743 0.666666666684625 4 -0.833333333236246 0.833333333337262 4 -1.16666666668294 1.16666666654825 4 -1.33333333352414 0.999999999989898 4
-0.833333333236246 0.833333333337262 4 -0.66666666663075 0.999999999989898 4 -0.999999999841743 1.33333333310661 4 -1.16666666668294 1.16666666654825 4
-1.66666666664085 1.33333333310661 4 -1.5000000000825 1.49999999994781 4 -1.83333333329349 1.8333333333945 4 -1.99999999994612 1.66666666678901 4
-1.5000000000825 1.49999999994781 4 -1.33333333352414 1.66666666678901 4 -1.66666666664085 2 4 -1.83333333329349 1.8333333333945 4
0.666666666684625 0.999999999989898 4 0.833333333337262 0.833333333337262 4 1.16666666654825 1.16666666654825 4 0.999999999989898 1.33333333310661 4
0.833333333337262 0.833333333337262 4 0.999999999989898 0.666666666684625 4 1.33333333310661 0.999999999989898 4 1.16666666654825 1.16666666654825 4
1.33333333310661 1.66666666678901 4 1.49999999994781 1.49999999994781 4 1.8333333333945 1.8333333333945 4 1.66666666678901 2 4
1.49999999994781 1.49999999994781 4 1.66666666678901 1.33333333310661 4 2 1.66666666678901 4 1.8333333333945 1.8333333333945 4
