1 3 6 4 1
7 2 6 3 1
7 1 2 2 1
2 1 1 4 1
8 1 7 4 1
3 3 8 4 1
3 2 2 3 1
9 2 8 3 1
9 1 4 2 1
4 1 3 4 1
10 1 9 4 1
5 3 10 4 1
5 2 4 3 1
11 1 6 2 1
12 1 11 4 1
7 3 12 4 1
13 2 12 3 1
13 1 8 2 1
14 1 13 4 1
9 3 14 4 1
15 2 14 3 1
15 1 10 2 1
11 3 16 4 1
17 2 16 3 1
17 1 12 2 1
18 1 17 4 1
13 3 18 4 1
19 2 18 3 1
19 1 14 2 1
20 1 19 4 1
15 3 20 4 1
21 1 16 2 1
22 1 21 4 1
17 3 22 4 1
23 2 22 3 1
23 1 18 2 1
24 1 23 4 1
19 3 24 4 1
25 2 24 3 1
25 1 20 2 1
1 3 6 4 2
7 2 6 3 2
7 1 2 2 2
2 1 1 4 2
8 1 7 4 2
3 3 8 4 2
3 2 2 3 2
9 2 8 3 2
9 1 4 2 2
4 1 3 4 2
10 1 9 4 2
5 3 10 4 2
5 2 4 3 2
11 1 6 2 2
12 1 11 4 2
7 3 12 4 2
13 2 12 3 2
13 1 8 2 2
14 1 13 4 2
9 3 14 4 2
15 2 14 3 2
15 1 10 2 2
11 3 16 4 2
17 2 16 3 2
17 1 12 2 2
18 1 17 4 2
13 3 18 4 2
19 2 18 3 2
19 1 14 2 2
20 1 19 4 2
15 3 20 4 2
21 1 16 2 2
22 1 21 4 2
17 3 22 4 2
23 2 22 3 2
23 1 18 2 2
24 1 23 4 2
19 3 24 4 2
25 2 24 3 2
25 1 20 2 2
