-2.49902621841479 2.50094589958486 0 -2.4990262184148 1.50094589958486 0 -2.11162638563756 0.718541118074748 0 -1.49902621841479 2.50094589958486 0
-1.49902621841479 2.50094589958486 0 -1.63947265642509 2.09230676422436 0 -0.886359508305648 1.71858543789866 0 -0.499026218414796 2.50094589958486 0
-0.499026218414796 2.50094589958486 0 -0.886359508305648 1.71858543789866 0 -0.314465946432275 1.43479166667832 0 0.500973781585204 2.50094589958486 0
0.500973781585204 2.50094589958486 0 0.311681219943204 2.25345358480274 0 0.718608928571689 2.11358364076868 0 1.5009737815852 2.50094589958486 0
1.5009737815852 2.50094589958486 0 0.718608928571689 2.11358364076868 0 2.50097378158521 1.50094589958485 0 2.5009737815852 2.50094589958481 0
-2.4990262184148 1.50094589958486 0 -2.4990262184148 0.500945899584855 0 -2.25207282364785 0.309901982714252 0 -2.11162638563756 0.718541118074748 0
-1.63947265642509 2.09230676422436 0 -2.25207282364785 0.309901982714252 0 -1.18748407462505 -0.513667195841168 0 -1.06757909455171 1.80851299300401 0
-1.06757909455171 1.80851299300401 0 -1.0979411063122 1.22049686422782 0 -0.503758508074277 1.1872993518962 0 -0.314465946432275 1.43479166667832 0
0.311681219943204 2.25345358480274 0 -0.503758508074277 1.1872993518962 0 1.80351639201443 1.05838984297541 0 2.09404607295672 1.64081584361891 0
2.09404607295672 1.64081584361891 0 1.71864192575616 0.888241664726592 0 2.50097378158519 0.500945899584899 0 2.50097378158521 1.50094589958485 0
-2.4990262184148 0.500945899584855 0 -2.49902621841479 -0.499054100415146 0 -1.71669089147182 -0.886348963541099 0 -1.434437469392 -0.322623278970566 0
-1.434437469392 -0.322623278970566 0 -1.81104131981173 -1.07478869764077 0 -1.21784608638555 -1.10168332461737 0 -1.18748407462505 -0.513667195841168 0
-1.0979411063122 1.22049686422782 0 -1.21784608638555 -1.10168332461737 0 1.09523891102035 -1.20655530379885 0 1.20933379377649 1.09158735530704 0
1.20933379377649 1.09158735530704 0 1.17957959598617 0.492266951295728 0 1.42811224481386 0.305815664083105 0 1.80351639201443 1.05838984297541 0
1.71864192575616 0.888241664726592 0 1.42811224481386 0.305815664083105 0 2.50097378158513 -0.499054100415017 0 2.50097378158518 0.500945899584898 0
-2.4990262184148 -0.499054100415148 0 -2.49902621841479 -1.49905410041515 0 -2.09329474189155 -1.6385143822113 0 -1.71669089147182 -0.886348963541099 0
-1.81104131981173 -1.07478869764077 0 -2.09329474189155 -1.6385143822113 0 -0.310937396814724 -2.25115617114981 0 0.50204367759417 -1.17966067682222 0
0.50204367759417 -1.17966067682222 0 0.313954855994081 -1.42755860608754 0 1.06548471323017 -1.80587570781014 0 1.09523891102035 -1.20655530379885 0
1.17957959598617 0.492266951295728 0 1.06548471323017 -1.80587570781014 0 1.63984247720903 -2.09500509173033 0 2.25244113275754 -0.312602813202435 0
2.25244113275754 -0.312602813202435 0 2.11357243713385 -0.716651821887306 0 2.5009737815854 -1.49905410041504 0 2.50097378158513 -0.499054100415017 0
-2.49902621841479 -1.49905410041515 0 -2.49902621841479 -2.49905410041514 0 -1.49902621841479 -2.49905410041515 0 -0.716668873337959 -2.11169588935364 0
-0.716668873337959 -2.11169588935364 0 -1.4990262184148 -2.49905410041509 0 -0.49902621841475 -2.49905410041518 0 -0.310937396814724 -2.25115617114981 0
0.313954855994081 -1.42755860608754 0 -0.49902621841475 -2.49905410041518 0 0.500973781585237 -2.49905410041512 0 0.888312619972832 -1.71668799000796 0
0.888312619972832 -1.71668799000796 0 0.500973781585276 -2.49905410041542 0 1.50097378158532 -2.49905410041519 0 1.63984247720903 -2.09500509173033 0
2.11357243713385 -0.716651821887306 0 1.50097378158532 -2.49905410041519 0 2.50097378158533 -2.4990541004152 0 2.50097378158524 -1.49905410041512 0
