1 1 13 1 1
13 3 2 4 1
2 1 14 1 1
14 3 3 4 1
3 1 15 1 1
15 3 4 4 1
4 1 16 1 1
16 3 5 4 1
5 1 17 1 1
17 3 6 4 1
6 1 18 1 1
18 3 7 4 1
7 1 19 1 1
19 3 8 4 1
8 1 20 1 1
20 3 9 4 1
9 1 21 1 1
21 3 10 4 1
10 1 22 1 1
22 3 11 4 1
11 1 23 1 1
23 3 12 4 1
12 1 24 1 1
24 3 1 4 1
1 1 13 1 2
13 3 2 4 2
2 1 14 1 2
14 3 3 4 2
3 1 15 1 2
15 3 4 4 2
4 1 16 1 2
16 3 5 4 2
5 1 17 1 2
17 3 6 4 2
6 1 18 1 2
18 3 7 4 2
7 1 19 1 2
19 3 8 4 2
8 1 20 1 2
20 3 9 4 2
9 1 21 1 2
21 3 10 4 2
10 1 22 1 2
22 3 11 4 2
11 1 23 1 2
23 3 12 4 2
12 1 24 1 2
24 3 1 4 2
