0 -1.93185165257814 0.258819045102521 -0.965925826289068 0 0 -0.258819045102521 -0.965925826289068
0.965925826289068 -1.67303260747562 0.707106781186547 -0.707106781186548 0 0 0.258819045102521 -0.965925826289068
1.67303260747562 -0.965925826289069 0.965925826289068 -0.258819045102521 0 0 0.707106781186547 -0.707106781186548
1.93185165257814 -5.36196546213101e-16 0.965925826289068 0.25881904510252 0 0 0.965925826289068 -0.258819045102521
1.67303260747562 0.965925826289068 0.707106781186548 0.707106781186547 0 0 0.965925826289068 0.25881904510252
0.965925826289069 1.67303260747562 0.258819045102521 0.965925826289068 0 0 0.707106781186548 0.707106781186547
1.17963240166882e-15 1.93185165257814 -0.25881904510252 0.965925826289069 0 0 0.258819045102521 0.965925826289068
-0.965925826289067 1.67303260747562 -0.707106781186547 0.707106781186548 0 0 -0.25881904510252 0.965925826289069
-1.67303260747562 0.96592582628907 -0.965925826289068 0.258819045102522 0 0 -0.707106781186547 0.707106781186548
-1.93185165257814 1.71582894788192e-15 -0.965925826289069 -0.25881904510252 0 0 -0.965925826289068 0.258819045102522
-1.67303260747562 -0.965925826289067 -0.707106781186548 -0.707106781186547 0 0 -0.965925826289069 -0.25881904510252
-0.96592582628907 -1.67303260747562 -0.258819045102522 -0.965925826289068 0 0 -0.707106781186548 -0.707106781186547
0 -1.93185165257814 0.965925826289068 -1.67303260747562 0.258819045102521 -0.965925826289068
0.965925826289068 -1.67303260747562 1.67303260747562 -0.965925826289069 0.707106781186547 -0.707106781186548
1.67303260747562 -0.965925826289069 1.93185165257814 -5.36196546213101e-16 0.965925826289068 -0.258819045102521
1.93185165257814 -5.36196546213101e-16 1.67303260747562 0.965925826289068 0.965925826289068 0.25881904510252
1.67303260747562 0.965925826289068 0.965925826289069 1.67303260747562 0.707106781186548 0.707106781186547
0.965925826289069 1.67303260747562 1.17963240166882e-15 1.93185165257814 0.258819045102521 0.965925826289068
1.17963240166882e-15 1.93185165257814 -0.965925826289067 1.67303260747562 -0.25881904510252 0.965925826289069
-0.965925826289067 1.67303260747562 -1.67303260747562 0.96592582628907 -0.707106781186547 0.707106781186548
-1.67303260747562 0.96592582628907 -1.93185165257814 1.71582894788192e-15 -0.965925826289068 0.258819045102522
-1.93185165257814 1.71582894788192e-15 -1.67303260747562 -0.965925826289067 -0.965925826289069 -0.25881904510252
-1.67303260747562 -0.965925826289067 -0.96592582628907 -1.67303260747562 -0.707106781186548 -0.707106781186547
-0.96592582628907 -1.67303260747562 0 -1.93185165257814 -0.258819045102522 -0.965925826289068