89 3 90 2
17 3 18 4
79 1 80 4
7 1 8 2
77 3 78 2
5 3 6 4
53 3 54 4
43 1 44 2
41 3 42 4
55 1 56 2
65 3 66 4
67 1 68 2
91 1 92 4
19 1 20 2
101 3 102 2
29 3 30 4
103 1 104 4
31 1 32 2
125 3 126 2
115 1 116 4
113 3 114 2
127 1 128 4
137 3 138 2
139 1 140 4
89 2 92 1
17 4 20 1
80 3 89 4
8 3 17 2
77 2 80 1
5 4 8 1
53 4 56 1
44 3 53 2
41 4 44 1
41 2 77 4
56 3 65 2
65 4 68 1
5 2 68 3
92 3 101 4
20 3 29 2
101 2 104 1
29 4 32 1
125 2 128 1
116 3 125 4
113 2 116 1
104 3 113 4
128 3 137 4
137 2 140 1
32 3 140 3
86 4 89 1
14 2 17 1
75 3 80 2
3 3 8 4
74 4 77 1
2 2 5 1
50 2 53 1
39 3 44 4
38 2 41 1
51 3 56 4
62 2 65 1
63 3 68 4
87 3 92 2
15 3 20 4
98 4 101 1
26 2 29 1
99 3 104 2
27 3 32 4
122 4 125 1
111 3 116 2
110 4 113 1
123 3 128 2
134 4 137 1
135 3 140 2
86 3 87 4
14 3 15 2
75 2 86 1
3 4 14 1
74 3 75 4
2 3 3 2
50 3 51 2
39 4 50 1
38 3 39 2
38 1 74 1
51 4 62 1
62 3 63 2
2 1 63 4
87 2 98 1
15 4 26 1
98 3 99 4
26 3 27 2
122 3 123 4
111 2 122 1
110 3 111 4
99 2 110 1
123 2 134 1
134 3 135 4
27 4 135 2
85 3 86 2
13 3 14 4
75 1 76 4
3 1 4 2
73 3 74 2
1 3 2 4
49 3 50 4
39 1 40 2
37 3 38 4
51 1 52 2
61 3 62 4
63 1 64 2
87 1 88 4
15 1 16 2
97 3 98 2
25 3 26 4
99 1 100 4
27 1 28 2
121 3 122 2
111 1 112 4
109 3 110 2
123 1 124 4
133 3 134 2
135 1 136 4
85 2 88 1
13 4 16 1
76 3 85 4
4 3 13 2
73 2 76 1
1 4 4 1
49 4 52 1
40 3 49 2
37 4 40 1
37 2 73 4
52 3 61 2
61 4 64 1
1 2 64 3
88 3 97 4
16 3 25 2
97 2 100 1
25 4 28 1
121 2 124 1
112 3 121 4
109 2 112 1
100 3 109 4
124 3 133 4
133 2 136 1
28 3 136 3
203 3 204 2
195 3 196 2
205 1 206 4
213 1 214 4
203 2 206 1
203 4 225 3
219 3 225 1
195 2 219 1
85 1 195 4
206 3 231 1
231 3 237 1
214 1 237 3
13 1 214 3
200 4 203 1
194 4 195 1
201 3 206 2
211 3 214 2
200 3 201 4
200 1 224 3
218 3 224 1
194 3 218 1
76 2 194 1
201 2 230 1
230 3 236 1
211 4 236 3
4 4 211 2
199 3 200 2
193 3 194 2
201 1 202 4
211 1 212 4
199 2 202 1
199 4 223 3
217 3 223 1
193 2 217 1
73 1 193 4
202 3 229 1
229 3 235 1
212 1 235 3
1 1 212 3
49 1 199 1
37 1 193 1
52 4 202 2
64 4 212 2
204 3 205 4
204 1 226 3
220 3 226 1
196 3 220 1
88 2 196 1
205 2 232 1
232 3 238 1
213 4 238 3
16 4 213 2
204 4 207 1
196 4 197 1
205 3 210 2
213 3 216 2
207 2 210 1
207 4 227 3
221 3 227 1
197 2 221 1
97 1 197 4
210 3 233 1
233 3 239 1
216 1 239 3
25 1 216 3
207 3 208 2
197 3 198 2
209 1 210 4
215 1 216 4
208 3 209 4
208 1 228 3
222 3 228 1
198 3 222 1
100 2 198 1
209 2 234 1
234 3 240 1
215 4 240 3
28 4 215 2
121 1 208 4
109 1 198 4
124 2 209 3
136 2 215 3
90 3 91 4
18 3 19 2
79 2 90 1
7 4 18 1
78 3 79 4
6 3 7 2
54 3 55 2
43 4 54 1
42 3 43 2
42 1 78 1
55 4 66 1
66 3 67 2
6 1 67 4
91 2 102 1
19 4 30 1
102 3 103 4
30 3 31 2
126 3 127 4
115 2 126 1
114 3 115 4
103 2 114 1
127 2 138 1
138 3 139 4
31 4 139 2
90 4 93 1
18 2 21 1
79 3 84 2
7 3 12 4
78 4 81 1
6 2 9 1
54 2 57 1
43 3 48 4
42 2 45 1
55 3 60 4
66 2 69 1
67 3 72 4
91 3 96 2
19 3 24 4
102 4 105 1
30 2 33 1
103 3 108 2
31 3 36 4
126 4 129 1
115 3 120 2
114 4 117 1
127 3 132 2
138 4 141 1
139 3 144 2
93 2 96 1
21 4 24 1
84 3 93 4
12 3 21 2
81 2 84 1
9 4 12 1
57 4 60 1
48 3 57 2
45 4 48 1
45 2 81 4
60 3 69 2
69 4 72 1
9 2 72 3
96 3 105 4
24 3 33 2
105 2 108 1
33 4 36 1
129 2 132 1
120 3 129 4
117 2 120 1
108 3 117 4
132 3 141 4
141 2 144 1
36 3 144 3
93 3 94 2
21 3 22 4
83 1 84 4
11 1 12 2
81 3 82 2
9 3 10 4
57 3 58 4
47 1 48 2
45 3 46 4
59 1 60 2
69 3 70 4
71 1 72 2
95 1 96 4
23 1 24 2
105 3 106 2
33 3 34 4
107 1 108 4
35 1 36 2
129 3 130 2
119 1 120 4
117 3 118 2
131 1 132 4
141 3 142 2
143 1 144 4
94 3 95 4
22 3 23 2
83 2 94 1
11 4 22 1
82 3 83 4
10 3 11 2
58 3 59 2
47 4 58 1
46 3 47 2
46 1 82 1
59 4 70 1
70 3 71 2
10 1 71 4
95 2 106 1
23 4 34 1
106 3 107 4
34 3 35 2
130 3 131 4
119 2 130 1
118 3 119 4
107 2 118 1
131 2 142 1
142 3 143 4
35 4 143 2
155 3 156 4
147 3 148 4
157 1 158 2
165 1 166 2
155 4 158 1
155 2 177 3
171 3 177 1
147 4 171 1
94 4 147 2
158 3 183 1
183 3 189 1
166 1 189 3
22 2 166 3
152 2 155 1
146 2 147 1
153 3 158 4
163 3 166 4
152 3 153 2
152 1 176 3
170 3 176 1
146 3 170 1
83 3 146 1
153 4 182 1
182 3 188 1
163 2 188 3
11 3 163 4
151 3 152 4
145 3 146 4
153 1 154 2
163 1 164 2
151 4 154 1
151 2 175 3
169 3 175 1
145 4 169 1
82 4 145 2
154 3 181 1
181 3 187 1
164 1 187 3
10 2 164 3
58 2 151 1
46 2 145 1
59 3 154 4
71 3 164 4
156 3 157 2
156 1 178 3
172 3 178 1
148 3 172 1
95 3 148 1
157 4 184 1
184 3 190 1
165 2 190 3
23 3 165 4
156 2 159 1
148 2 149 1
157 3 162 4
165 3 168 4
159 4 162 1
159 2 179 3
173 3 179 1
149 4 173 1
106 4 149 2
162 3 185 1
185 3 191 1
168 1 191 3
34 2 168 3
159 3 160 4
149 3 150 4
161 1 162 2
167 1 168 2
160 3 161 2
160 1 180 3
174 3 180 1
150 3 174 1
107 3 150 1
161 4 186 1
186 3 192 1
167 2 192 3
35 3 167 4
130 4 160 2
118 4 150 2
131 3 161 3
143 3 167 3
