1 1 257 2
1 2 116 3
1 3 2 4
1 4 4 1
2 1 115 4
2 2 5 1
2 3 3 2
2 4 1 3
3 1 4 2
3 2 2 3
3 3 8 4
3 4 18 1
4 1 1 4
4 2 3 1
4 3 17 2
4 4 258 1
5 1 2 2
5 2 120 3
5 3 6 4
5 4 8 1
6 1 119 4
6 2 9 1
6 3 7 2
6 4 5 3
7 1 8 2
7 2 6 3
7 3 12 4
7 4 22 1
8 1 5 4
8 2 7 1
8 3 21 2
8 4 3 3
9 1 6 2
9 2 124 3
9 3 10 4
9 4 12 1
10 1 123 4
10 2 13 1
10 3 11 2
10 4 9 3
11 1 12 2
11 2 10 3
11 3 16 4
11 4 26 1
12 1 9 4
12 2 11 1
12 3 25 2
12 4 7 3
13 1 10 2
13 2 128 3
13 3 14 4
13 4 16 1
14 1 127 4
14 3 15 2
14 4 13 3
15 1 16 2
15 2 14 3
15 4 30 1
16 1 13 4
16 2 15 1
16 3 29 2
16 4 11 3
17 1 261 2
17 2 4 3
17 3 18 4
17 4 20 1
18 1 3 4
18 2 21 1
18 3 19 2
18 4 17 3
19 1 20 2
19 2 18 3
19 3 24 4
19 4 34 1
20 1 17 4
20 2 19 1
20 3 33 2
20 4 262 1
21 1 18 2
21 2 8 3
21 3 22 4
21 4 24 1
22 1 7 4
22 2 25 1
22 3 23 2
22 4 21 3
23 1 24 2
23 2 22 3
23 3 28 4
23 4 38 1
24 1 21 4
24 2 23 1
24 3 37 2
24 4 19 3
25 1 22 2
25 2 12 3
25 3 26 4
25 4 28 1
26 1 11 4
26 2 29 1
26 3 27 2
26 4 25 3
27 1 28 2
27 2 26 3
27 3 32 4
27 4 42 1
28 1 25 4
28 2 27 1
28 3 41 2
28 4 23 3
29 1 26 2
29 2 16 3
29 3 30 4
29 4 32 1
30 1 15 4
30 3 31 2
30 4 29 3
31 1 32 2
31 2 30 3
31 4 46 1
32 1 29 4
32 2 31 1
32 3 45 2
32 4 27 3
33 1 265 2
33 2 20 3
33 3 34 4
33 4 36 1
34 1 19 4
34 2 37 1
34 3 35 2
34 4 33 3
35 1 36 2
35 2 34 3
35 3 40 4
35 4 50 1
36 1 33 4
36 2 35 1
36 3 49 2
36 4 266 1
37 1 34 2
37 2 24 3
37 3 38 4
37 4 40 1
38 1 23 4
38 2 41 1
38 3 39 2
38 4 37 3
39 1 40 2
39 2 38 3
39 3 44 4
39 4 54 1
40 1 37 4
40 2 39 1
40 3 53 2
40 4 35 3
41 1 38 2
41 2 28 3
41 3 42 4
41 4 44 1
42 1 27 4
42 2 45 1
42 3 43 2
42 4 41 3
43 1 44 2
43 2 42 3
43 3 48 4
43 4 58 1
44 1 41 4
44 2 43 1
44 3 57 2
44 4 39 3
45 1 42 2
45 2 32 3
45 3 46 4
45 4 48 1
46 1 31 4
46 3 47 2
46 4 45 3
47 1 48 2
47 2 46 3
47 4 62 1
48 1 45 4
48 2 47 1
48 3 61 2
48 4 43 3
49 1 269 2
49 2 36 3
49 3 50 4
49 4 52 1
50 1 35 4
50 2 53 1
50 3 51 2
50 4 49 3
51 1 52 2
51 2 50 3
51 3 56 4
52 1 49 4
52 2 51 1
52 4 270 1
53 1 50 2
53 2 40 3
53 3 54 4
53 4 56 1
54 1 39 4
54 2 57 1
54 3 55 2
54 4 53 3
55 1 56 2
55 2 54 3
55 3 60 4
56 1 53 4
56 2 55 1
56 4 51 3
57 1 54 2
57 2 44 3
57 3 58 4
57 4 60 1
58 1 43 4
58 2 61 1
58 3 59 2
58 4 57 3
59 1 60 2
59 2 58 3
59 3 64 4
60 1 57 4
60 2 59 1
60 4 55 3
61 1 58 2
61 2 48 3
61 3 62 4
61 4 64 1
62 1 47 4
62 3 63 2
62 4 61 3
63 1 64 2
63 2 62 3
64 1 61 4
64 2 63 1
64 4 59 3
65 1 180 2
65 2 180 3
65 3 66 4
65 4 68 1
66 1 179 2
66 2 69 1
66 3 67 2
66 4 65 3
67 1 68 2
67 2 66 3
67 3 72 4
67 4 82 1
68 1 65 4
68 2 67 1
68 3 81 2
68 4 177 1
69 1 66 2
69 2 184 3
69 3 70 4
69 4 72 1
70 1 183 2
70 2 73 1
70 3 71 2
70 4 69 3
71 1 72 2
71 2 70 3
71 3 76 4
71 4 86 1
72 1 69 4
72 2 71 1
72 3 85 2
72 4 67 3
73 1 70 2
73 2 188 3
73 3 74 4
73 4 76 1
74 1 187 2
74 2 77 1
74 3 75 2
74 4 73 3
75 1 76 2
75 2 74 3
75 3 80 4
75 4 90 1
76 1 73 4
76 2 75 1
76 3 89 2
76 4 71 3
77 1 74 2
77 2 192 3
77 3 78 4
77 4 80 1
78 1 191 2
78 2 191 3
78 3 79 2
78 4 77 3
79 1 80 2
79 2 78 3
79 3 190 4
79 4 94 1
80 1 77 4
80 2 79 1
80 3 93 2
80 4 75 3
81 1 164 2
81 2 68 3
81 3 82 4
81 4 84 1
82 1 67 4
82 2 85 1
82 3 83 2
82 4 81 3
83 1 84 2
83 2 82 3
83 3 88 4
83 4 98 1
84 1 81 4
84 2 83 1
84 3 97 2
84 4 161 1
85 1 82 2
85 2 72 3
85 3 86 4
85 4 88 1
86 1 71 4
86 2 89 1
86 3 87 2
86 4 85 3
87 1 88 2
87 2 86 3
87 3 92 4
87 4 102 1
88 1 85 4
88 2 87 1
88 3 101 2
88 4 83 3
89 1 86 2
89 2 76 3
89 3 90 4
89 4 92 1
90 1 75 4
90 2 93 1
90 3 91 2
90 4 89 3
91 1 92 2
91 2 90 3
91 3 96 4
91 4 106 1
92 1 89 4
92 2 91 1
92 3 105 2
92 4 87 3
93 1 90 2
93 2 80 3
93 3 94 4
93 4 96 1
94 1 79 4
94 2 175 3
94 3 95 2
94 4 93 3
95 1 96 2
95 2 94 3
95 3 174 4
95 4 110 1
96 1 93 4
96 2 95 1
96 3 109 2
96 4 91 3
97 1 148 2
97 2 84 3
97 3 98 4
97 4 100 1
98 1 83 4
98 2 101 1
98 3 99 2
98 4 97 3
99 1 100 2
99 2 98 3
99 3 104 4
99 4 114 1
100 1 97 4
100 2 99 1
100 3 113 2
100 4 145 1
101 1 98 2
101 2 88 3
101 3 102 4
101 4 104 1
102 1 87 4
102 2 105 1
102 3 103 2
102 4 101 3
103 1 104 2
103 2 102 3
103 3 108 4
103 4 118 1
104 1 101 4
104 2 103 1
104 3 117 2
104 4 99 3
105 1 102 2
105 2 92 3
105 3 106 4
105 4 108 1
106 1 91 4
106 2 109 1
106 3 107 2
106 4 105 3
107 1 108 2
107 2 106 3
107 3 112 4
107 4 122 1
108 1 105 4
108 2 107 1
108 3 121 2
108 4 103 3
109 1 106 2
109 2 96 3
109 3 110 4
109 4 112 1
110 1 95 4
110 2 159 3
110 3 111 2
110 4 109 3
111 1 112 2
111 2 110 3
111 3 158 4
111 4 126 1
112 1 109 4
112 2 111 1
112 3 125 2
112 4 107 3
113 1 132 2
113 2 100 3
113 3 114 4
113 4 116 1
114 1 99 4
114 2 117 1
114 3 115 2
114 4 113 3
115 1 116 2
115 2 114 3
115 3 120 4
115 4 2 1
116 1 113 4
116 2 115 1
116 3 1 2
116 4 129 1
117 1 114 2
117 2 104 3
117 3 118 4
117 4 120 1
118 1 103 4
118 2 121 1
118 3 119 2
118 4 117 3
119 1 120 2
119 2 118 3
119 3 124 4
119 4 6 1
120 1 117 4
120 2 119 1
120 3 5 2
120 4 115 3
121 1 118 2
121 2 108 3
121 3 122 4
121 4 124 1
122 1 107 4
122 2 125 1
122 3 123 2
122 4 121 3
123 1 124 2
123 2 122 3
123 3 128 4
123 4 10 1
124 1 121 4
124 2 123 1
124 3 9 2
124 4 119 3
125 1 122 2
125 2 112 3
125 3 126 4
125 4 128 1
126 1 111 4
126 2 143 3
126 3 127 2
126 4 125 3
127 1 128 2
127 2 126 3
127 3 142 4
127 4 14 1
128 1 125 4
128 2 127 1
128 3 13 2
128 4 123 3
129 1 116 4
129 2 113 4
129 3 115 1
129 4 1 2
130 1 2 1
130 2 115 1
130 3 114 3
130 4 115 3
131 1 113 3
131 2 99 4
131 3 114 2
131 4 114 3
132 1 113 4
132 2 113 1
132 3 100 3
132 4 113 3
133 1 115 3
133 2 117 4
133 3 119 1
133 4 5 2
134 1 6 1
134 2 119 1
134 3 118 3
134 4 119 3
135 1 117 3
135 2 103 4
135 3 118 2
135 4 118 3
136 1 117 4
136 2 114 2
136 3 104 3
136 4 117 3
137 1 119 3
137 2 121 4
137 3 123 1
137 4 9 2
138 1 10 1
138 2 123 1
138 3 122 3
138 4 123 3
139 1 121 3
139 2 107 4
139 3 122 2
139 4 122 3
140 1 121 4
140 2 118 2
140 3 108 3
140 4 121 3
141 1 123 3
141 2 125 4
141 3 127 1
141 4 13 2
142 1 14 1
142 2 127 1
142 3 126 3
142 4 127 3
143 1 125 3
143 2 111 4
143 3 126 2
143 4 126 3
144 1 125 4
144 2 122 2
144 3 112 3
144 4 125 3
145 1 100 4
145 2 97 4
145 3 99 1
145 4 100 3
146 1 99 4
146 2 99 1
146 3 98 3
146 4 99 3
147 1 97 3
147 2 162 1
147 3 98 2
147 4 98 3
148 1 97 4
148 2 97 1
148 3 161 4
148 4 97 3
149 1 99 3
149 2 101 4
149 3 103 1
149 4 104 3
150 1 103 4
150 2 103 1
150 3 102 3
150 4 103 3
151 1 101 3
151 2 166 1
151 3 102 2
151 4 102 3
152 1 101 4
152 2 98 2
152 3 165 4
152 4 101 3
153 1 103 3
153 2 105 4
153 3 107 1
153 4 108 3
154 1 107 4
154 2 107 1
154 3 106 3
154 4 107 3
155 1 105 3
155 2 170 1
155 3 106 2
155 4 106 3
156 1 105 4
156 2 102 2
156 3 169 4
156 4 105 3
157 1 107 3
157 2 109 4
157 3 111 1
157 4 112 3
158 1 111 4
158 2 111 1
158 3 110 3
158 4 111 3
159 1 109 3
159 2 174 1
159 3 110 2
159 4 110 3
160 1 109 4
160 2 106 2
160 3 173 4
160 4 109 3
161 1 84 4
161 2 81 4
161 3 83 1
161 4 148 3
162 1 147 2
162 2 83 1
162 3 82 3
162 4 83 3
163 1 81 3
163 2 67 4
163 3 82 2
163 4 82 3
164 1 81 4
164 2 81 1
164 3 68 3
164 4 81 3
165 1 83 3
165 2 85 4
165 3 87 1
165 4 152 3
166 1 151 2
166 2 87 1
166 3 86 3
166 4 87 3
167 1 85 3
167 2 71 4
167 3 86 2
167 4 86 3
168 1 85 4
168 2 82 2
168 3 72 3
168 4 85 3
169 1 87 3
169 2 89 4
169 3 91 1
169 4 156 3
170 1 155 2
170 2 91 1
170 3 90 3
170 4 91 3
171 1 89 3
171 2 75 4
171 3 90 2
171 4 90 3
172 1 89 4
172 2 86 2
172 3 76 3
172 4 89 3
173 1 91 3
173 2 93 4
173 3 95 1
173 4 160 3
174 1 159 2
174 2 95 1
174 3 94 3
174 4 95 3
175 1 93 3
175 2 79 4
175 3 94 2
175 4 94 3
176 1 93 4
176 2 90 2
176 3 80 3
176 4 93 3
177 1 68 4
177 2 65 4
177 3 67 1
177 4 68 3
178 1 67 4
178 2 67 1
178 3 66 3
178 4 67 3
179 1 65 3
179 2 66 1
179 3 66 2
179 4 66 3
180 1 65 4
180 2 65 1
180 3 65 2
180 4 65 3
181 1 67 3
181 2 69 4
181 3 71 1
181 4 72 3
182 1 71 4
182 2 71 1
182 3 70 3
182 4 71 3
183 1 69 3
183 2 70 1
183 3 70 2
183 4 70 3
184 1 69 4
184 2 66 2
184 3 69 2
184 4 69 3
185 1 71 3
185 2 73 4
185 3 75 1
185 4 76 3
186 1 75 4
186 2 75 1
186 3 74 3
186 4 75 3
187 1 73 3
187 2 74 1
187 3 74 2
187 4 74 3
188 1 73 4
188 2 70 2
188 3 73 2
188 4 73 3
189 1 75 3
189 2 77 4
189 3 79 1
189 4 80 3
190 1 79 4
190 2 79 1
190 3 78 3
190 4 79 3
191 1 77 3
191 2 78 1
191 3 78 2
191 4 78 3
192 1 77 4
192 2 74 2
192 3 77 2
192 4 77 3
193 1 319 4
193 2 196 1
193 3 194 2
194 2 193 3
194 3 195 4
194 4 197 1
195 1 196 4
195 2 210 1
195 3 200 2
195 4 194 3
196 1 193 2
196 2 320 3
196 3 209 4
196 4 195 1
197 1 194 4
197 2 200 1
197 3 198 2
198 2 197 3
198 3 199 4
198 4 201 1
199 1 200 4
199 2 214 1
199 3 204 2
199 4 198 3
200 1 197 2
200 2 195 3
200 3 213 4
200 4 199 1
201 1 198 4
201 2 204 1
201 3 202 2
202 2 201 3
202 3 203 4
202 4 205 1
203 1 204 4
203 2 218 1
203 3 208 2
203 4 202 3
204 1 201 2
204 2 199 3
204 3 217 4
204 4 203 1
205 1 202 4
205 2 208 1
205 3 206 2
206 2 205 3
206 3 207 4
207 1 208 4
207 2 222 1
207 4 206 3
208 1 205 2
208 2 203 3
208 3 221 4
208 4 207 1
209 1 315 4
209 2 212 1
209 3 210 2
209 4 196 3
210 1 195 2
210 2 209 3
210 3 211 4
210 4 213 1
211 1 212 4
211 2 226 1
211 3 216 2
211 4 210 3
212 1 209 2
212 2 316 3
212 3 225 4
212 4 211 1
213 1 210 4
213 2 216 1
213 3 214 2
213 4 200 3
214 1 199 2
214 2 213 3
214 3 215 4
214 4 217 1
215 1 216 4
215 2 230 1
215 3 220 2
215 4 214 3
216 1 213 2
216 2 211 3
216 3 229 4
216 4 215 1
217 1 214 4
217 2 220 1
217 3 218 2
217 4 204 3
218 1 203 2
218 2 217 3
218 3 219 4
218 4 221 1
219 1 220 4
219 2 234 1
219 3 224 2
219 4 218 3
220 1 217 2
220 2 215 3
220 3 233 4
220 4 219 1
221 1 218 4
221 2 224 1
221 3 222 2
221 4 208 3
222 1 207 2
222 2 221 3
222 3 223 4
223 1 224 4
223 2 238 1
223 4 222 3
224 1 221 2
224 2 219 3
224 3 237 4
224 4 223 1
225 1 311 4
225 2 228 1
225 3 226 2
225 4 212 3
226 1 211 2
226 2 225 3
226 3 227 4
226 4 229 1
227 1 228 4
227 2 242 1
227 3 232 2
227 4 226 3
228 1 225 2
228 2 312 3
228 3 241 4
228 4 227 1
229 1 226 4
229 2 232 1
229 3 230 2
229 4 216 3
230 1 215 2
230 2 229 3
230 3 231 4
230 4 233 1
231 1 232 4
231 2 246 1
231 3 236 2
231 4 230 3
232 1 229 2
232 2 227 3
232 3 245 4
232 4 231 1
233 1 230 4
233 2 236 1
233 3 234 2
233 4 220 3
234 1 219 2
234 2 233 3
234 3 235 4
234 4 237 1
235 1 236 4
235 2 250 1
235 3 240 2
235 4 234 3
236 1 233 2
236 2 231 3
236 3 249 4
236 4 235 1
237 1 234 4
237 2 240 1
237 3 238 2
237 4 224 3
238 1 223 2
238 2 237 3
238 3 239 4
239 1 240 4
239 2 254 1
239 4 238 3
240 1 237 2
240 2 235 3
240 3 253 4
240 4 239 1
241 1 307 4
241 2 244 1
241 3 242 2
241 4 228 3
242 1 227 2
242 2 241 3
242 3 243 4
242 4 245 1
243 1 244 4
243 2 66 1
243 3 248 2
243 4 242 3
244 1 241 2
244 2 308 3
244 3 65 2
244 4 243 1
245 1 242 4
245 2 248 1
245 3 246 2
245 4 232 3
246 1 231 2
246 2 245 3
246 3 247 4
246 4 249 1
247 1 248 4
247 2 70 1
247 3 252 2
247 4 246 3
248 1 245 2
248 2 243 3
248 3 69 2
248 4 247 1
249 1 246 4
249 2 252 1
249 3 250 2
249 4 236 3
250 1 235 2
250 2 249 3
250 3 251 4
250 4 253 1
251 1 252 4
251 2 74 1
251 3 256 2
251 4 250 3
252 1 249 2
252 2 247 3
252 3 73 2
252 4 251 1
253 1 250 4
253 2 256 1
253 3 254 2
253 4 240 3
254 1 239 2
254 2 253 3
254 3 255 4
255 1 256 4
255 2 78 1
255 4 254 3
256 1 253 2
256 2 251 3
256 3 77 2
256 4 255 1
257 1 116 4
257 2 1 1
257 3 258 4
257 4 260 1
258 1 4 4
258 2 261 1
258 3 259 2
258 4 257 3
259 1 260 2
259 2 258 3
259 3 264 4
259 4 274 1
260 1 257 4
260 2 259 1
260 3 273 2
260 4 113 1
261 1 258 2
261 2 17 1
261 3 262 4
261 4 264 1
262 1 20 4
262 2 265 1
262 3 263 2
262 4 261 3
263 1 264 2
263 2 262 3
263 3 268 4
263 4 278 1
264 1 261 4
264 2 263 1
264 3 277 2
264 4 259 3
265 1 262 2
265 2 33 1
265 3 266 4
265 4 268 1
266 1 36 4
266 2 269 1
266 3 267 2
266 4 265 3
267 1 268 2
267 2 266 3
267 3 272 4
267 4 282 1
268 1 265 4
268 2 267 1
268 3 281 2
268 4 263 3
269 1 266 2
269 2 49 1
269 3 270 4
269 4 272 1
270 1 52 4
270 3 271 2
270 4 269 3
271 1 272 2
271 2 270 3
271 4 286 1
272 1 269 4
272 2 271 1
272 3 285 2
272 4 267 3
273 1 100 4
273 2 260 3
273 3 274 4
273 4 276 1
274 1 259 4
274 2 277 1
274 3 275 2
274 4 273 3
275 1 276 2
275 2 274 3
275 3 280 4
275 4 290 1
276 1 273 4
276 2 275 1
276 3 289 2
276 4 97 1
277 1 274 2
277 2 264 3
277 3 278 4
277 4 280 1
278 1 263 4
278 2 281 1
278 3 279 2
278 4 277 3
279 1 280 2
279 2 278 3
279 3 284 4
279 4 294 1
280 1 277 4
280 2 279 1
280 3 293 2
280 4 275 3
281 1 278 2
281 2 268 3
281 3 282 4
281 4 284 1
282 1 267 4
282 2 285 1
282 3 283 2
282 4 281 3
283 1 284 2
283 2 282 3
283 3 288 4
283 4 298 1
284 1 281 4
284 2 283 1
284 3 297 2
284 4 279 3
285 1 282 2
285 2 272 3
285 3 286 4
285 4 288 1
286 1 271 4
286 3 287 2
286 4 285 3
287 1 288 2
287 2 286 3
287 4 302 1
288 1 285 4
288 2 287 1
288 3 301 2
288 4 283 3
289 1 84 4
289 2 276 3
289 3 290 4
289 4 292 1
290 1 275 4
290 2 293 1
290 3 291 2
290 4 289 3
291 1 292 2
291 2 290 3
291 3 296 4
291 4 306 1
292 1 289 4
292 2 291 1
292 3 305 2
292 4 81 1
293 1 290 2
293 2 280 3
293 3 294 4
293 4 296 1
294 1 279 4
294 2 297 1
294 3 295 2
294 4 293 3
295 1 296 2
295 2 294 3
295 3 300 4
295 4 310 1
296 1 293 4
296 2 295 1
296 3 309 2
296 4 291 3
297 1 294 2
297 2 284 3
297 3 298 4
297 4 300 1
298 1 283 4
298 2 301 1
298 3 299 2
298 4 297 3
299 1 300 2
299 2 298 3
299 3 304 4
299 4 314 1
300 1 297 4
300 2 299 1
300 3 313 2
300 4 295 3
301 1 298 2
301 2 288 3
301 3 302 4
301 4 304 1
302 1 287 4
302 3 303 2
302 4 301 3
303 1 304 2
303 2 302 3
303 4 318 1
304 1 301 4
304 2 303 1
304 3 317 2
304 4 299 3
305 1 68 4
305 2 292 3
305 3 306 4
305 4 308 1
306 1 291 4
306 2 309 1
306 3 307 2
306 4 305 3
307 1 308 2
307 2 306 3
307 3 312 4
307 4 241 1
308 1 305 4
308 2 307 1
308 3 244 2
308 4 65 1
309 1 306 2
309 2 296 3
309 3 310 4
309 4 312 1
310 1 295 4
310 2 313 1
310 3 311 2
310 4 309 3
311 1 312 2
311 2 310 3
311 3 316 4
311 4 225 1
312 1 309 4
312 2 311 1
312 3 228 2
312 4 307 3
313 1 310 2
313 2 300 3
313 3 314 4
313 4 316 1
314 1 299 4
314 2 317 1
314 3 315 2
314 4 313 3
315 1 316 2
315 2 314 3
315 3 320 4
315 4 209 1
316 1 313 4
316 2 315 1
316 3 212 2
316 4 311 3
317 1 314 2
317 2 304 3
317 3 318 4
317 4 320 1
318 1 303 4
318 3 319 2
318 4 317 3
319 1 320 2
319 2 318 3
319 4 193 1
320 1 317 4
320 2 319 1
320 3 196 2
320 4 315 3
