-1.41421356223091 -1.41421356223091 1.41421356223091 -1.06066017167318 -1.41421356223091 1.41421356223091 -1.06066017167318 -1.06066017167318 1.41421356223091 -1.41421356223091 -1.06066017167318 1.41421356223091
-1.06066017167318 -1.41421356223091 1.41421356223091 -0.707106781115456 -1.41421356223091 1.41421356223091 -0.707106781115456 -1.06066017167318 1.41421356223091 -1.06066017167318 -1.06066017167318 1.41421356223091
-1.06066017167318 -1.06066017167318 1.41421356223091 -0.707106781115456 -1.06066017167318 1.41421356223091 -0.707106781115456 -0.707106781115456 1.41421356223091 -1.06066017167318 -0.707106781115456 1.41421356223091
-1.41421356223091 -1.06066017167318 1.41421356223091 -1.06066017167318 -1.06066017167318 1.41421356223091 -1.06066017167318 -0.707106781115456 1.41421356223091 -1.41421356223091 -0.707106781115456 1.41421356223091
-0.707106781115456 -1.41421356223091 1.41421356223091 -0.353553390557728 -1.41421356223091 1.41421356223091 -0.353553390557728 -1.06066017167318 1.41421356223091 -0.707106781115456 -1.06066017167318 1.41421356223091
-0.353553390557728 -1.41421356223091 1.41421356223091 0 -1.41421356223091 1.41421356223091 0 -1.06066017167318 1.41421356223091 -0.353553390557728 -1.06066017167318 1.41421356223091
-0.353553390557728 -1.06066017167318 1.41421356223091 0 -1.06066017167318 1.41421356223091 0 -0.707106781115456 1.41421356223091 -0.353553390557728 -0.707106781115456 1.41421356223091
-0.707106781115456 -1.06066017167318 1.41421356223091 -0.353553390557728 -1.06066017167318 1.41421356223091 -0.353553390557728 -0.707106781115456 1.41421356223091 -0.707106781115456 -0.707106781115456 1.41421356223091
0 -1.41421356223091 1.41421356223091 0.353553390557728 -1.41421356223091 1.41421356223091 0.353553390557728 -1.06066017167318 1.41421356223091 0 -1.06066017167318 1.41421356223091
0.353553390557728 -1.41421356223091 1.41421356223091 0.707106781115456 -1.41421356223091 1.41421356223091 0.707106781115456 -1.06066017167318 1.41421356223091 0.353553390557728 -1.06066017167318 1.41421356223091
0.353553390557728 -1.06066017167318 1.41421356223091 0.707106781115456 -1.06066017167318 1.41421356223091 0.707106781115456 -0.707106781115456 1.41421356223091 0.353553390557728 -0.707106781115456 1.41421356223091
0 -1.06066017167318 1.41421356223091 0.353553390557728 -1.06066017167318 1.41421356223091 0.353553390557728 -0.707106781115456 1.41421356223091 0 -0.707106781115456 1.41421356223091
0.707106781115456 -1.41421356223091 1.41421356223091 1.06066017167318 -1.41421356223091 1.41421356223091 1.06066017167318 -1.06066017167318 1.41421356223091 0.707106781115456 -1.06066017167318 1.41421356223091
1.06066017167318 -1.41421356223091 1.41421356223091 1.41421356223091 -1.41421356223091 1.41421356223091 1.41421356223091 -1.06066017167318 1.41421356223091 1.06066017167318 -1.06066017167318 1.41421356223091
1.06066017167318 -1.06066017167318 1.41421356223091 1.41421356223091 -1.06066017167318 1.41421356223091 1.41421356223091 -0.707106781115456 1.41421356223091 1.06066017167318 -0.707106781115456 1.41421356223091
0.707106781115456 -1.06066017167318 1.41421356223091 1.06066017167318 -1.06066017167318 1.41421356223091 1.06066017167318 -0.707106781115456 1.41421356223091 0.707106781115456 -0.707106781115456 1.41421356223091
-1.41421356223091 -0.707106781115456 1.41421356223091 -1.06066017167318 -0.707106781115456 1.41421356223091 -1.06066017167318 -0.353553390557728 1.41421356223091 -1.41421356223091 -0.353553390557728 1.41421356223091
-1.06066017167318 -0.707106781115456 1.41421356223091 -0.707106781115456 -0.707106781115456 1.41421356223091 -0.707106781115456 -0.353553390557728 1.41421356223091 -1.06066017167318 -0.353553390557728 1.41421356223091
-1.06066017167318 -0.353553390557728 1.41421356223091 -0.707106781115456 -0.353553390557728 1.41421356223091 -0.707106781115456 0 1.41421356223091 -1.06066017167318 0 1.41421356223091
-1.41421356223091 -0.353553390557728 1.41421356223091 -1.06066017167318 -0.353553390557728 1.41421356223091 -1.06066017167318 0 1.41421356223091 -1.41421356223091 0 1.41421356223091
-0.707106781115456 -0.707106781115456 1.41421356223091 -0.353553390557728 -0.707106781115456 1.41421356223091 -0.353553390557728 -0.353553390557728 1.41421356223091 -0.707106781115456 -0.353553390557728 1.41421356223091
-0.353553390557728 -0.707106781115456 1.41421356223091 0 -0.707106781115456 1.41421356223091 0 -0.353553390557728 1.41421356223091 -0.353553390557728 -0.353553390557728 1.41421356223091
-0.353553390557728 -0.353553390557728 1.41421356223091 0 -0.353553390557728 1.41421356223091 0 0 1.41421356223091 -0.353553390557728 0 1.41421356223091
-0.707106781115456 -0.353553390557728 1.41421356223091 -0.353553390557728 -0.353553390557728 1.41421356223091 -0.353553390557728 0 1.41421356223091 -0.707106781115456 0 1.41421356223091
0 -0.707106781115456 1.41421356223091 0.353553390557728 -0.707106781115456 1.41421356223091 0.353553390557728 -0.353553390557728 1.41421356223091 0 -0.353553390557728 1.41421356223091
0.353553390557728 -0.707106781115456 1.41421356223091 0.707106781115456 -0.707106781115456 1.41421356223091 0.707106781115456 -0.353553390557728 1.41421356223091 0.353553390557728 -0.353553390557728 1.41421356223091
0.353553390557728 -0.353553390557728 1.41421356223091 0.707106781115456 -0.353553390557728 1.41421356223091 0.707106781115456 0 1.41421356223091 0.353553390557728 0 1.41421356223091
0 -0.353553390557728 1.41421356223091 0.353553390557728 -0.353553390557728 1.41421356223091 0.353553390557728 0 1.41421356223091 0 0 1.41421356223091
0.707106781115456 -0.707106781115456 1.41421356223091 1.06066017167318 -0.707106781115456 1.41421356223091 1.06066017167318 -0.353553390557728 1.41421356223091 0.707106781115456 -0.353553390557728 1.41421356223091
1.06066017167318 -0.707106781115456 1.41421356223091 1.41421356223091 -0.707106781115456 1.41421356223091 1.41421356223091 -0.353553390557728 1.41421356223091 1.06066017167318 -0.353553390557728 1.41421356223091
1.06066017167318 -0.353553390557728 1.41421356223091 1.41421356223091 -0.353553390557728 1.41421356223091 1.41421356223091 0 1.41421356223091 1.06066017167318 0 1.41421356223091
0.707106781115456 -0.353553390557728 1.41421356223091 1.06066017167318 -0.353553390557728 1.41421356223091 1.06066017167318 0 1.41421356223091 0.707106781115456 0 1.41421356223091
-1.41421356223091 0 1.41421356223091 -1.06066017167318 0 1.41421356223091 -1.06066017167318 0.353553390557728 1.41421356223091 -1.41421356223091 0.353553390557728 1.41421356223091
-1.06066017167318 0 1.41421356223091 -0.707106781115456 0 1.41421356223091 -0.707106781115456 0.353553390557728 1.41421356223091 -1.06066017167318 0.353553390557728 1.41421356223091
-1.06066017167318 0.353553390557728 1.41421356223091 -0.707106781115456 0.353553390557728 1.41421356223091 -0.707106781115456 0.707106781115456 1.41421356223091 -1.06066017167318 0.707106781115456 1.41421356223091
-1.41421356223091 0.353553390557728 1.41421356223091 -1.06066017167318 0.353553390557728 1.41421356223091 -1.06066017167318 0.707106781115456 1.41421356223091 -1.41421356223091 0.707106781115456 1.41421356223091
-0.707106781115456 0 1.41421356223091 -0.353553390557728 0 1.41421356223091 -0.353553390557728 0.353553390557728 1.41421356223091 -0.707106781115456 0.353553390557728 1.41421356223091
-0.353553390557728 0 1.41421356223091 0 0 1.41421356223091 0 0.353553390557728 1.41421356223091 -0.353553390557728 0.353553390557728 1.41421356223091
-0.353553390557728 0.353553390557728 1.41421356223091 0 0.353553390557728 1.41421356223091 0 0.707106781115456 1.41421356223091 -0.353553390557728 0.707106781115456 1.41421356223091
-0.707106781115456 0.353553390557728 1.41421356223091 -0.353553390557728 0.353553390557728 1.41421356223091 -0.353553390557728 0.707106781115456 1.41421356223091 -0.707106781115456 0.707106781115456 1.41421356223091
0 0 1.41421356223091 0.353553390557728 0 1.41421356223091 0.353553390557728 0.353553390557728 1.41421356223091 0 0.353553390557728 1.41421356223091
0.353553390557728 0 1.41421356223091 0.707106781115456 0 1.41421356223091 0.707106781115456 0.353553390557728 1.41421356223091 0.353553390557728 0.353553390557728 1.41421356223091
0.353553390557728 0.353553390557728 1.41421356223091 0.707106781115456 0.353553390557728 1.41421356223091 0.707106781115456 0.707106781115456 1.41421356223091 0.353553390557728 0.707106781115456 1.41421356223091
0 0.353553390557728 1.41421356223091 0.353553390557728 0.353553390557728 1.41421356223091 0.353553390557728 0.707106781115456 1.41421356223091 0 0.707106781115456 1.41421356223091
0.707106781115456 0 1.41421356223091 1.06066017167318 0 1.41421356223091 1.06066017167318 0.353553390557728 1.41421356223091 0.707106781115456 0.353553390557728 1.41421356223091
1.06066017167318 0 1.41421356223091 1.41421356223091 0 1.41421356223091 1.41421356223091 0.353553390557728 1.41421356223091 1.06066017167318 0.353553390557728 1.41421356223091
1.06066017167318 0.353553390557728 1.41421356223091 1.41421356223091 0.353553390557728 1.41421356223091 1.41421356223091 0.707106781115456 1.41421356223091 1.06066017167318 0.707106781115456 1.41421356223091
0.707106781115456 0.353553390557728 1.41421356223091 1.06066017167318 0.353553390557728 1.41421356223091 1.06066017167318 0.707106781115456 1.41421356223091 0.707106781115456 0.707106781115456 1.41421356223091
-1.41421356223091 0.707106781115456 1.41421356223091 -1.06066017167318 0.707106781115456 1.41421356223091 -1.06066017167318 1.06066017167318 1.41421356223091 -1.41421356223091 1.06066017167318 1.41421356223091
-1.06066017167318 0.707106781115456 1.41421356223091 -0.707106781115456 0.707106781115456 1.41421356223091 -0.707106781115456 1.06066017167318 1.41421356223091 -1.06066017167318 1.06066017167318 1.41421356223091
-1.06066017167318 1.06066017167318 1.41421356223091 -0.707106781115456 1.06066017167318 1.41421356223091 -0.707106781115456 1.41421356223091 1.41421356223091 -1.06066017167318 1.41421356223091 1.41421356223091
-1.41421356223091 1.06066017167318 1.41421356223091 -1.06066017167318 1.06066017167318 1.41421356223091 -1.06066017167318 1.41421356223091 1.41421356223091 -1.41421356223091 1.41421356223091 1.41421356223091
-0.707106781115456 0.707106781115456 1.41421356223091 -0.353553390557728 0.707106781115456 1.41421356223091 -0.353553390557728 1.06066017167318 1.41421356223091 -0.707106781115456 1.06066017167318 1.41421356223091
-0.353553390557728 0.707106781115456 1.41421356223091 0 0.707106781115456 1.41421356223091 0 1.06066017167318 1.41421356223091 -0.353553390557728 1.06066017167318 1.41421356223091
-0.353553390557728 1.06066017167318 1.41421356223091 0 1.06066017167318 1.41421356223091 0 1.41421356223091 1.41421356223091 -0.353553390557728 1.41421356223091 1.41421356223091
-0.707106781115456 1.06066017167318 1.41421356223091 -0.353553390557728 1.06066017167318 1.41421356223091 -0.353553390557728 1.41421356223091 1.41421356223091 -0.707106781115456 1.41421356223091 1.41421356223091
0 0.707106781115456 1.41421356223091 0.353553390557728 0.707106781115456 1.41421356223091 0.353553390557728 1.06066017167318 1.41421356223091 0 1.06066017167318 1.41421356223091
0.353553390557728 0.707106781115456 1.41421356223091 0.707106781115456 0.707106781115456 1.41421356223091 0.707106781115456 1.06066017167318 1.41421356223091 0.353553390557728 1.06066017167318 1.41421356223091
0.353553390557728 1.06066017167318 1.41421356223091 0.707106781115456 1.06066017167318 1.41421356223091 0.707106781115456 1.41421356223091 1.41421356223091 0.353553390557728 1.41421356223091 1.41421356223091
0 1.06066017167318 1.41421356223091 0.353553390557728 1.06066017167318 1.41421356223091 0.353553390557728 1.41421356223091 1.41421356223091 0 1.41421356223091 1.41421356223091
0.707106781115456 0.707106781115456 1.41421356223091 1.06066017167318 0.707106781115456 1.41421356223091 1.06066017167318 1.06066017167318 1.41421356223091 0.707106781115456 1.06066017167318 1.41421356223091
1.06066017167318 0.707106781115456 1.41421356223091 1.41421356223091 0.707106781115456 1.41421356223091 1.41421356223091 1.06066017167318 1.41421356223091 1.06066017167318 1.06066017167318 1.41421356223091
1.06066017167318 1.06066017167318 1.41421356223091 1.41421356223091 1.06066017167318 1.41421356223091 1.41421356223091 1.41421356223091 1.41421356223091 1.06066017167318 1.41421356223091 1.41421356223091
0.707106781115456 1.06066017167318 1.41421356223091 1.06066017167318 1.06066017167318 1.41421356223091 1.06066017167318 1.41421356223091 1.41421356223091 0.707106781115456 1.41421356223091 1.41421356223091
-1.41421356223091 -1.41421356223091 -1.41421356223091 -1.06066017167318 -1.41421356223091 -1.41421356223091 -1.06066017167318 -1.41421356223091 -1.06066017167318 -1.41421356223091 -1.41421356223091 -1.06066017167318
-1.06066017167318 -1.41421356223091 -1.41421356223091 -0.707106781115456 -1.41421356223091 -1.41421356223091 -0.707106781115456 -1.41421356223091 -1.06066017167318 -1.06066017167318 -1.41421356223091 -1.06066017167318
-1.06066017167318 -1.41421356223091 -1.06066017167318 -0.707106781115456 -1.41421356223091 -1.06066017167318 -0.707106781115456 -1.41421356223091 -0.707106781115456 -1.06066017167318 -1.41421356223091 -0.707106781115456
-1.41421356223091 -1.41421356223091 -1.06066017167318 -1.06066017167318 -1.41421356223091 -1.06066017167318 -1.06066017167318 -1.41421356223091 -0.707106781115456 -1.41421356223091 -1.41421356223091 -0.707106781115456
-0.707106781115456 -1.41421356223091 -1.41421356223091 -0.353553390557728 -1.41421356223091 -1.41421356223091 -0.353553390557728 -1.41421356223091 -1.06066017167318 -0.707106781115456 -1.41421356223091 -1.06066017167318
-0.353553390557728 -1.41421356223091 -1.41421356223091 0 -1.41421356223091 -1.41421356223091 0 -1.41421356223091 -1.06066017167318 -0.353553390557728 -1.41421356223091 -1.06066017167318
-0.353553390557728 -1.41421356223091 -1.06066017167318 0 -1.41421356223091 -1.06066017167318 0 -1.41421356223091 -0.707106781115456 -0.353553390557728 -1.41421356223091 -0.707106781115456
-0.707106781115456 -1.41421356223091 -1.06066017167318 -0.353553390557728 -1.41421356223091 -1.06066017167318 -0.353553390557728 -1.41421356223091 -0.707106781115456 -0.707106781115456 -1.41421356223091 -0.707106781115456
0 -1.41421356223091 -1.41421356223091 0.353553390557728 -1.41421356223091 -1.41421356223091 0.353553390557728 -1.41421356223091 -1.06066017167318 0 -1.41421356223091 -1.06066017167318
0.353553390557728 -1.41421356223091 -1.41421356223091 0.707106781115456 -1.41421356223091 -1.41421356223091 0.707106781115456 -1.41421356223091 -1.06066017167318 0.353553390557728 -1.41421356223091 -1.06066017167318
0.353553390557728 -1.41421356223091 -1.06066017167318 0.707106781115456 -1.41421356223091 -1.06066017167318 0.707106781115456 -1.41421356223091 -0.707106781115456 0.353553390557728 -1.41421356223091 -0.707106781115456
0 -1.41421356223091 -1.06066017167318 0.353553390557728 -1.41421356223091 -1.06066017167318 0.353553390557728 -1.41421356223091 -0.707106781115456 0 -1.41421356223091 -0.707106781115456
0.707106781115456 -1.41421356223091 -1.41421356223091 1.06066017167318 -1.41421356223091 -1.41421356223091 1.06066017167318 -1.41421356223091 -1.06066017167318 0.707106781115456 -1.41421356223091 -1.06066017167318
1.06066017167318 -1.41421356223091 -1.41421356223091 1.41421356223091 -1.41421356223091 -1.41421356223091 1.41421356223091 -1.41421356223091 -1.06066017167318 1.06066017167318 -1.41421356223091 -1.06066017167318
1.06066017167318 -1.41421356223091 -1.06066017167318 1.41421356223091 -1.41421356223091 -1.06066017167318 1.41421356223091 -1.41421356223091 -0.707106781115456 1.06066017167318 -1.41421356223091 -0.707106781115456
0.707106781115456 -1.41421356223091 -1.06066017167318 1.06066017167318 -1.41421356223091 -1.06066017167318 1.06066017167318 -1.41421356223091 -0.707106781115456 0.707106781115456 -1.41421356223091 -0.707106781115456
-1.41421356223091 -1.41421356223091 -0.707106781115456 -1.06066017167318 -1.41421356223091 -0.707106781115456 -1.06066017167318 -1.41421356223091 -0.353553390557728 -1.41421356223091 -1.41421356223091 -0.353553390557728
-1.06066017167318 -1.41421356223091 -0.707106781115456 -0.707106781115456 -1.41421356223091 -0.707106781115456 -0.707106781115456 -1.41421356223091 -0.353553390557728 -1.06066017167318 -1.41421356223091 -0.353553390557728
-1.06066017167318 -1.41421356223091 -0.353553390557728 -0.707106781115456 -1.41421356223091 -0.353553390557728 -0.707106781115456 -1.41421356223091 0 -1.06066017167318 -1.41421356223091 0
-1.41421356223091 -1.41421356223091 -0.353553390557728 -1.06066017167318 -1.41421356223091 -0.353553390557728 -1.06066017167318 -1.41421356223091 0 -1.41421356223091 -1.41421356223091 0
-0.707106781115456 -1.41421356223091 -0.707106781115456 -0.353553390557728 -1.41421356223091 -0.707106781115456 -0.353553390557728 -1.41421356223091 -0.353553390557728 -0.707106781115456 -1.41421356223091 -0.353553390557728
-0.353553390557728 -1.41421356223091 -0.707106781115456 0 -1.41421356223091 -0.707106781115456 0 -1.41421356223091 -0.353553390557728 -0.353553390557728 -1.41421356223091 -0.353553390557728
-0.353553390557728 -1.41421356223091 -0.353553390557728 0 -1.41421356223091 -0.353553390557728 0 -1.41421356223091 0 -0.353553390557728 -1.41421356223091 0
-0.707106781115456 -1.41421356223091 -0.353553390557728 -0.353553390557728 -1.41421356223091 -0.353553390557728 -0.353553390557728 -1.41421356223091 0 -0.707106781115456 -1.41421356223091 0
0 -1.41421356223091 -0.707106781115456 0.353553390557728 -1.41421356223091 -0.707106781115456 0.353553390557728 -1.41421356223091 -0.353553390557728 0 -1.41421356223091 -0.353553390557728
0.353553390557728 -1.41421356223091 -0.707106781115456 0.707106781115456 -1.41421356223091 -0.707106781115456 0.707106781115456 -1.41421356223091 -0.353553390557728 0.353553390557728 -1.41421356223091 -0.353553390557728
0.353553390557728 -1.41421356223091 -0.353553390557728 0.707106781115456 -1.41421356223091 -0.353553390557728 0.707106781115456 -1.41421356223091 0 0.353553390557728 -1.41421356223091 0
0 -1.41421356223091 -0.353553390557728 0.353553390557728 -1.41421356223091 -0.353553390557728 0.353553390557728 -1.41421356223091 0 0 -1.41421356223091 0
0.707106781115456 -1.41421356223091 -0.707106781115456 1.06066017167318 -1.41421356223091 -0.707106781115456 1.06066017167318 -1.41421356223091 -0.353553390557728 0.707106781115456 -1.41421356223091 -0.353553390557728
1.06066017167318 -1.41421356223091 -0.707106781115456 1.41421356223091 -1.41421356223091 -0.707106781115456 1.41421356223091 -1.41421356223091 -0.353553390557728 1.06066017167318 -1.41421356223091 -0.353553390557728
1.06066017167318 -1.41421356223091 -0.353553390557728 1.41421356223091 -1.41421356223091 -0.353553390557728 1.41421356223091 -1.41421356223091 0 1.06066017167318 -1.41421356223091 0
0.707106781115456 -1.41421356223091 -0.353553390557728 1.06066017167318 -1.41421356223091 -0.353553390557728 1.06066017167318 -1.41421356223091 0 0.707106781115456 -1.41421356223091 0
-1.41421356223091 -1.41421356223091 0 -1.06066017167318 -1.41421356223091 0 -1.06066017167318 -1.41421356223091 0.353553390557728 -1.41421356223091 -1.41421356223091 0.353553390557728
-1.06066017167318 -1.41421356223091 0 -0.707106781115456 -1.41421356223091 0 -0.707106781115456 -1.41421356223091 0.353553390557728 -1.06066017167318 -1.41421356223091 0.353553390557728
-1.06066017167318 -1.41421356223091 0.353553390557728 -0.707106781115456 -1.41421356223091 0.353553390557728 -0.707106781115456 -1.41421356223091 0.707106781115456 -1.06066017167318 -1.41421356223091 0.707106781115456
-1.41421356223091 -1.41421356223091 0.353553390557728 -1.06066017167318 -1.41421356223091 0.353553390557728 -1.06066017167318 -1.41421356223091 0.707106781115456 -1.41421356223091 -1.41421356223091 0.707106781115456
-0.707106781115456 -1.41421356223091 0 -0.353553390557728 -1.41421356223091 0 -0.353553390557728 -1.41421356223091 0.353553390557728 -0.707106781115456 -1.41421356223091 0.353553390557728
-0.353553390557728 -1.41421356223091 0 0 -1.41421356223091 0 0 -1.41421356223091 0.353553390557728 -0.353553390557728 -1.41421356223091 0.353553390557728
-0.353553390557728 -1.41421356223091 0.353553390557728 0 -1.41421356223091 0.353553390557728 0 -1.41421356223091 0.707106781115456 -0.353553390557728 -1.41421356223091 0.707106781115456
-0.707106781115456 -1.41421356223091 0.353553390557728 -0.353553390557728 -1.41421356223091 0.353553390557728 -0.353553390557728 -1.41421356223091 0.707106781115456 -0.707106781115456 -1.41421356223091 0.707106781115456
0 -1.41421356223091 0 0.353553390557728 -1.41421356223091 0 0.353553390557728 -1.41421356223091 0.353553390557728 0 -1.41421356223091 0.353553390557728
0.353553390557728 -1.41421356223091 0 0.707106781115456 -1.41421356223091 0 0.707106781115456 -1.41421356223091 0.353553390557728 0.353553390557728 -1.41421356223091 0.353553390557728
0.353553390557728 -1.41421356223091 0.353553390557728 0.707106781115456 -1.41421356223091 0.353553390557728 0.707106781115456 -1.41421356223091 0.707106781115456 0.353553390557728 -1.41421356223091 0.707106781115456
0 -1.41421356223091 0.353553390557728 0.353553390557728 -1.41421356223091 0.353553390557728 0.353553390557728 -1.41421356223091 0.707106781115456 0 -1.41421356223091 0.707106781115456
0.707106781115456 -1.41421356223091 0 1.06066017167318 -1.41421356223091 0 1.06066017167318 -1.41421356223091 0.353553390557728 0.707106781115456 -1.41421356223091 0.353553390557728
1.06066017167318 -1.41421356223091 0 1.41421356223091 -1.41421356223091 0 1.41421356223091 -1.41421356223091 0.353553390557728 1.06066017167318 -1.41421356223091 0.353553390557728
1.06066017167318 -1.41421356223091 0.353553390557728 1.41421356223091 -1.41421356223091 0.353553390557728 1.41421356223091 -1.41421356223091 0.707106781115456 1.06066017167318 -1.41421356223091 0.707106781115456
0.707106781115456 -1.41421356223091 0.353553390557728 1.06066017167318 -1.41421356223091 0.353553390557728 1.06066017167318 -1.41421356223091 0.707106781115456 0.707106781115456 -1.41421356223091 0.707106781115456
-1.41421356223091 -1.41421356223091 0.707106781115456 -1.06066017167318 -1.41421356223091 0.707106781115456 -1.06066017167318 -1.41421356223091 1.06066017167318 -1.41421356223091 -1.41421356223091 1.06066017167318
-1.06066017167318 -1.41421356223091 0.707106781115456 -0.707106781115456 -1.41421356223091 0.707106781115456 -0.707106781115456 -1.41421356223091 1.06066017167318 -1.06066017167318 -1.41421356223091 1.06066017167318
-1.06066017167318 -1.41421356223091 1.06066017167318 -0.707106781115456 -1.41421356223091 1.06066017167318 -0.707106781115456 -1.41421356223091 1.41421356223091 -1.06066017167318 -1.41421356223091 1.41421356223091
-1.41421356223091 -1.41421356223091 1.06066017167318 -1.06066017167318 -1.41421356223091 1.06066017167318 -1.06066017167318 -1.41421356223091 1.41421356223091 -1.41421356223091 -1.41421356223091 1.41421356223091
-0.707106781115456 -1.41421356223091 0.707106781115456 -0.353553390557728 -1.41421356223091 0.707106781115456 -0.353553390557728 -1.41421356223091 1.06066017167318 -0.707106781115456 -1.41421356223091 1.06066017167318
-0.353553390557728 -1.41421356223091 0.707106781115456 0 -1.41421356223091 0.707106781115456 0 -1.41421356223091 1.06066017167318 -0.353553390557728 -1.41421356223091 1.06066017167318
-0.353553390557728 -1.41421356223091 1.06066017167318 0 -1.41421356223091 1.06066017167318 0 -1.41421356223091 1.41421356223091 -0.353553390557728 -1.41421356223091 1.41421356223091
-0.707106781115456 -1.41421356223091 1.06066017167318 -0.353553390557728 -1.41421356223091 1.06066017167318 -0.353553390557728 -1.41421356223091 1.41421356223091 -0.707106781115456 -1.41421356223091 1.41421356223091
0 -1.41421356223091 0.707106781115456 0.353553390557728 -1.41421356223091 0.707106781115456 0.353553390557728 -1.41421356223091 1.06066017167318 0 -1.41421356223091 1.06066017167318
0.353553390557728 -1.41421356223091 0.707106781115456 0.707106781115456 -1.41421356223091 0.707106781115456 0.707106781115456 -1.41421356223091 1.06066017167318 0.353553390557728 -1.41421356223091 1.06066017167318
0.353553390557728 -1.41421356223091 1.06066017167318 0.707106781115456 -1.41421356223091 1.06066017167318 0.707106781115456 -1.41421356223091 1.41421356223091 0.353553390557728 -1.41421356223091 1.41421356223091
0 -1.41421356223091 1.06066017167318 0.353553390557728 -1.41421356223091 1.06066017167318 0.353553390557728 -1.41421356223091 1.41421356223091 0 -1.41421356223091 1.41421356223091
0.707106781115456 -1.41421356223091 0.707106781115456 1.06066017167318 -1.41421356223091 0.707106781115456 1.06066017167318 -1.41421356223091 1.06066017167318 0.707106781115456 -1.41421356223091 1.06066017167318
1.06066017167318 -1.41421356223091 0.707106781115456 1.41421356223091 -1.41421356223091 0.707106781115456 1.41421356223091 -1.41421356223091 1.06066017167318 1.06066017167318 -1.41421356223091 1.06066017167318
1.06066017167318 -1.41421356223091 1.06066017167318 1.41421356223091 -1.41421356223091 1.06066017167318 1.41421356223091 -1.41421356223091 1.41421356223091 1.06066017167318 -1.41421356223091 1.41421356223091
0.707106781115456 -1.41421356223091 1.06066017167318 1.06066017167318 -1.41421356223091 1.06066017167318 1.06066017167318 -1.41421356223091 1.41421356223091 0.707106781115456 -1.41421356223091 1.41421356223091
-1.41421356223091 -1.41421356223091 -1.41421356223091 -1.06066017167318 -1.41421356223091 -1.41421356223091 -1.06066017167318 -1.06066017167318 -1.41421356223091 -1.41421356223091 -1.06066017167318 -1.41421356223091
-1.06066017167318 -1.41421356223091 -1.41421356223091 -0.707106781115456 -1.41421356223091 -1.41421356223091 -0.707106781115456 -1.06066017167318 -1.41421356223091 -1.06066017167318 -1.06066017167318 -1.41421356223091
-1.06066017167318 -1.06066017167318 -1.41421356223091 -0.707106781115456 -1.06066017167318 -1.41421356223091 -0.707106781115456 -0.707106781115456 -1.41421356223091 -1.06066017167318 -0.707106781115456 -1.41421356223091
-1.41421356223091 -1.06066017167318 -1.41421356223091 -1.06066017167318 -1.06066017167318 -1.41421356223091 -1.06066017167318 -0.707106781115456 -1.41421356223091 -1.41421356223091 -0.707106781115456 -1.41421356223091
-0.707106781115456 -1.41421356223091 -1.41421356223091 -0.353553390557728 -1.41421356223091 -1.41421356223091 -0.353553390557728 -1.06066017167318 -1.41421356223091 -0.707106781115456 -1.06066017167318 -1.41421356223091
-0.353553390557728 -1.41421356223091 -1.41421356223091 0 -1.41421356223091 -1.41421356223091 0 -1.06066017167318 -1.41421356223091 -0.353553390557728 -1.06066017167318 -1.41421356223091
-0.353553390557728 -1.06066017167318 -1.41421356223091 0 -1.06066017167318 -1.41421356223091 0 -0.707106781115456 -1.41421356223091 -0.353553390557728 -0.707106781115456 -1.41421356223091
-0.707106781115456 -1.06066017167318 -1.41421356223091 -0.353553390557728 -1.06066017167318 -1.41421356223091 -0.353553390557728 -0.707106781115456 -1.41421356223091 -0.707106781115456 -0.707106781115456 -1.41421356223091
0 -1.41421356223091 -1.41421356223091 0.353553390557728 -1.41421356223091 -1.41421356223091 0.353553390557728 -1.06066017167318 -1.41421356223091 0 -1.06066017167318 -1.41421356223091
0.353553390557728 -1.41421356223091 -1.41421356223091 0.707106781115456 -1.41421356223091 -1.41421356223091 0.707106781115456 -1.06066017167318 -1.41421356223091 0.353553390557728 -1.06066017167318 -1.41421356223091
0.353553390557728 -1.06066017167318 -1.41421356223091 0.707106781115456 -1.06066017167318 -1.41421356223091 0.707106781115456 -0.707106781115456 -1.41421356223091 0.353553390557728 -0.707106781115456 -1.41421356223091
0 -1.06066017167318 -1.41421356223091 0.353553390557728 -1.06066017167318 -1.41421356223091 0.353553390557728 -0.707106781115456 -1.41421356223091 0 -0.707106781115456 -1.41421356223091
0.707106781115456 -1.41421356223091 -1.41421356223091 1.06066017167318 -1.41421356223091 -1.41421356223091 1.06066017167318 -1.06066017167318 -1.41421356223091 0.707106781115456 -1.06066017167318 -1.41421356223091
1.06066017167318 -1.41421356223091 -1.41421356223091 1.41421356223091 -1.41421356223091 -1.41421356223091 1.41421356223091 -1.06066017167318 -1.41421356223091 1.06066017167318 -1.06066017167318 -1.41421356223091
1.06066017167318 -1.06066017167318 -1.41421356223091 1.41421356223091 -1.06066017167318 -1.41421356223091 1.41421356223091 -0.707106781115456 -1.41421356223091 1.06066017167318 -0.707106781115456 -1.41421356223091
0.707106781115456 -1.06066017167318 -1.41421356223091 1.06066017167318 -1.06066017167318 -1.41421356223091 1.06066017167318 -0.707106781115456 -1.41421356223091 0.707106781115456 -0.707106781115456 -1.41421356223091
-1.41421356223091 -0.707106781115456 -1.41421356223091 -1.06066017167318 -0.707106781115456 -1.41421356223091 -1.06066017167318 -0.353553390557728 -1.41421356223091 -1.41421356223091 -0.353553390557728 -1.41421356223091
-1.06066017167318 -0.707106781115456 -1.41421356223091 -0.707106781115456 -0.707106781115456 -1.41421356223091 -0.707106781115456 -0.353553390557728 -1.41421356223091 -1.06066017167318 -0.353553390557728 -1.41421356223091
-1.06066017167318 -0.353553390557728 -1.41421356223091 -0.707106781115456 -0.353553390557728 -1.41421356223091 -0.707106781115456 0 -1.41421356223091 -1.06066017167318 0 -1.41421356223091
-1.41421356223091 -0.353553390557728 -1.41421356223091 -1.06066017167318 -0.353553390557728 -1.41421356223091 -1.06066017167318 0 -1.41421356223091 -1.41421356223091 0 -1.41421356223091
-0.707106781115456 -0.707106781115456 -1.41421356223091 -0.353553390557728 -0.707106781115456 -1.41421356223091 -0.353553390557728 -0.353553390557728 -1.41421356223091 -0.707106781115456 -0.353553390557728 -1.41421356223091
-0.353553390557728 -0.707106781115456 -1.41421356223091 0 -0.707106781115456 -1.41421356223091 0 -0.353553390557728 -1.41421356223091 -0.353553390557728 -0.353553390557728 -1.41421356223091
-0.353553390557728 -0.353553390557728 -1.41421356223091 0 -0.353553390557728 -1.41421356223091 0 0 -1.41421356223091 -0.353553390557728 0 -1.41421356223091
-0.707106781115456 -0.353553390557728 -1.41421356223091 -0.353553390557728 -0.353553390557728 -1.41421356223091 -0.353553390557728 0 -1.41421356223091 -0.707106781115456 0 -1.41421356223091
0 -0.707106781115456 -1.41421356223091 0.353553390557728 -0.707106781115456 -1.41421356223091 0.353553390557728 -0.353553390557728 -1.41421356223091 0 -0.353553390557728 -1.41421356223091
0.353553390557728 -0.707106781115456 -1.41421356223091 0.707106781115456 -0.707106781115456 -1.41421356223091 0.707106781115456 -0.353553390557728 -1.41421356223091 0.353553390557728 -0.353553390557728 -1.41421356223091
0.353553390557728 -0.353553390557728 -1.41421356223091 0.707106781115456 -0.353553390557728 -1.41421356223091 0.707106781115456 0 -1.41421356223091 0.353553390557728 0 -1.41421356223091
0 -0.353553390557728 -1.41421356223091 0.353553390557728 -0.353553390557728 -1.41421356223091 0.353553390557728 0 -1.41421356223091 0 0 -1.41421356223091
0.707106781115456 -0.707106781115456 -1.41421356223091 1.06066017167318 -0.707106781115456 -1.41421356223091 1.06066017167318 -0.353553390557728 -1.41421356223091 0.707106781115456 -0.353553390557728 -1.41421356223091
1.06066017167318 -0.707106781115456 -1.41421356223091 1.41421356223091 -0.707106781115456 -1.41421356223091 1.41421356223091 -0.353553390557728 -1.41421356223091 1.06066017167318 -0.353553390557728 -1.41421356223091
1.06066017167318 -0.353553390557728 -1.41421356223091 1.41421356223091 -0.353553390557728 -1.41421356223091 1.41421356223091 0 -1.41421356223091 1.06066017167318 0 -1.41421356223091
0.707106781115456 -0.353553390557728 -1.41421356223091 1.06066017167318 -0.353553390557728 -1.41421356223091 1.06066017167318 0 -1.41421356223091 0.707106781115456 0 -1.41421356223091
-1.41421356223091 0 -1.41421356223091 -1.06066017167318 0 -1.41421356223091 -1.06066017167318 0.353553390557728 -1.41421356223091 -1.41421356223091 0.353553390557728 -1.41421356223091
-1.06066017167318 0 -1.41421356223091 -0.707106781115456 0 -1.41421356223091 -0.707106781115456 0.353553390557728 -1.41421356223091 -1.06066017167318 0.353553390557728 -1.41421356223091
-1.06066017167318 0.353553390557728 -1.41421356223091 -0.707106781115456 0.353553390557728 -1.41421356223091 -0.707106781115456 0.707106781115456 -1.41421356223091 -1.06066017167318 0.707106781115456 -1.41421356223091
-1.41421356223091 0.353553390557728 -1.41421356223091 -1.06066017167318 0.353553390557728 -1.41421356223091 -1.06066017167318 0.707106781115456 -1.41421356223091 -1.41421356223091 0.707106781115456 -1.41421356223091
-0.707106781115456 0 -1.41421356223091 -0.353553390557728 0 -1.41421356223091 -0.353553390557728 0.353553390557728 -1.41421356223091 -0.707106781115456 0.353553390557728 -1.41421356223091
-0.353553390557728 0 -1.41421356223091 0 0 -1.41421356223091 0 0.353553390557728 -1.41421356223091 -0.353553390557728 0.353553390557728 -1.41421356223091
-0.353553390557728 0.353553390557728 -1.41421356223091 0 0.353553390557728 -1.41421356223091 0 0.707106781115456 -1.41421356223091 -0.353553390557728 0.707106781115456 -1.41421356223091
-0.707106781115456 0.353553390557728 -1.41421356223091 -0.353553390557728 0.353553390557728 -1.41421356223091 -0.353553390557728 0.707106781115456 -1.41421356223091 -0.707106781115456 0.707106781115456 -1.41421356223091
0 0 -1.41421356223091 0.353553390557728 0 -1.41421356223091 0.353553390557728 0.353553390557728 -1.41421356223091 0 0.353553390557728 -1.41421356223091
0.353553390557728 0 -1.41421356223091 0.707106781115456 0 -1.41421356223091 0.707106781115456 0.353553390557728 -1.41421356223091 0.353553390557728 0.353553390557728 -1.41421356223091
0.353553390557728 0.353553390557728 -1.41421356223091 0.707106781115456 0.353553390557728 -1.41421356223091 0.707106781115456 0.707106781115456 -1.41421356223091 0.353553390557728 0.707106781115456 -1.41421356223091
0 0.353553390557728 -1.41421356223091 0.353553390557728 0.353553390557728 -1.41421356223091 0.353553390557728 0.707106781115456 -1.41421356223091 0 0.707106781115456 -1.41421356223091
0.707106781115456 0 -1.41421356223091 1.06066017167318 0 -1.41421356223091 1.06066017167318 0.353553390557728 -1.41421356223091 0.707106781115456 0.353553390557728 -1.41421356223091
1.06066017167318 0 -1.41421356223091 1.41421356223091 0 -1.41421356223091 1.41421356223091 0.353553390557728 -1.41421356223091 1.06066017167318 0.353553390557728 -1.41421356223091
1.06066017167318 0.353553390557728 -1.41421356223091 1.41421356223091 0.353553390557728 -1.41421356223091 1.41421356223091 0.707106781115456 -1.41421356223091 1.06066017167318 0.707106781115456 -1.41421356223091
0.707106781115456 0.353553390557728 -1.41421356223091 1.06066017167318 0.353553390557728 -1.41421356223091 1.06066017167318 0.707106781115456 -1.41421356223091 0.707106781115456 0.707106781115456 -1.41421356223091
-1.41421356223091 0.707106781115456 -1.41421356223091 -1.06066017167318 0.707106781115456 -1.41421356223091 -1.06066017167318 1.06066017167318 -1.41421356223091 -1.41421356223091 1.06066017167318 -1.41421356223091
-1.06066017167318 0.707106781115456 -1.41421356223091 -0.707106781115456 0.707106781115456 -1.41421356223091 -0.707106781115456 1.06066017167318 -1.41421356223091 -1.06066017167318 1.06066017167318 -1.41421356223091
-1.06066017167318 1.06066017167318 -1.41421356223091 -0.707106781115456 1.06066017167318 -1.41421356223091 -0.707106781115456 1.41421356223091 -1.41421356223091 -1.06066017167318 1.41421356223091 -1.41421356223091
-1.41421356223091 1.06066017167318 -1.41421356223091 -1.06066017167318 1.06066017167318 -1.41421356223091 -1.06066017167318 1.41421356223091 -1.41421356223091 -1.41421356223091 1.41421356223091 -1.41421356223091
-0.707106781115456 0.707106781115456 -1.41421356223091 -0.353553390557728 0.707106781115456 -1.41421356223091 -0.353553390557728 1.06066017167318 -1.41421356223091 -0.707106781115456 1.06066017167318 -1.41421356223091
-0.353553390557728 0.707106781115456 -1.41421356223091 0 0.707106781115456 -1.41421356223091 0 1.06066017167318 -1.41421356223091 -0.353553390557728 1.06066017167318 -1.41421356223091
-0.353553390557728 1.06066017167318 -1.41421356223091 0 1.06066017167318 -1.41421356223091 0 1.41421356223091 -1.41421356223091 -0.353553390557728 1.41421356223091 -1.41421356223091
-0.707106781115456 1.06066017167318 -1.41421356223091 -0.353553390557728 1.06066017167318 -1.41421356223091 -0.353553390557728 1.41421356223091 -1.41421356223091 -0.707106781115456 1.41421356223091 -1.41421356223091
0 0.707106781115456 -1.41421356223091 0.353553390557728 0.707106781115456 -1.41421356223091 0.353553390557728 1.06066017167318 -1.41421356223091 0 1.06066017167318 -1.41421356223091
0.353553390557728 0.707106781115456 -1.41421356223091 0.707106781115456 0.707106781115456 -1.41421356223091 0.707106781115456 1.06066017167318 -1.41421356223091 0.353553390557728 1.06066017167318 -1.41421356223091
0.353553390557728 1.06066017167318 -1.41421356223091 0.707106781115456 1.06066017167318 -1.41421356223091 0.707106781115456 1.41421356223091 -1.41421356223091 0.353553390557728 1.41421356223091 -1.41421356223091
0 1.06066017167318 -1.41421356223091 0.353553390557728 1.06066017167318 -1.41421356223091 0.353553390557728 1.41421356223091 -1.41421356223091 0 1.41421356223091 -1.41421356223091
0.707106781115456 0.707106781115456 -1.41421356223091 1.06066017167318 0.707106781115456 -1.41421356223091 1.06066017167318 1.06066017167318 -1.41421356223091 0.707106781115456 1.06066017167318 -1.41421356223091
1.06066017167318 0.707106781115456 -1.41421356223091 1.41421356223091 0.707106781115456 -1.41421356223091 1.41421356223091 1.06066017167318 -1.41421356223091 1.06066017167318 1.06066017167318 -1.41421356223091
1.06066017167318 1.06066017167318 -1.41421356223091 1.41421356223091 1.06066017167318 -1.41421356223091 1.41421356223091 1.41421356223091 -1.41421356223091 1.06066017167318 1.41421356223091 -1.41421356223091
0.707106781115456 1.06066017167318 -1.41421356223091 1.06066017167318 1.06066017167318 -1.41421356223091 1.06066017167318 1.41421356223091 -1.41421356223091 0.707106781115456 1.41421356223091 -1.41421356223091
-1.41421356223091 1.41421356223091 -1.41421356223091 -1.06066017167318 1.41421356223091 -1.41421356223091 -1.06066017167318 1.41421356223091 -1.06066017167318 -1.41421356223091 1.41421356223091 -1.06066017167318
-1.06066017167318 1.41421356223091 -1.41421356223091 -0.707106781115456 1.41421356223091 -1.41421356223091 -0.707106781115456 1.41421356223091 -1.06066017167318 -1.06066017167318 1.41421356223091 -1.06066017167318
-1.06066017167318 1.41421356223091 -1.06066017167318 -0.707106781115456 1.41421356223091 -1.06066017167318 -0.707106781115456 1.41421356223091 -0.707106781115456 -1.06066017167318 1.41421356223091 -0.707106781115456
-1.41421356223091 1.41421356223091 -1.06066017167318 -1.06066017167318 1.41421356223091 -1.06066017167318 -1.06066017167318 1.41421356223091 -0.707106781115456 -1.41421356223091 1.41421356223091 -0.707106781115456
-0.707106781115456 1.41421356223091 -1.41421356223091 -0.353553390557728 1.41421356223091 -1.41421356223091 -0.353553390557728 1.41421356223091 -1.06066017167318 -0.707106781115456 1.41421356223091 -1.06066017167318
-0.353553390557728 1.41421356223091 -1.41421356223091 0 1.41421356223091 -1.41421356223091 0 1.41421356223091 -1.06066017167318 -0.353553390557728 1.41421356223091 -1.06066017167318
-0.353553390557728 1.41421356223091 -1.06066017167318 0 1.41421356223091 -1.06066017167318 0 1.41421356223091 -0.707106781115456 -0.353553390557728 1.41421356223091 -0.707106781115456
-0.707106781115456 1.41421356223091 -1.06066017167318 -0.353553390557728 1.41421356223091 -1.06066017167318 -0.353553390557728 1.41421356223091 -0.707106781115456 -0.707106781115456 1.41421356223091 -0.707106781115456
0 1.41421356223091 -1.41421356223091 0.353553390557728 1.41421356223091 -1.41421356223091 0.353553390557728 1.41421356223091 -1.06066017167318 0 1.41421356223091 -1.06066017167318
0.353553390557728 1.41421356223091 -1.41421356223091 0.707106781115456 1.41421356223091 -1.41421356223091 0.707106781115456 1.41421356223091 -1.06066017167318 0.353553390557728 1.41421356223091 -1.06066017167318
0.353553390557728 1.41421356223091 -1.06066017167318 0.707106781115456 1.41421356223091 -1.06066017167318 0.707106781115456 1.41421356223091 -0.707106781115456 0.353553390557728 1.41421356223091 -0.707106781115456
0 1.41421356223091 -1.06066017167318 0.353553390557728 1.41421356223091 -1.06066017167318 0.353553390557728 1.41421356223091 -0.707106781115456 0 1.41421356223091 -0.707106781115456
0.707106781115456 1.41421356223091 -1.41421356223091 1.06066017167318 1.41421356223091 -1.41421356223091 1.06066017167318 1.41421356223091 -1.06066017167318 0.707106781115456 1.41421356223091 -1.06066017167318
1.06066017167318 1.41421356223091 -1.41421356223091 1.41421356223091 1.41421356223091 -1.41421356223091 1.41421356223091 1.41421356223091 -1.06066017167318 1.06066017167318 1.41421356223091 -1.06066017167318
1.06066017167318 1.41421356223091 -1.06066017167318 1.41421356223091 1.41421356223091 -1.06066017167318 1.41421356223091 1.41421356223091 -0.707106781115456 1.06066017167318 1.41421356223091 -0.707106781115456
0.707106781115456 1.41421356223091 -1.06066017167318 1.06066017167318 1.41421356223091 -1.06066017167318 1.06066017167318 1.41421356223091 -0.707106781115456 0.707106781115456 1.41421356223091 -0.707106781115456
-1.41421356223091 1.41421356223091 -0.707106781115456 -1.06066017167318 1.41421356223091 -0.707106781115456 -1.06066017167318 1.41421356223091 -0.353553390557728 -1.41421356223091 1.41421356223091 -0.353553390557728
-1.06066017167318 1.41421356223091 -0.707106781115456 -0.707106781115456 1.41421356223091 -0.707106781115456 -0.707106781115456 1.41421356223091 -0.353553390557728 -1.06066017167318 1.41421356223091 -0.353553390557728
-1.06066017167318 1.41421356223091 -0.353553390557728 -0.707106781115456 1.41421356223091 -0.353553390557728 -0.707106781115456 1.41421356223091 0 -1.06066017167318 1.41421356223091 0
-1.41421356223091 1.41421356223091 -0.353553390557728 -1.06066017167318 1.41421356223091 -0.353553390557728 -1.06066017167318 1.41421356223091 0 -1.41421356223091 1.41421356223091 0
-0.707106781115456 1.41421356223091 -0.707106781115456 -0.353553390557728 1.41421356223091 -0.707106781115456 -0.353553390557728 1.41421356223091 -0.353553390557728 -0.707106781115456 1.41421356223091 -0.353553390557728
-0.353553390557728 1.41421356223091 -0.707106781115456 0 1.41421356223091 -0.707106781115456 0 1.41421356223091 -0.353553390557728 -0.353553390557728 1.41421356223091 -0.353553390557728
-0.353553390557728 1.41421356223091 -0.353553390557728 0 1.41421356223091 -0.353553390557728 0 1.41421356223091 0 -0.353553390557728 1.41421356223091 0
-0.707106781115456 1.41421356223091 -0.353553390557728 -0.353553390557728 1.41421356223091 -0.353553390557728 -0.353553390557728 1.41421356223091 0 -0.707106781115456 1.41421356223091 0
0 1.41421356223091 -0.707106781115456 0.353553390557728 1.41421356223091 -0.707106781115456 0.353553390557728 1.41421356223091 -0.353553390557728 0 1.41421356223091 -0.353553390557728
0.353553390557728 1.41421356223091 -0.707106781115456 0.707106781115456 1.41421356223091 -0.707106781115456 0.707106781115456 1.41421356223091 -0.353553390557728 0.353553390557728 1.41421356223091 -0.353553390557728
0.353553390557728 1.41421356223091 -0.353553390557728 0.707106781115456 1.41421356223091 -0.353553390557728 0.707106781115456 1.41421356223091 0 0.353553390557728 1.41421356223091 0
0 1.41421356223091 -0.353553390557728 0.353553390557728 1.41421356223091 -0.353553390557728 0.353553390557728 1.41421356223091 0 0 1.41421356223091 0
0.707106781115456 1.41421356223091 -0.707106781115456 1.06066017167318 1.41421356223091 -0.707106781115456 1.06066017167318 1.41421356223091 -0.353553390557728 0.707106781115456 1.41421356223091 -0.353553390557728
1.06066017167318 1.41421356223091 -0.707106781115456 1.41421356223091 1.41421356223091 -0.707106781115456 1.41421356223091 1.41421356223091 -0.353553390557728 1.06066017167318 1.41421356223091 -0.353553390557728
1.06066017167318 1.41421356223091 -0.353553390557728 1.41421356223091 1.41421356223091 -0.353553390557728 1.41421356223091 1.41421356223091 0 1.06066017167318 1.41421356223091 0
0.707106781115456 1.41421356223091 -0.353553390557728 1.06066017167318 1.41421356223091 -0.353553390557728 1.06066017167318 1.41421356223091 0 0.707106781115456 1.41421356223091 0
-1.41421356223091 1.41421356223091 0 -1.06066017167318 1.41421356223091 0 -1.06066017167318 1.41421356223091 0.353553390557728 -1.41421356223091 1.41421356223091 0.353553390557728
-1.06066017167318 1.41421356223091 0 -0.707106781115456 1.41421356223091 0 -0.707106781115456 1.41421356223091 0.353553390557728 -1.06066017167318 1.41421356223091 0.353553390557728
-1.06066017167318 1.41421356223091 0.353553390557728 -0.707106781115456 1.41421356223091 0.353553390557728 -0.707106781115456 1.41421356223091 0.707106781115456 -1.06066017167318 1.41421356223091 0.707106781115456
-1.41421356223091 1.41421356223091 0.353553390557728 -1.06066017167318 1.41421356223091 0.353553390557728 -1.06066017167318 1.41421356223091 0.707106781115456 -1.41421356223091 1.41421356223091 0.707106781115456
-0.707106781115456 1.41421356223091 0 -0.353553390557728 1.41421356223091 0 -0.353553390557728 1.41421356223091 0.353553390557728 -0.707106781115456 1.41421356223091 0.353553390557728
-0.353553390557728 1.41421356223091 0 0 1.41421356223091 0 0 1.41421356223091 0.353553390557728 -0.353553390557728 1.41421356223091 0.353553390557728
-0.353553390557728 1.41421356223091 0.353553390557728 0 1.41421356223091 0.353553390557728 0 1.41421356223091 0.707106781115456 -0.353553390557728 1.41421356223091 0.707106781115456
-0.707106781115456 1.41421356223091 0.353553390557728 -0.353553390557728 1.41421356223091 0.353553390557728 -0.353553390557728 1.41421356223091 0.707106781115456 -0.707106781115456 1.41421356223091 0.707106781115456
0 1.41421356223091 0 0.353553390557728 1.41421356223091 0 0.353553390557728 1.41421356223091 0.353553390557728 0 1.41421356223091 0.353553390557728
0.353553390557728 1.41421356223091 0 0.707106781115456 1.41421356223091 0 0.707106781115456 1.41421356223091 0.353553390557728 0.353553390557728 1.41421356223091 0.353553390557728
0.353553390557728 1.41421356223091 0.353553390557728 0.707106781115456 1.41421356223091 0.353553390557728 0.707106781115456 1.41421356223091 0.707106781115456 0.353553390557728 1.41421356223091 0.707106781115456
0 1.41421356223091 0.353553390557728 0.353553390557728 1.41421356223091 0.353553390557728 0.353553390557728 1.41421356223091 0.707106781115456 0 1.41421356223091 0.707106781115456
0.707106781115456 1.41421356223091 0 1.06066017167318 1.41421356223091 0 1.06066017167318 1.41421356223091 0.353553390557728 0.707106781115456 1.41421356223091 0.353553390557728
1.06066017167318 1.41421356223091 0 1.41421356223091 1.41421356223091 0 1.41421356223091 1.41421356223091 0.353553390557728 1.06066017167318 1.41421356223091 0.353553390557728
1.06066017167318 1.41421356223091 0.353553390557728 1.41421356223091 1.41421356223091 0.353553390557728 1.41421356223091 1.41421356223091 0.707106781115456 1.06066017167318 1.41421356223091 0.707106781115456
0.707106781115456 1.41421356223091 0.353553390557728 1.06066017167318 1.41421356223091 0.353553390557728 1.06066017167318 1.41421356223091 0.707106781115456 0.707106781115456 1.41421356223091 0.707106781115456
-1.41421356223091 1.41421356223091 0.707106781115456 -1.06066017167318 1.41421356223091 0.707106781115456 -1.06066017167318 1.41421356223091 1.06066017167318 -1.41421356223091 1.41421356223091 1.06066017167318
-1.06066017167318 1.41421356223091 0.707106781115456 -0.707106781115456 1.41421356223091 0.707106781115456 -0.707106781115456 1.41421356223091 1.06066017167318 -1.06066017167318 1.41421356223091 1.06066017167318
-1.06066017167318 1.41421356223091 1.06066017167318 -0.707106781115456 1.41421356223091 1.06066017167318 -0.707106781115456 1.41421356223091 1.41421356223091 -1.06066017167318 1.41421356223091 1.41421356223091
-1.41421356223091 1.41421356223091 1.06066017167318 -1.06066017167318 1.41421356223091 1.06066017167318 -1.06066017167318 1.41421356223091 1.41421356223091 -1.41421356223091 1.41421356223091 1.41421356223091
-0.707106781115456 1.41421356223091 0.707106781115456 -0.353553390557728 1.41421356223091 0.707106781115456 -0.353553390557728 1.41421356223091 1.06066017167318 -0.707106781115456 1.41421356223091 1.06066017167318
-0.353553390557728 1.41421356223091 0.707106781115456 0 1.41421356223091 0.707106781115456 0 1.41421356223091 1.06066017167318 -0.353553390557728 1.41421356223091 1.06066017167318
-0.353553390557728 1.41421356223091 1.06066017167318 0 1.41421356223091 1.06066017167318 0 1.41421356223091 1.41421356223091 -0.353553390557728 1.41421356223091 1.41421356223091
-0.707106781115456 1.41421356223091 1.06066017167318 -0.353553390557728 1.41421356223091 1.06066017167318 -0.353553390557728 1.41421356223091 1.41421356223091 -0.707106781115456 1.41421356223091 1.41421356223091
0 1.41421356223091 0.707106781115456 0.353553390557728 1.41421356223091 0.707106781115456 0.353553390557728 1.41421356223091 1.06066017167318 0 1.41421356223091 1.06066017167318
0.353553390557728 1.41421356223091 0.707106781115456 0.707106781115456 1.41421356223091 0.707106781115456 0.707106781115456 1.41421356223091 1.06066017167318 0.353553390557728 1.41421356223091 1.06066017167318
0.353553390557728 1.41421356223091 1.06066017167318 0.707106781115456 1.41421356223091 1.06066017167318 0.707106781115456 1.41421356223091 1.41421356223091 0.353553390557728 1.41421356223091 1.41421356223091
0 1.41421356223091 1.06066017167318 0.353553390557728 1.41421356223091 1.06066017167318 0.353553390557728 1.41421356223091 1.41421356223091 0 1.41421356223091 1.41421356223091
0.707106781115456 1.41421356223091 0.707106781115456 1.06066017167318 1.41421356223091 0.707106781115456 1.06066017167318 1.41421356223091 1.06066017167318 0.707106781115456 1.41421356223091 1.06066017167318
1.06066017167318 1.41421356223091 0.707106781115456 1.41421356223091 1.41421356223091 0.707106781115456 1.41421356223091 1.41421356223091 1.06066017167318 1.06066017167318 1.41421356223091 1.06066017167318
1.06066017167318 1.41421356223091 1.06066017167318 1.41421356223091 1.41421356223091 1.06066017167318 1.41421356223091 1.41421356223091 1.41421356223091 1.06066017167318 1.41421356223091 1.41421356223091
0.707106781115456 1.41421356223091 1.06066017167318 1.06066017167318 1.41421356223091 1.06066017167318 1.06066017167318 1.41421356223091 1.41421356223091 0.707106781115456 1.41421356223091 1.41421356223091
1.41421356223091 -1.41421356223091 -1.41421356223091 1.41421356223091 -1.06066017167318 -1.41421356223091 1.41421356223091 -1.06066017167318 -1.06066017167318 1.41421356223091 -1.41421356223091 -1.06066017167318
1.41421356223091 -1.06066017167318 -1.41421356223091 1.41421356223091 -0.707106781115456 -1.41421356223091 1.41421356223091 -0.707106781115456 -1.06066017167318 1.41421356223091 -1.06066017167318 -1.06066017167318
1.41421356223091 -1.06066017167318 -1.06066017167318 1.41421356223091 -0.707106781115456 -1.06066017167318 1.41421356223091 -0.707106781115456 -0.707106781115456 1.41421356223091 -1.06066017167318 -0.707106781115456
1.41421356223091 -1.41421356223091 -1.06066017167318 1.41421356223091 -1.06066017167318 -1.06066017167318 1.41421356223091 -1.06066017167318 -0.707106781115456 1.41421356223091 -1.41421356223091 -0.707106781115456
1.41421356223091 -0.707106781115456 -1.41421356223091 1.41421356223091 -0.353553390557728 -1.41421356223091 1.41421356223091 -0.353553390557728 -1.06066017167318 1.41421356223091 -0.707106781115456 -1.06066017167318
1.41421356223091 -0.353553390557728 -1.41421356223091 1.41421356223091 0 -1.41421356223091 1.41421356223091 0 -1.06066017167318 1.41421356223091 -0.353553390557728 -1.06066017167318
1.41421356223091 -0.353553390557728 -1.06066017167318 1.41421356223091 0 -1.06066017167318 1.41421356223091 0 -0.707106781115456 1.41421356223091 -0.353553390557728 -0.707106781115456
1.41421356223091 -0.707106781115456 -1.06066017167318 1.41421356223091 -0.353553390557728 -1.06066017167318 1.41421356223091 -0.353553390557728 -0.707106781115456 1.41421356223091 -0.707106781115456 -0.707106781115456
1.41421356223091 0 -1.41421356223091 1.41421356223091 0.353553390557728 -1.41421356223091 1.41421356223091 0.353553390557728 -1.06066017167318 1.41421356223091 0 -1.06066017167318
1.41421356223091 0.353553390557728 -1.41421356223091 1.41421356223091 0.707106781115456 -1.41421356223091 1.41421356223091 0.707106781115456 -1.06066017167318 1.41421356223091 0.353553390557728 -1.06066017167318
1.41421356223091 0.353553390557728 -1.06066017167318 1.41421356223091 0.707106781115456 -1.06066017167318 1.41421356223091 0.707106781115456 -0.707106781115456 1.41421356223091 0.353553390557728 -0.707106781115456
1.41421356223091 0 -1.06066017167318 1.41421356223091 0.353553390557728 -1.06066017167318 1.41421356223091 0.353553390557728 -0.707106781115456 1.41421356223091 0 -0.707106781115456
1.41421356223091 0.707106781115456 -1.41421356223091 1.41421356223091 1.06066017167318 -1.41421356223091 1.41421356223091 1.06066017167318 -1.06066017167318 1.41421356223091 0.707106781115456 -1.06066017167318
1.41421356223091 1.06066017167318 -1.41421356223091 1.41421356223091 1.41421356223091 -1.41421356223091 1.41421356223091 1.41421356223091 -1.06066017167318 1.41421356223091 1.06066017167318 -1.06066017167318
1.41421356223091 1.06066017167318 -1.06066017167318 1.41421356223091 1.41421356223091 -1.06066017167318 1.41421356223091 1.41421356223091 -0.707106781115456 1.41421356223091 1.06066017167318 -0.707106781115456
1.41421356223091 0.707106781115456 -1.06066017167318 1.41421356223091 1.06066017167318 -1.06066017167318 1.41421356223091 1.06066017167318 -0.707106781115456 1.41421356223091 0.707106781115456 -0.707106781115456
1.41421356223091 -1.41421356223091 -0.707106781115456 1.41421356223091 -1.06066017167318 -0.707106781115456 1.41421356223091 -1.06066017167318 -0.353553390557728 1.41421356223091 -1.41421356223091 -0.353553390557728
1.41421356223091 -1.06066017167318 -0.707106781115456 1.41421356223091 -0.707106781115456 -0.707106781115456 1.41421356223091 -0.707106781115456 -0.353553390557728 1.41421356223091 -1.06066017167318 -0.353553390557728
1.41421356223091 -1.06066017167318 -0.353553390557728 1.41421356223091 -0.707106781115456 -0.353553390557728 1.41421356223091 -0.707106781115456 0 1.41421356223091 -1.06066017167318 0
1.41421356223091 -1.41421356223091 -0.353553390557728 1.41421356223091 -1.06066017167318 -0.353553390557728 1.41421356223091 -1.06066017167318 0 1.41421356223091 -1.41421356223091 0
1.41421356223091 -0.707106781115456 -0.707106781115456 1.41421356223091 -0.353553390557728 -0.707106781115456 1.41421356223091 -0.353553390557728 -0.353553390557728 1.41421356223091 -0.707106781115456 -0.353553390557728
1.41421356223091 -0.353553390557728 -0.707106781115456 1.41421356223091 0 -0.707106781115456 1.41421356223091 0 -0.353553390557728 1.41421356223091 -0.353553390557728 -0.353553390557728
1.41421356223091 -0.353553390557728 -0.353553390557728 1.41421356223091 0 -0.353553390557728 1.41421356223091 0 0 1.41421356223091 -0.353553390557728 0
1.41421356223091 -0.707106781115456 -0.353553390557728 1.41421356223091 -0.353553390557728 -0.353553390557728 1.41421356223091 -0.353553390557728 0 1.41421356223091 -0.707106781115456 0
1.41421356223091 0 -0.707106781115456 1.41421356223091 0.353553390557728 -0.707106781115456 1.41421356223091 0.353553390557728 -0.353553390557728 1.41421356223091 0 -0.353553390557728
1.41421356223091 0.353553390557728 -0.707106781115456 1.41421356223091 0.707106781115456 -0.707106781115456 1.41421356223091 0.707106781115456 -0.353553390557728 1.41421356223091 0.353553390557728 -0.353553390557728
1.41421356223091 0.353553390557728 -0.353553390557728 1.41421356223091 0.707106781115456 -0.353553390557728 1.41421356223091 0.707106781115456 0 1.41421356223091 0.353553390557728 0
1.41421356223091 0 -0.353553390557728 1.41421356223091 0.353553390557728 -0.353553390557728 1.41421356223091 0.353553390557728 0 1.41421356223091 0 0
1.41421356223091 0.707106781115456 -0.707106781115456 1.41421356223091 1.06066017167318 -0.707106781115456 1.41421356223091 1.06066017167318 -0.353553390557728 1.41421356223091 0.707106781115456 -0.353553390557728
1.41421356223091 1.06066017167318 -0.707106781115456 1.41421356223091 1.41421356223091 -0.707106781115456 1.41421356223091 1.41421356223091 -0.353553390557728 1.41421356223091 1.06066017167318 -0.353553390557728
1.41421356223091 1.06066017167318 -0.353553390557728 1.41421356223091 1.41421356223091 -0.353553390557728 1.41421356223091 1.41421356223091 0 1.41421356223091 1.06066017167318 0
1.41421356223091 0.707106781115456 -0.353553390557728 1.41421356223091 1.06066017167318 -0.353553390557728 1.41421356223091 1.06066017167318 0 1.41421356223091 0.707106781115456 0
1.41421356223091 -1.41421356223091 0 1.41421356223091 -1.06066017167318 0 1.41421356223091 -1.06066017167318 0.353553390557728 1.41421356223091 -1.41421356223091 0.353553390557728
1.41421356223091 -1.06066017167318 0 1.41421356223091 -0.707106781115456 0 1.41421356223091 -0.707106781115456 0.353553390557728 1.41421356223091 -1.06066017167318 0.353553390557728
1.41421356223091 -1.06066017167318 0.353553390557728 1.41421356223091 -0.707106781115456 0.353553390557728 1.41421356223091 -0.707106781115456 0.707106781115456 1.41421356223091 -1.06066017167318 0.707106781115456
1.41421356223091 -1.41421356223091 0.353553390557728 1.41421356223091 -1.06066017167318 0.353553390557728 1.41421356223091 -1.06066017167318 0.707106781115456 1.41421356223091 -1.41421356223091 0.707106781115456
1.41421356223091 -0.707106781115456 0 1.41421356223091 -0.353553390557728 0 1.41421356223091 -0.353553390557728 0.353553390557728 1.41421356223091 -0.707106781115456 0.353553390557728
1.41421356223091 -0.353553390557728 0 1.41421356223091 0 0 1.41421356223091 0 0.353553390557728 1.41421356223091 -0.353553390557728 0.353553390557728
1.41421356223091 -0.353553390557728 0.353553390557728 1.41421356223091 0 0.353553390557728 1.41421356223091 0 0.707106781115456 1.41421356223091 -0.353553390557728 0.707106781115456
1.41421356223091 -0.707106781115456 0.353553390557728 1.41421356223091 -0.353553390557728 0.353553390557728 1.41421356223091 -0.353553390557728 0.707106781115456 1.41421356223091 -0.707106781115456 0.707106781115456
1.41421356223091 0 0 1.41421356223091 0.353553390557728 0 1.41421356223091 0.353553390557728 0.353553390557728 1.41421356223091 0 0.353553390557728
1.41421356223091 0.353553390557728 0 1.41421356223091 0.707106781115456 0 1.41421356223091 0.707106781115456 0.353553390557728 1.41421356223091 0.353553390557728 0.353553390557728
1.41421356223091 0.353553390557728 0.353553390557728 1.41421356223091 0.707106781115456 0.353553390557728 1.41421356223091 0.707106781115456 0.707106781115456 1.41421356223091 0.353553390557728 0.707106781115456
1.41421356223091 0 0.353553390557728 1.41421356223091 0.353553390557728 0.353553390557728 1.41421356223091 0.353553390557728 0.707106781115456 1.41421356223091 0 0.707106781115456
1.41421356223091 0.707106781115456 0 1.41421356223091 1.06066017167318 0 1.41421356223091 1.06066017167318 0.353553390557728 1.41421356223091 0.707106781115456 0.353553390557728
1.41421356223091 1.06066017167318 0 1.41421356223091 1.41421356223091 0 1.41421356223091 1.41421356223091 0.353553390557728 1.41421356223091 1.06066017167318 0.353553390557728
1.41421356223091 1.06066017167318 0.353553390557728 1.41421356223091 1.41421356223091 0.353553390557728 1.41421356223091 1.41421356223091 0.707106781115456 1.41421356223091 1.06066017167318 0.707106781115456
1.41421356223091 0.707106781115456 0.353553390557728 1.41421356223091 1.06066017167318 0.353553390557728 1.41421356223091 1.06066017167318 0.707106781115456 1.41421356223091 0.707106781115456 0.707106781115456
1.41421356223091 -1.41421356223091 0.707106781115456 1.41421356223091 -1.06066017167318 0.707106781115456 1.41421356223091 -1.06066017167318 1.06066017167318 1.41421356223091 -1.41421356223091 1.06066017167318
1.41421356223091 -1.06066017167318 0.707106781115456 1.41421356223091 -0.707106781115456 0.707106781115456 1.41421356223091 -0.707106781115456 1.06066017167318 1.41421356223091 -1.06066017167318 1.06066017167318
1.41421356223091 -1.06066017167318 1.06066017167318 1.41421356223091 -0.707106781115456 1.06066017167318 1.41421356223091 -0.707106781115456 1.41421356223091 1.41421356223091 -1.06066017167318 1.41421356223091
1.41421356223091 -1.41421356223091 1.06066017167318 1.41421356223091 -1.06066017167318 1.06066017167318 1.41421356223091 -1.06066017167318 1.41421356223091 1.41421356223091 -1.41421356223091 1.41421356223091
1.41421356223091 -0.707106781115456 0.707106781115456 1.41421356223091 -0.353553390557728 0.707106781115456 1.41421356223091 -0.353553390557728 1.06066017167318 1.41421356223091 -0.707106781115456 1.06066017167318
1.41421356223091 -0.353553390557728 0.707106781115456 1.41421356223091 0 0.707106781115456 1.41421356223091 0 1.06066017167318 1.41421356223091 -0.353553390557728 1.06066017167318
1.41421356223091 -0.353553390557728 1.06066017167318 1.41421356223091 0 1.06066017167318 1.41421356223091 0 1.41421356223091 1.41421356223091 -0.353553390557728 1.41421356223091
1.41421356223091 -0.707106781115456 1.06066017167318 1.41421356223091 -0.353553390557728 1.06066017167318 1.41421356223091 -0.353553390557728 1.41421356223091 1.41421356223091 -0.707106781115456 1.41421356223091
1.41421356223091 0 0.707106781115456 1.41421356223091 0.353553390557728 0.707106781115456 1.41421356223091 0.353553390557728 1.06066017167318 1.41421356223091 0 1.06066017167318
1.41421356223091 0.353553390557728 0.707106781115456 1.41421356223091 0.707106781115456 0.707106781115456 1.41421356223091 0.707106781115456 1.06066017167318 1.41421356223091 0.353553390557728 1.06066017167318
1.41421356223091 0.353553390557728 1.06066017167318 1.41421356223091 0.707106781115456 1.06066017167318 1.41421356223091 0.707106781115456 1.41421356223091 1.41421356223091 0.353553390557728 1.41421356223091
1.41421356223091 0 1.06066017167318 1.41421356223091 0.353553390557728 1.06066017167318 1.41421356223091 0.353553390557728 1.41421356223091 1.41421356223091 0 1.41421356223091
1.41421356223091 0.707106781115456 0.707106781115456 1.41421356223091 1.06066017167318 0.707106781115456 1.41421356223091 1.06066017167318 1.06066017167318 1.41421356223091 0.707106781115456 1.06066017167318
1.41421356223091 1.06066017167318 0.707106781115456 1.41421356223091 1.41421356223091 0.707106781115456 1.41421356223091 1.41421356223091 1.06066017167318 1.41421356223091 1.06066017167318 1.06066017167318
1.41421356223091 1.06066017167318 1.06066017167318 1.41421356223091 1.41421356223091 1.06066017167318 1.41421356223091 1.41421356223091 1.41421356223091 1.41421356223091 1.06066017167318 1.41421356223091
1.41421356223091 0.707106781115456 1.06066017167318 1.41421356223091 1.06066017167318 1.06066017167318 1.41421356223091 1.06066017167318 1.41421356223091 1.41421356223091 0.707106781115456 1.41421356223091
-1.41421356223091 -1.41421356223091 -1.41421356223091 -1.41421356223091 -1.06066017167318 -1.41421356223091 -1.41421356223091 -1.06066017167318 -1.06066017167318 -1.41421356223091 -1.41421356223091 -1.06066017167318
-1.41421356223091 -1.06066017167318 -1.41421356223091 -1.41421356223091 -0.707106781115456 -1.41421356223091 -1.41421356223091 -0.707106781115456 -1.06066017167318 -1.41421356223091 -1.06066017167318 -1.06066017167318
-1.41421356223091 -1.06066017167318 -1.06066017167318 -1.41421356223091 -0.707106781115456 -1.06066017167318 -1.41421356223091 -0.707106781115456 -0.707106781115456 -1.41421356223091 -1.06066017167318 -0.707106781115456
-1.41421356223091 -1.41421356223091 -1.06066017167318 -1.41421356223091 -1.06066017167318 -1.06066017167318 -1.41421356223091 -1.06066017167318 -0.707106781115456 -1.41421356223091 -1.41421356223091 -0.707106781115456
-1.41421356223091 -0.707106781115456 -1.41421356223091 -1.41421356223091 -0.353553390557728 -1.41421356223091 -1.41421356223091 -0.353553390557728 -1.06066017167318 -1.41421356223091 -0.707106781115456 -1.06066017167318
-1.41421356223091 -0.353553390557728 -1.41421356223091 -1.41421356223091 0 -1.41421356223091 -1.41421356223091 0 -1.06066017167318 -1.41421356223091 -0.353553390557728 -1.06066017167318
-1.41421356223091 -0.353553390557728 -1.06066017167318 -1.41421356223091 0 -1.06066017167318 -1.41421356223091 0 -0.707106781115456 -1.41421356223091 -0.353553390557728 -0.707106781115456
-1.41421356223091 -0.707106781115456 -1.06066017167318 -1.41421356223091 -0.353553390557728 -1.06066017167318 -1.41421356223091 -0.353553390557728 -0.707106781115456 -1.41421356223091 -0.707106781115456 -0.707106781115456
-1.41421356223091 0 -1.41421356223091 -1.41421356223091 0.353553390557728 -1.41421356223091 -1.41421356223091 0.353553390557728 -1.06066017167318 -1.41421356223091 0 -1.06066017167318
-1.41421356223091 0.353553390557728 -1.41421356223091 -1.41421356223091 0.707106781115456 -1.41421356223091 -1.41421356223091 0.707106781115456 -1.06066017167318 -1.41421356223091 0.353553390557728 -1.06066017167318
-1.41421356223091 0.353553390557728 -1.06066017167318 -1.41421356223091 0.707106781115456 -1.06066017167318 -1.41421356223091 0.707106781115456 -0.707106781115456 -1.41421356223091 0.353553390557728 -0.707106781115456
-1.41421356223091 0 -1.06066017167318 -1.41421356223091 0.353553390557728 -1.06066017167318 -1.41421356223091 0.353553390557728 -0.707106781115456 -1.41421356223091 0 -0.707106781115456
-1.41421356223091 0.707106781115456 -1.41421356223091 -1.41421356223091 1.06066017167318 -1.41421356223091 -1.41421356223091 1.06066017167318 -1.06066017167318 -1.41421356223091 0.707106781115456 -1.06066017167318
-1.41421356223091 1.06066017167318 -1.41421356223091 -1.41421356223091 1.41421356223091 -1.41421356223091 -1.41421356223091 1.41421356223091 -1.06066017167318 -1.41421356223091 1.06066017167318 -1.06066017167318
-1.41421356223091 1.06066017167318 -1.06066017167318 -1.41421356223091 1.41421356223091 -1.06066017167318 -1.41421356223091 1.41421356223091 -0.707106781115456 -1.41421356223091 1.06066017167318 -0.707106781115456
-1.41421356223091 0.707106781115456 -1.06066017167318 -1.41421356223091 1.06066017167318 -1.06066017167318 -1.41421356223091 1.06066017167318 -0.707106781115456 -1.41421356223091 0.707106781115456 -0.707106781115456
-1.41421356223091 -1.41421356223091 -0.707106781115456 -1.41421356223091 -1.06066017167318 -0.707106781115456 -1.41421356223091 -1.06066017167318 -0.353553390557728 -1.41421356223091 -1.41421356223091 -0.353553390557728
-1.41421356223091 -1.06066017167318 -0.707106781115456 -1.41421356223091 -0.707106781115456 -0.707106781115456 -1.41421356223091 -0.707106781115456 -0.353553390557728 -1.41421356223091 -1.06066017167318 -0.353553390557728
-1.41421356223091 -1.06066017167318 -0.353553390557728 -1.41421356223091 -0.707106781115456 -0.353553390557728 -1.41421356223091 -0.707106781115456 0 -1.41421356223091 -1.06066017167318 0
-1.41421356223091 -1.41421356223091 -0.353553390557728 -1.41421356223091 -1.06066017167318 -0.353553390557728 -1.41421356223091 -1.06066017167318 0 -1.41421356223091 -1.41421356223091 0
-1.41421356223091 -0.707106781115456 -0.707106781115456 -1.41421356223091 -0.353553390557728 -0.707106781115456 -1.41421356223091 -0.353553390557728 -0.353553390557728 -1.41421356223091 -0.707106781115456 -0.353553390557728
-1.41421356223091 -0.353553390557728 -0.707106781115456 -1.41421356223091 0 -0.707106781115456 -1.41421356223091 0 -0.353553390557728 -1.41421356223091 -0.353553390557728 -0.353553390557728
-1.41421356223091 -0.353553390557728 -0.353553390557728 -1.41421356223091 0 -0.353553390557728 -1.41421356223091 0 0 -1.41421356223091 -0.353553390557728 0
-1.41421356223091 -0.707106781115456 -0.353553390557728 -1.41421356223091 -0.353553390557728 -0.353553390557728 -1.41421356223091 -0.353553390557728 0 -1.41421356223091 -0.707106781115456 0
-1.41421356223091 0 -0.707106781115456 -1.41421356223091 0.353553390557728 -0.707106781115456 -1.41421356223091 0.353553390557728 -0.353553390557728 -1.41421356223091 0 -0.353553390557728
-1.41421356223091 0.353553390557728 -0.707106781115456 -1.41421356223091 0.707106781115456 -0.707106781115456 -1.41421356223091 0.707106781115456 -0.353553390557728 -1.41421356223091 0.353553390557728 -0.353553390557728
-1.41421356223091 0.353553390557728 -0.353553390557728 -1.41421356223091 0.707106781115456 -0.353553390557728 -1.41421356223091 0.707106781115456 0 -1.41421356223091 0.353553390557728 0
-1.41421356223091 0 -0.353553390557728 -1.41421356223091 0.353553390557728 -0.353553390557728 -1.41421356223091 0.353553390557728 0 -1.41421356223091 0 0
-1.41421356223091 0.707106781115456 -0.707106781115456 -1.41421356223091 1.06066017167318 -0.707106781115456 -1.41421356223091 1.06066017167318 -0.353553390557728 -1.41421356223091 0.707106781115456 -0.353553390557728
-1.41421356223091 1.06066017167318 -0.707106781115456 -1.41421356223091 1.41421356223091 -0.707106781115456 -1.41421356223091 1.41421356223091 -0.353553390557728 -1.41421356223091 1.06066017167318 -0.353553390557728
-1.41421356223091 1.06066017167318 -0.353553390557728 -1.41421356223091 1.41421356223091 -0.353553390557728 -1.41421356223091 1.41421356223091 0 -1.41421356223091 1.06066017167318 0
-1.41421356223091 0.707106781115456 -0.353553390557728 -1.41421356223091 1.06066017167318 -0.353553390557728 -1.41421356223091 1.06066017167318 0 -1.41421356223091 0.707106781115456 0
-1.41421356223091 -1.41421356223091 0 -1.41421356223091 -1.06066017167318 0 -1.41421356223091 -1.06066017167318 0.353553390557728 -1.41421356223091 -1.41421356223091 0.353553390557728
-1.41421356223091 -1.06066017167318 0 -1.41421356223091 -0.707106781115456 0 -1.41421356223091 -0.707106781115456 0.353553390557728 -1.41421356223091 -1.06066017167318 0.353553390557728
-1.41421356223091 -1.06066017167318 0.353553390557728 -1.41421356223091 -0.707106781115456 0.353553390557728 -1.41421356223091 -0.707106781115456 0.707106781115456 -1.41421356223091 -1.06066017167318 0.707106781115456
-1.41421356223091 -1.41421356223091 0.353553390557728 -1.41421356223091 -1.06066017167318 0.353553390557728 -1.41421356223091 -1.06066017167318 0.707106781115456 -1.41421356223091 -1.41421356223091 0.707106781115456
-1.41421356223091 -0.707106781115456 0 -1.41421356223091 -0.353553390557728 0 -1.41421356223091 -0.353553390557728 0.353553390557728 -1.41421356223091 -0.707106781115456 0.353553390557728
-1.41421356223091 -0.353553390557728 0 -1.41421356223091 0 0 -1.41421356223091 0 0.353553390557728 -1.41421356223091 -0.353553390557728 0.353553390557728
-1.41421356223091 -0.353553390557728 0.353553390557728 -1.41421356223091 0 0.353553390557728 -1.41421356223091 0 0.707106781115456 -1.41421356223091 -0.353553390557728 0.707106781115456
-1.41421356223091 -0.707106781115456 0.353553390557728 -1.41421356223091 -0.353553390557728 0.353553390557728 -1.41421356223091 -0.353553390557728 0.707106781115456 -1.41421356223091 -0.707106781115456 0.707106781115456
-1.41421356223091 0 0 -1.41421356223091 0.353553390557728 0 -1.41421356223091 0.353553390557728 0.353553390557728 -1.41421356223091 0 0.353553390557728
-1.41421356223091 0.353553390557728 0 -1.41421356223091 0.707106781115456 0 -1.41421356223091 0.707106781115456 0.353553390557728 -1.41421356223091 0.353553390557728 0.353553390557728
-1.41421356223091 0.353553390557728 0.353553390557728 -1.41421356223091 0.707106781115456 0.353553390557728 -1.41421356223091 0.707106781115456 0.707106781115456 -1.41421356223091 0.353553390557728 0.707106781115456
-1.41421356223091 0 0.353553390557728 -1.41421356223091 0.353553390557728 0.353553390557728 -1.41421356223091 0.353553390557728 0.707106781115456 -1.41421356223091 0 0.707106781115456
-1.41421356223091 0.707106781115456 0 -1.41421356223091 1.06066017167318 0 -1.41421356223091 1.06066017167318 0.353553390557728 -1.41421356223091 0.707106781115456 0.353553390557728
-1.41421356223091 1.06066017167318 0 -1.41421356223091 1.41421356223091 0 -1.41421356223091 1.41421356223091 0.353553390557728 -1.41421356223091 1.06066017167318 0.353553390557728
-1.41421356223091 1.06066017167318 0.353553390557728 -1.41421356223091 1.41421356223091 0.353553390557728 -1.41421356223091 1.41421356223091 0.707106781115456 -1.41421356223091 1.06066017167318 0.707106781115456
-1.41421356223091 0.707106781115456 0.353553390557728 -1.41421356223091 1.06066017167318 0.353553390557728 -1.41421356223091 1.06066017167318 0.707106781115456 -1.41421356223091 0.707106781115456 0.707106781115456
-1.41421356223091 -1.41421356223091 0.707106781115456 -1.41421356223091 -1.06066017167318 0.707106781115456 -1.41421356223091 -1.06066017167318 1.06066017167318 -1.41421356223091 -1.41421356223091 1.06066017167318
-1.41421356223091 -1.06066017167318 0.707106781115456 -1.41421356223091 -0.707106781115456 0.707106781115456 -1.41421356223091 -0.707106781115456 1.06066017167318 -1.41421356223091 -1.06066017167318 1.06066017167318
-1.41421356223091 -1.06066017167318 1.06066017167318 -1.41421356223091 -0.707106781115456 1.06066017167318 -1.41421356223091 -0.707106781115456 1.41421356223091 -1.41421356223091 -1.06066017167318 1.41421356223091
-1.41421356223091 -1.41421356223091 1.06066017167318 -1.41421356223091 -1.06066017167318 1.06066017167318 -1.41421356223091 -1.06066017167318 1.41421356223091 -1.41421356223091 -1.41421356223091 1.41421356223091
-1.41421356223091 -0.707106781115456 0.707106781115456 -1.41421356223091 -0.353553390557728 0.707106781115456 -1.41421356223091 -0.353553390557728 1.06066017167318 -1.41421356223091 -0.707106781115456 1.06066017167318
-1.41421356223091 -0.353553390557728 0.707106781115456 -1.41421356223091 0 0.707106781115456 -1.41421356223091 0 1.06066017167318 -1.41421356223091 -0.353553390557728 1.06066017167318
-1.41421356223091 -0.353553390557728 1.06066017167318 -1.41421356223091 0 1.06066017167318 -1.41421356223091 0 1.41421356223091 -1.41421356223091 -0.353553390557728 1.41421356223091
-1.41421356223091 -0.707106781115456 1.06066017167318 -1.41421356223091 -0.353553390557728 1.06066017167318 -1.41421356223091 -0.353553390557728 1.41421356223091 -1.41421356223091 -0.707106781115456 1.41421356223091
-1.41421356223091 0 0.707106781115456 -1.41421356223091 0.353553390557728 0.707106781115456 -1.41421356223091 0.353553390557728 1.06066017167318 -1.41421356223091 0 1.06066017167318
-1.41421356223091 0.353553390557728 0.707106781115456 -1.41421356223091 0.707106781115456 0.707106781115456 -1.41421356223091 0.707106781115456 1.06066017167318 -1.41421356223091 0.353553390557728 1.06066017167318
-1.41421356223091 0.353553390557728 1.06066017167318 -1.41421356223091 0.707106781115456 1.06066017167318 -1.41421356223091 0.707106781115456 1.41421356223091 -1.41421356223091 0.353553390557728 1.41421356223091
-1.41421356223091 0 1.06066017167318 -1.41421356223091 0.353553390557728 1.06066017167318 -1.41421356223091 0.353553390557728 1.41421356223091 -1.41421356223091 0 1.41421356223091
-1.41421356223091 0.707106781115456 0.707106781115456 -1.41421356223091 1.06066017167318 0.707106781115456 -1.41421356223091 1.06066017167318 1.06066017167318 -1.41421356223091 0.707106781115456 1.06066017167318
-1.41421356223091 1.06066017167318 0.707106781115456 -1.41421356223091 1.41421356223091 0.707106781115456 -1.41421356223091 1.41421356223091 1.06066017167318 -1.41421356223091 1.06066017167318 1.06066017167318
-1.41421356223091 1.06066017167318 1.06066017167318 -1.41421356223091 1.41421356223091 1.06066017167318 -1.41421356223091 1.41421356223091 1.41421356223091 -1.41421356223091 1.06066017167318 1.41421356223091
-1.41421356223091 0.707106781115456 1.06066017167318 -1.41421356223091 1.06066017167318 1.06066017167318 -1.41421356223091 1.06066017167318 1.41421356223091 -1.41421356223091 0.707106781115456 1.41421356223091
