-1.99999999994612 -1.66666666664085 2 -1.66666666664085 -1.99999999994612 2 -1.33333333352414 -1.66666666664085 2 -1.66666666664085 -1.33333333352414 2
-0.999999999841743 -1.99999999994612 2 -0.66666666663075 -1.66666666664085 2 -0.999999999841743 -1.33333333352414 2 -1.33333333352414 -1.66666666664085 2
-1.33333333352414 -0.999999999841743 2 -0.999999999841743 -1.33333333352414 2 -0.66666666663075 -0.999999999841743 2 -0.999999999841743 -0.66666666663075 2
-1.66666666664085 -1.33333333352414 2 -1.33333333352414 -0.999999999841743 2 -1.66666666664085 -0.66666666663075 2 -1.99999999994612 -0.999999999841743 2
-0.66666666663075 -1.66666666664085 2 -0.333333333325477 -1.99999999994612 2 -2.08764726926578e-10 -1.66666666664085 2 -0.333333333325477 -1.33333333352414 2
0.333333333473632 -1.99999999994612 2 0.666666666684625 -1.66666666664085 2 0.333333333473632 -1.33333333352414 2 -2.08764726926578e-10 -1.66666666664085 2
-2.08764726926578e-10 -0.999999999841743 2 0.333333333473632 -1.33333333352414 2 0.666666666684625 -0.999999999841743 2 0.333333333473632 -0.66666666663075 2
-0.333333333325477 -1.33333333352414 2 -2.08764726926578e-10 -0.999999999841743 2 -0.333333333325477 -0.66666666663075 2 -0.66666666663075 -0.999999999841743 2
0.666666666684625 -1.66666666664085 2 0.999999999989898 -1.99999999994612 2 1.33333333310661 -1.66666666664085 2 0.999999999989898 -1.33333333352414 2
1.66666666678901 -1.99999999994612 2 2 -1.66666666664085 2 1.66666666678901 -1.33333333352414 2 1.33333333310661 -1.66666666664085 2
1.33333333310661 -0.999999999841743 2 1.66666666678901 -1.33333333352414 2 2 -0.999999999841743 2 1.66666666678901 -0.66666666663075 2
0.999999999989898 -1.33333333352414 2 1.33333333310661 -0.999999999841743 2 0.999999999989898 -0.66666666663075 2 0.666666666684625 -0.999999999841743 2
-1.99999999994612 -0.333333333325477 2 -1.66666666664085 -0.66666666663075 2 -1.33333333352414 -0.333333333325477 2 -1.66666666664085 -2.08764726926578e-10 2
-0.999999999841743 -0.66666666663075 2 -0.66666666663075 -0.333333333325477 2 -0.999999999841743 -2.08764726926578e-10 2 -1.33333333352414 -0.333333333325477 2
-1.33333333352414 0.333333333473632 2 -0.999999999841743 -2.08764726926578e-10 2 -0.66666666663075 0.333333333473632 2 -0.999999999841743 0.666666666684625 2
-1.66666666664085 -2.08764726926578e-10 2 -1.33333333352414 0.333333333473632 2 -1.66666666664085 0.666666666684625 2 -1.99999999994612 0.333333333473632 2
-0.66666666663075 -0.333333333325477 2 -0.333333333325477 -0.66666666663075 2 -2.08764726926578e-10 -0.333333333325477 2 -0.333333333325477 -2.08764726926578e-10 2
0.333333333473632 -0.66666666663075 2 0.666666666684625 -0.333333333325477 2 0.333333333473632 -2.08764726926578e-10 2 -2.08764726926578e-10 -0.333333333325477 2
-2.08764726926578e-10 0.333333333473632 2 0.333333333473632 -2.08764726926578e-10 2 0.666666666684625 0.333333333473632 2 0.333333333473632 0.666666666684625 2
-0.333333333325477 -2.08764726926578e-10 2 -2.08764726926578e-10 0.333333333473632 2 -0.333333333325477 0.666666666684625 2 -0.66666666663075 0.333333333473632 2
0.666666666684625 -0.333333333325477 2 0.999999999989898 -0.66666666663075 2 1.33333333310661 -0.333333333325477 2 0.999999999989898 -2.08764726926578e-10 2
1.66666666678901 -0.66666666663075 2 2 -0.333333333325477 2 1.66666666678901 -2.08764726926578e-10 2 1.33333333310661 -0.333333333325477 2
1.33333333310661 0.333333333473632 2 1.66666666678901 -2.08764726926578e-10 2 2 0.333333333473632 2 1.66666666678901 0.666666666684625 2
0.999999999989898 -2.08764726926578e-10 2 1.33333333310661 0.333333333473632 2 0.999999999989898 0.666666666684625 2 0.666666666684625 0.333333333473632 2
-1.99999999994612 0.999999999989898 2 -1.66666666664085 0.666666666684625 2 -1.33333333352414 0.999999999989898 2 -1.66666666664085 1.33333333310661 2
-0.999999999841743 0.666666666684625 2 -0.66666666663075 0.999999999989898 2 -0.999999999841743 1.33333333310661 2 -1.33333333352414 0.999999999989898 2
-1.33333333352414 1.66666666678901 2 -0.999999999841743 1.33333333310661 2 -0.66666666663075 1.66666666678901 2 -0.999999999841743 2 2
-1.66666666664085 1.33333333310661 2 -1.33333333352414 1.66666666678901 2 -1.66666666664085 2 2 -1.99999999994612 1.66666666678901 2
-0.66666666663075 0.999999999989898 2 -0.333333333325477 0.666666666684625 2 -2.08764726926578e-10 0.999999999989898 2 -0.333333333325477 1.33333333310661 2
0.333333333473632 0.666666666684625 2 0.666666666684625 0.999999999989898 2 0.333333333473632 1.33333333310661 2 -2.08764726926578e-10 0.999999999989898 2
-2.08764726926578e-10 1.66666666678901 2 0.333333333473632 1.33333333310661 2 0.666666666684625 1.66666666678901 2 0.333333333473632 2 2
-0.333333333325477 1.33333333310661 2 -2.08764726926578e-10 1.66666666678901 2 -0.333333333325477 2 2 -0.66666666663075 1.66666666678901 2
0.666666666684625 0.999999999989898 2 0.999999999989898 0.666666666684625 2 1.33333333310661 0.999999999989898 2 0.999999999989898 1.33333333310661 2
1.66666666678901 0.666666666684625 2 2 0.999999999989898 2 1.66666666678901 1.33333333310661 2 1.33333333310661 0.999999999989898 2
1.33333333310661 1.66666666678901 2 1.66666666678901 1.33333333310661 2 2 1.66666666678901 2 1.66666666678901 2 2
0.999999999989898 1.33333333310661 2 1.33333333310661 1.66666666678901 2 0.999999999989898 2 2 0.666666666684625 1.66666666678901 2
-1.99999999994612 -2 -1.66666666664085 -1.66666666664085 -2 -1.99999999994612 -1.33333333352414 -2 -1.66666666664085 -1.66666666664085 -2 -1.33333333352414
-0.999999999841743 -2 -1.99999999994612 -0.66666666663075 -2 -1.66666666664085 -0.999999999841743 -2 -1.33333333352414 -1.33333333352414 -2 -1.66666666664085
-1.33333333352414 -2 -0.999999999841743 -0.999999999841743 -2 -1.33333333352414 -0.66666666663075 -2 -0.999999999841743 -0.999999999841743 -2 -0.66666666663075
-1.66666666664085 -2 -1.33333333352414 -1.33333333352414 -2 -0.999999999841743 -1.66666666664085 -2 -0.66666666663075 -1.99999999994612 -2 -0.999999999841743
-0.66666666663075 -2 -1.66666666664085 -0.333333333325477 -2 -1.99999999994612 -2.08764726926578e-10 -2 -1.66666666664085 -0.333333333325477 -2 -1.33333333352414
0.333333333473632 -2 -1.99999999994612 0.666666666684625 -2 -1.66666666664085 0.333333333473632 -2 -1.33333333352414 -2.08764726926578e-10 -2 -1.66666666664085
-2.08764726926578e-10 -2 -0.999999999841743 0.333333333473632 -2 -1.33333333352414 0.666666666684625 -2 -0.999999999841743 0.333333333473632 -2 -0.66666666663075
-0.333333333325477 -2 -1.33333333352414 -2.08764726926578e-10 -2 -0.999999999841743 -0.333333333325477 -2 -0.66666666663075 -0.66666666663075 -2 -0.999999999841743
0.666666666684625 -2 -1.66666666664085 0.999999999989898 -2 -1.99999999994612 1.33333333310661 -2 -1.66666666664085 0.999999999989898 -2 -1.33333333352414
1.66666666678901 -2 -1.99999999994612 2 -2 -1.66666666664085 1.66666666678901 -2 -1.33333333352414 1.33333333310661 -2 -1.66666666664085
1.33333333310661 -2 -0.999999999841743 1.66666666678901 -2 -1.33333333352414 2 -2 -0.999999999841743 1.66666666678901 -2 -0.66666666663075
0.999999999989898 -2 -1.33333333352414 1.33333333310661 -2 -0.999999999841743 0.999999999989898 -2 -0.66666666663075 0.666666666684625 -2 -0.999999999841743
-1.99999999994612 -2 -0.333333333325477 -1.66666666664085 -2 -0.66666666663075 -1.33333333352414 -2 -0.333333333325477 -1.66666666664085 -2 -2.08764726926578e-10
-0.999999999841743 -2 -0.66666666663075 -0.66666666663075 -2 -0.333333333325477 -0.999999999841743 -2 -2.08764726926578e-10 -1.33333333352414 -2 -0.333333333325477
-1.33333333352414 -2 0.333333333473632 -0.999999999841743 -2 -2.08764726926578e-10 -0.66666666663075 -2 0.333333333473632 -0.999999999841743 -2 0.666666666684625
-1.66666666664085 -2 -2.08764726926578e-10 -1.33333333352414 -2 0.333333333473632 -1.66666666664085 -2 0.666666666684625 -1.99999999994612 -2 0.333333333473632
-0.66666666663075 -2 -0.333333333325477 -0.333333333325477 -2 -0.66666666663075 -2.08764726926578e-10 -2 -0.333333333325477 -0.333333333325477 -2 -2.08764726926578e-10
0.333333333473632 -2 -0.66666666663075 0.666666666684625 -2 -0.333333333325477 0.333333333473632 -2 -2.08764726926578e-10 -2.08764726926578e-10 -2 -0.333333333325477
-2.08764726926578e-10 -2 0.333333333473632 0.333333333473632 -2 -2.08764726926578e-10 0.666666666684625 -2 0.333333333473632 0.333333333473632 -2 0.666666666684625
-0.333333333325477 -2 -2.08764726926578e-10 -2.08764726926578e-10 -2 0.333333333473632 -0.333333333325477 -2 0.666666666684625 -0.66666666663075 -2 0.333333333473632
0.666666666684625 -2 -0.333333333325477 0.999999999989898 -2 -0.66666666663075 1.33333333310661 -2 -0.333333333325477 0.999999999989898 -2 -2.08764726926578e-10
1.66666666678901 -2 -0.66666666663075 2 -2 -0.333333333325477 1.66666666678901 -2 -2.08764726926578e-10 1.33333333310661 -2 -0.333333333325477
1.33333333310661 -2 0.333333333473632 1.66666666678901 -2 -2.08764726926578e-10 2 -2 0.333333333473632 1.66666666678901 -2 0.666666666684625
0.999999999989898 -2 -2.08764726926578e-10 1.33333333310661 -2 0.333333333473632 0.999999999989898 -2 0.666666666684625 0.666666666684625 -2 0.333333333473632
-1.99999999994612 -2 0.999999999989898 -1.66666666664085 -2 0.666666666684625 -1.33333333352414 -2 0.999999999989898 -1.66666666664085 -2 1.33333333310661
-0.999999999841743 -2 0.666666666684625 -0.66666666663075 -2 0.999999999989898 -0.999999999841743 -2 1.33333333310661 -1.33333333352414 -2 0.999999999989898
-1.33333333352414 -2 1.66666666678901 -0.999999999841743 -2 1.33333333310661 -0.66666666663075 -2 1.66666666678901 -0.999999999841743 -2 2
-1.66666666664085 -2 1.33333333310661 -1.33333333352414 -2 1.66666666678901 -1.66666666664085 -2 2 -1.99999999994612 -2 1.66666666678901
-0.66666666663075 -2 0.999999999989898 -0.333333333325477 -2 0.666666666684625 -2.08764726926578e-10 -2 0.999999999989898 -0.333333333325477 -2 1.33333333310661
0.333333333473632 -2 0.666666666684625 0.666666666684625 -2 0.999999999989898 0.333333333473632 -2 1.33333333310661 -2.08764726926578e-10 -2 0.999999999989898
-2.08764726926578e-10 -2 1.66666666678901 0.333333333473632 -2 1.33333333310661 0.666666666684625 -2 1.66666666678901 0.333333333473632 -2 2
-0.333333333325477 -2 1.33333333310661 -2.08764726926578e-10 -2 1.66666666678901 -0.333333333325477 -2 2 -0.66666666663075 -2 1.66666666678901
0.666666666684625 -2 0.999999999989898 0.999999999989898 -2 0.666666666684625 1.33333333310661 -2 0.999999999989898 0.999999999989898 -2 1.33333333310661
1.66666666678901 -2 0.666666666684625 2 -2 0.999999999989898 1.66666666678901 -2 1.33333333310661 1.33333333310661 -2 0.999999999989898
1.33333333310661 -2 1.66666666678901 1.66666666678901 -2 1.33333333310661 2 -2 1.66666666678901 1.66666666678901 -2 2
0.999999999989898 -2 1.33333333310661 1.33333333310661 -2 1.66666666678901 0.999999999989898 -2 2 0.666666666684625 -2 1.66666666678901
-1.99999999994612 -1.66666666664085 -2 -1.66666666664085 -1.33333333352414 -2 -1.33333333352414 -1.66666666664085 -2 -1.66666666664085 -1.99999999994612 -2
-0.999999999841743 -1.99999999994612 -2 -1.33333333352414 -1.66666666664085 -2 -0.999999999841743 -1.33333333352414 -2 -0.66666666663075 -1.66666666664085 -2
-1.33333333352414 -0.999999999841743 -2 -0.999999999841743 -0.66666666663075 -2 -0.66666666663075 -0.999999999841743 -2 -0.999999999841743 -1.33333333352414 -2
-1.66666666664085 -1.33333333352414 -2 -1.99999999994612 -0.999999999841743 -2 -1.66666666664085 -0.66666666663075 -2 -1.33333333352414 -0.999999999841743 -2
-0.66666666663075 -1.66666666664085 -2 -0.333333333325477 -1.33333333352414 -2 -2.08764726926578e-10 -1.66666666664085 -2 -0.333333333325477 -1.99999999994612 -2
0.333333333473632 -1.99999999994612 -2 -2.08764726926578e-10 -1.66666666664085 -2 0.333333333473632 -1.33333333352414 -2 0.666666666684625 -1.66666666664085 -2
-2.08764726926578e-10 -0.999999999841743 -2 0.333333333473632 -0.66666666663075 -2 0.666666666684625 -0.999999999841743 -2 0.333333333473632 -1.33333333352414 -2
-0.333333333325477 -1.33333333352414 -2 -0.66666666663075 -0.999999999841743 -2 -0.333333333325477 -0.66666666663075 -2 -2.08764726926578e-10 -0.999999999841743 -2
0.666666666684625 -1.66666666664085 -2 0.999999999989898 -1.33333333352414 -2 1.33333333310661 -1.66666666664085 -2 0.999999999989898 -1.99999999994612 -2
1.66666666678901 -1.99999999994612 -2 1.33333333310661 -1.66666666664085 -2 1.66666666678901 -1.33333333352414 -2 2 -1.66666666664085 -2
1.33333333310661 -0.999999999841743 -2 1.66666666678901 -0.66666666663075 -2 2 -0.999999999841743 -2 1.66666666678901 -1.33333333352414 -2
0.999999999989898 -1.33333333352414 -2 0.666666666684625 -0.999999999841743 -2 0.999999999989898 -0.66666666663075 -2 1.33333333310661 -0.999999999841743 -2
-1.99999999994612 -0.333333333325477 -2 -1.66666666664085 -2.08764726926578e-10 -2 -1.33333333352414 -0.333333333325477 -2 -1.66666666664085 -0.66666666663075 -2
-0.999999999841743 -0.66666666663075 -2 -1.33333333352414 -0.333333333325477 -2 -0.999999999841743 -2.08764726926578e-10 -2 -0.66666666663075 -0.333333333325477 -2
-1.33333333352414 0.333333333473632 -2 -0.999999999841743 0.666666666684625 -2 -0.66666666663075 0.333333333473632 -2 -0.999999999841743 -2.08764726926578e-10 -2
-1.66666666664085 -2.08764726926578e-10 -2 -1.99999999994612 0.333333333473632 -2 -1.66666666664085 0.666666666684625 -2 -1.33333333352414 0.333333333473632 -2
-0.66666666663075 -0.333333333325477 -2 -0.333333333325477 -2.08764726926578e-10 -2 -2.08764726926578e-10 -0.333333333325477 -2 -0.333333333325477 -0.66666666663075 -2
0.333333333473632 -0.66666666663075 -2 -2.08764726926578e-10 -0.333333333325477 -2 0.333333333473632 -2.08764726926578e-10 -2 0.666666666684625 -0.333333333325477 -2
-2.08764726926578e-10 0.333333333473632 -2 0.333333333473632 0.666666666684625 -2 0.666666666684625 0.333333333473632 -2 0.333333333473632 -2.08764726926578e-10 -2
-0.333333333325477 -2.08764726926578e-10 -2 -0.66666666663075 0.333333333473632 -2 -0.333333333325477 0.666666666684625 -2 -2.08764726926578e-10 0.333333333473632 -2
0.666666666684625 -0.333333333325477 -2 0.999999999989898 -2.08764726926578e-10 -2 1.33333333310661 -0.333333333325477 -2 0.999999999989898 -0.66666666663075 -2
1.66666666678901 -0.66666666663075 -2 1.33333333310661 -0.333333333325477 -2 1.66666666678901 -2.08764726926578e-10 -2 2 -0.333333333325477 -2
1.33333333310661 0.333333333473632 -2 1.66666666678901 0.666666666684625 -2 2 0.333333333473632 -2 1.66666666678901 -2.08764726926578e-10 -2
0.999999999989898 -2.08764726926578e-10 -2 0.666666666684625 0.333333333473632 -2 0.999999999989898 0.666666666684625 -2 1.33333333310661 0.333333333473632 -2
-1.99999999994612 0.999999999989898 -2 -1.66666666664085 1.33333333310661 -2 -1.33333333352414 0.999999999989898 -2 -1.66666666664085 0.666666666684625 -2
-0.999999999841743 0.666666666684625 -2 -1.33333333352414 0.999999999989898 -2 -0.999999999841743 1.33333333310661 -2 -0.66666666663075 0.999999999989898 -2
-1.33333333352414 1.66666666678901 -2 -0.999999999841743 2 -2 -0.66666666663075 1.66666666678901 -2 -0.999999999841743 1.33333333310661 -2
-1.66666666664085 1.33333333310661 -2 -1.99999999994612 1.66666666678901 -2 -1.66666666664085 2 -2 -1.33333333352414 1.66666666678901 -2
-0.66666666663075 0.999999999989898 -2 -0.333333333325477 1.33333333310661 -2 -2.08764726926578e-10 0.999999999989898 -2 -0.333333333325477 0.666666666684625 -2
0.333333333473632 0.666666666684625 -2 -2.08764726926578e-10 0.999999999989898 -2 0.333333333473632 1.33333333310661 -2 0.666666666684625 0.999999999989898 -2
-2.08764726926578e-10 1.66666666678901 -2 0.333333333473632 2 -2 0.666666666684625 1.66666666678901 -2 0.333333333473632 1.33333333310661 -2
-0.333333333325477 1.33333333310661 -2 -0.66666666663075 1.66666666678901 -2 -0.333333333325477 2 -2 -2.08764726926578e-10 1.66666666678901 -2
0.666666666684625 0.999999999989898 -2 0.999999999989898 1.33333333310661 -2 1.33333333310661 0.999999999989898 -2 0.999999999989898 0.666666666684625 -2
1.66666666678901 0.666666666684625 -2 1.33333333310661 0.999999999989898 -2 1.66666666678901 1.33333333310661 -2 2 0.999999999989898 -2
1.33333333310661 1.66666666678901 -2 1.66666666678901 2 -2 2 1.66666666678901 -2 1.66666666678901 1.33333333310661 -2
0.999999999989898 1.33333333310661 -2 0.666666666684625 1.66666666678901 -2 0.999999999989898 2 -2 1.33333333310661 1.66666666678901 -2
-1.99999999994612 2 -1.66666666664085 -1.66666666664085 2 -1.33333333352414 -1.33333333352414 2 -1.66666666664085 -1.66666666664085 2 -1.99999999994612
-0.999999999841743 2 -1.99999999994612 -1.33333333352414 2 -1.66666666664085 -0.999999999841743 2 -1.33333333352414 -0.66666666663075 2 -1.66666666664085
-1.33333333352414 2 -0.999999999841743 -0.999999999841743 2 -0.66666666663075 -0.66666666663075 2 -0.999999999841743 -0.999999999841743 2 -1.33333333352414
-1.66666666664085 2 -1.33333333352414 -1.99999999994612 2 -0.999999999841743 -1.66666666664085 2 -0.66666666663075 -1.33333333352414 2 -0.999999999841743
-0.66666666663075 2 -1.66666666664085 -0.333333333325477 2 -1.33333333352414 -2.08764726926578e-10 2 -1.66666666664085 -0.333333333325477 2 -1.99999999994612
0.333333333473632 2 -1.99999999994612 -2.08764726926578e-10 2 -1.66666666664085 0.333333333473632 2 -1.33333333352414 0.666666666684625 2 -1.66666666664085
-2.08764726926578e-10 2 -0.999999999841743 0.333333333473632 2 -0.66666666663075 0.666666666684625 2 -0.999999999841743 0.333333333473632 2 -1.33333333352414
-0.333333333325477 2 -1.33333333352414 -0.66666666663075 2 -0.999999999841743 -0.333333333325477 2 -0.66666666663075 -2.08764726926578e-10 2 -0.999999999841743
0.666666666684625 2 -1.66666666664085 0.999999999989898 2 -1.33333333352414 1.33333333310661 2 -1.66666666664085 0.999999999989898 2 -1.99999999994612
1.66666666678901 2 -1.99999999994612 1.33333333310661 2 -1.66666666664085 1.66666666678901 2 -1.33333333352414 2 2 -1.66666666664085
1.33333333310661 2 -0.999999999841743 1.66666666678901 2 -0.66666666663075 2 2 -0.999999999841743 1.66666666678901 2 -1.33333333352414
0.999999999989898 2 -1.33333333352414 0.666666666684625 2 -0.999999999841743 0.999999999989898 2 -0.66666666663075 1.33333333310661 2 -0.999999999841743
-1.99999999994612 2 -0.333333333325477 -1.66666666664085 2 -2.08764726926578e-10 -1.33333333352414 2 -0.333333333325477 -1.66666666664085 2 -0.66666666663075
-0.999999999841743 2 -0.66666666663075 -1.33333333352414 2 -0.333333333325477 -0.999999999841743 2 -2.08764726926578e-10 -0.66666666663075 2 -0.333333333325477
-1.33333333352414 2 0.333333333473632 -0.999999999841743 2 0.666666666684625 -0.66666666663075 2 0.333333333473632 -0.999999999841743 2 -2.08764726926578e-10
-1.66666666664085 2 -2.08764726926578e-10 -1.99999999994612 2 0.333333333473632 -1.66666666664085 2 0.666666666684625 -1.33333333352414 2 0.333333333473632
-0.66666666663075 2 -0.333333333325477 -0.333333333325477 2 -2.08764726926578e-10 -2.08764726926578e-10 2 -0.333333333325477 -0.333333333325477 2 -0.66666666663075
0.333333333473632 2 -0.66666666663075 -2.08764726926578e-10 2 -0.333333333325477 0.333333333473632 2 -2.08764726926578e-10 0.666666666684625 2 -0.333333333325477
-2.08764726926578e-10 2 0.333333333473632 0.333333333473632 2 0.666666666684625 0.666666666684625 2 0.333333333473632 0.333333333473632 2 -2.08764726926578e-10
-0.333333333325477 2 -2.08764726926578e-10 -0.66666666663075 2 0.333333333473632 -0.333333333325477 2 0.666666666684625 -2.08764726926578e-10 2 0.333333333473632
0.666666666684625 2 -0.333333333325477 0.999999999989898 2 -2.08764726926578e-10 1.33333333310661 2 -0.333333333325477 0.999999999989898 2 -0.66666666663075
1.66666666678901 2 -0.66666666663075 1.33333333310661 2 -0.333333333325477 1.66666666678901 2 -2.08764726926578e-10 2 2 -0.333333333325477
1.33333333310661 2 0.333333333473632 1.66666666678901 2 0.666666666684625 2 2 0.333333333473632 1.66666666678901 2 -2.08764726926578e-10
0.999999999989898 2 -2.08764726926578e-10 0.666666666684625 2 0.333333333473632 0.999999999989898 2 0.666666666684625 1.33333333310661 2 0.333333333473632
-1.99999999994612 2 0.999999999989898 -1.66666666664085 2 1.33333333310661 -1.33333333352414 2 0.999999999989898 -1.66666666664085 2 0.666666666684625
-0.999999999841743 2 0.666666666684625 -1.33333333352414 2 0.999999999989898 -0.999999999841743 2 1.33333333310661 -0.66666666663075 2 0.999999999989898
-1.33333333352414 2 1.66666666678901 -0.999999999841743 2 2 -0.66666666663075 2 1.66666666678901 -0.999999999841743 2 1.33333333310661
-1.66666666664085 2 1.33333333310661 -1.99999999994612 2 1.66666666678901 -1.66666666664085 2 2 -1.33333333352414 2 1.66666666678901
-0.66666666663075 2 0.999999999989898 -0.333333333325477 2 1.33333333310661 -2.08764726926578e-10 2 0.999999999989898 -0.333333333325477 2 0.666666666684625
0.333333333473632 2 0.666666666684625 -2.08764726926578e-10 2 0.999999999989898 0.333333333473632 2 1.33333333310661 0.666666666684625 2 0.999999999989898
-2.08764726926578e-10 2 1.66666666678901 0.333333333473632 2 2 0.666666666684625 2 1.66666666678901 0.333333333473632 2 1.33333333310661
-0.333333333325477 2 1.33333333310661 -0.66666666663075 2 1.66666666678901 -0.333333333325477 2 2 -2.08764726926578e-10 2 1.66666666678901
0.666666666684625 2 0.999999999989898 0.999999999989898 2 1.33333333310661 1.33333333310661 2 0.999999999989898 0.999999999989898 2 0.666666666684625
1.66666666678901 2 0.666666666684625 1.33333333310661 2 0.999999999989898 1.66666666678901 2 1.33333333310661 2 2 0.999999999989898
1.33333333310661 2 1.66666666678901 1.66666666678901 2 2 2 2 1.66666666678901 1.66666666678901 2 1.33333333310661
0.999999999989898 2 1.33333333310661 0.666666666684625 2 1.66666666678901 0.999999999989898 2 2 1.33333333310661 2 1.66666666678901
2 -1.99999999994612 -1.66666666664085 2 -1.66666666664085 -1.99999999994612 2 -1.33333333352414 -1.66666666664085 2 -1.66666666664085 -1.33333333352414
2 -0.999999999841743 -1.99999999994612 2 -0.66666666663075 -1.66666666664085 2 -0.999999999841743 -1.33333333352414 2 -1.33333333352414 -1.66666666664085
2 -0.66666666663075 -1.66666666664085 2 -0.333333333325477 -1.99999999994612 2 -2.08764726926578e-10 -1.66666666664085 2 -0.333333333325477 -1.33333333352414
2 0.333333333473632 -1.99999999994612 2 0.666666666684625 -1.66666666664085 2 0.333333333473632 -1.33333333352414 2 -2.08764726926578e-10 -1.66666666664085
2 0.666666666684625 -1.66666666664085 2 0.999999999989898 -1.99999999994612 2 1.33333333310661 -1.66666666664085 2 0.999999999989898 -1.33333333352414
2 1.66666666678901 -1.99999999994612 2 2 -1.66666666664085 2 1.66666666678901 -1.33333333352414 2 1.33333333310661 -1.66666666664085
2 -1.99999999994612 -0.333333333325477 2 -1.66666666664085 -0.66666666663075 2 -1.33333333352414 -0.333333333325477 2 -1.66666666664085 -2.08764726926578e-10
2 -0.999999999841743 -0.66666666663075 2 -0.66666666663075 -0.333333333325477 2 -0.999999999841743 -2.08764726926578e-10 2 -1.33333333352414 -0.333333333325477
2 -1.33333333352414 0.333333333473632 2 -0.999999999841743 -2.08764726926578e-10 2 -0.66666666663075 0.333333333473632 2 -0.999999999841743 0.666666666684625
2 -1.66666666664085 -2.08764726926578e-10 2 -1.33333333352414 0.333333333473632 2 -1.66666666664085 0.666666666684625 2 -1.99999999994612 0.333333333473632
2 -0.66666666663075 -0.333333333325477 2 -0.333333333325477 -0.66666666663075 2 -2.08764726926578e-10 -0.333333333325477 2 -0.333333333325477 -2.08764726926578e-10
2 0.333333333473632 -0.66666666663075 2 0.666666666684625 -0.333333333325477 2 0.333333333473632 -2.08764726926578e-10 2 -2.08764726926578e-10 -0.333333333325477
2 -2.08764726926578e-10 0.333333333473632 2 0.333333333473632 -2.08764726926578e-10 2 0.666666666684625 0.333333333473632 2 0.333333333473632 0.666666666684625
2 -0.333333333325477 -2.08764726926578e-10 2 -2.08764726926578e-10 0.333333333473632 2 -0.333333333325477 0.666666666684625 2 -0.66666666663075 0.333333333473632
2 0.666666666684625 -0.333333333325477 2 0.999999999989898 -0.66666666663075 2 1.33333333310661 -0.333333333325477 2 0.999999999989898 -2.08764726926578e-10
2 1.66666666678901 -0.66666666663075 2 2 -0.333333333325477 2 1.66666666678901 -2.08764726926578e-10 2 1.33333333310661 -0.333333333325477
2 1.33333333310661 0.333333333473632 2 1.66666666678901 -2.08764726926578e-10 2 2 0.333333333473632 2 1.66666666678901 0.666666666684625
2 0.999999999989898 -2.08764726926578e-10 2 1.33333333310661 0.333333333473632 2 0.999999999989898 0.666666666684625 2 0.666666666684625 0.333333333473632
2 -1.33333333352414 1.66666666678901 2 -0.999999999841743 1.33333333310661 2 -0.66666666663075 1.66666666678901 2 -0.999999999841743 2
2 -1.66666666664085 1.33333333310661 2 -1.33333333352414 1.66666666678901 2 -1.66666666664085 2 2 -1.99999999994612 1.66666666678901
2 -2.08764726926578e-10 1.66666666678901 2 0.333333333473632 1.33333333310661 2 0.666666666684625 1.66666666678901 2 0.333333333473632 2
2 -0.333333333325477 1.33333333310661 2 -2.08764726926578e-10 1.66666666678901 2 -0.333333333325477 2 2 -0.66666666663075 1.66666666678901
2 1.33333333310661 1.66666666678901 2 1.66666666678901 1.33333333310661 2 2 1.66666666678901 2 1.66666666678901 2
2 0.999999999989898 1.33333333310661 2 1.33333333310661 1.66666666678901 2 0.999999999989898 2 2 0.666666666684625 1.66666666678901
2 -1.66666666666667 -1.33333333333333 2 -1.5 -1.16666666666667 2 -1.66666666666667 -1 2 -1.83333333333333 -1.16666666666667
2 -1 -1.33333333333333 2 -0.833333333333333 -1.16666666666667 2 -1 -1 2 -1.16666666666667 -1.16666666666667
2 -0.333333333333333 -1.33333333333333 2 -0.166666666666667 -1.16666666666667 2 -0.333333333333333 -1 2 -0.5 -1.16666666666667
2 0.333333333333333 -1.33333333333333 2 0.5 -1.16666666666667 2 0.333333333333333 -1 2 0.166666666666667 -1.16666666666667
2 1 -1.33333333333333 2 1.16666666666667 -1.16666666666667 2 1 -1 2 0.833333333333333 -1.16666666666667
2 1.66666666666667 -1.33333333333333 2 1.83333333333333 -1.16666666666667 2 1.66666666666667 -1 2 1.5 -1.16666666666667
2 -1.66666666666667 -1 2 -1.5 -0.833333333333333 2 -1.66666666666667 -0.666666666666667 2 -1.83333333333333 -0.833333333333333
2 -1 -1 2 -0.833333333333333 -0.833333333333333 2 -1 -0.666666666666667 2 -1.16666666666667 -0.833333333333333
2 -0.333333333333333 -1 2 -0.166666666666667 -0.833333333333333 2 -0.333333333333333 -0.666666666666667 2 -0.5 -0.833333333333333
2 0.333333333333333 -1 2 0.5 -0.833333333333333 2 0.333333333333333 -0.666666666666667 2 0.166666666666667 -0.833333333333333
2 1 -1 2 1.16666666666667 -0.833333333333333 2 1 -0.666666666666667 2 0.833333333333333 -0.833333333333333
2 1.66666666666667 -1 2 1.83333333333333 -0.833333333333333 2 1.66666666666667 -0.666666666666667 2 1.5 -0.833333333333333
2 -1.66666666666667 0.666666666666667 2 -1.5 0.833333333333333 2 -1.66666666666667 1 2 -1.83333333333333 0.833333333333333
2 -1 0.666666666666667 2 -0.833333333333333 0.833333333333333 2 -1 1 2 -1.16666666666667 0.833333333333333
2 -0.333333333333333 0.666666666666667 2 -0.166666666666667 0.833333333333333 2 -0.333333333333333 1 2 -0.5 0.833333333333333
2 0.333333333333333 0.666666666666667 2 0.5 0.833333333333333 2 0.333333333333333 1 2 0.166666666666667 0.833333333333333
2 1 0.666666666666667 2 1.16666666666667 0.833333333333333 2 1 1 2 0.833333333333333 0.833333333333333
2 1.66666666666667 0.666666666666667 2 1.83333333333333 0.833333333333333 2 1.66666666666667 1 2 1.5 0.833333333333333
2 -1.66666666666667 1 2 -1.5 1.16666666666667 2 -1.66666666666667 1.33333333333333 2 -1.83333333333333 1.16666666666667
2 -1 1 2 -0.833333333333333 1.16666666666667 2 -1 1.33333333333333 2 -1.16666666666667 1.16666666666667
2 -0.333333333333333 1 2 -0.166666666666667 1.16666666666667 2 -0.333333333333333 1.33333333333333 2 -0.5 1.16666666666667
2 0.333333333333333 1 2 0.5 1.16666666666667 2 0.333333333333333 1.33333333333333 2 0.166666666666667 1.16666666666667
2 1 1 2 1.16666666666667 1.16666666666667 2 1 1.33333333333333 2 0.833333333333333 1.16666666666667
2 1.66666666666667 1 2 1.83333333333333 1.16666666666667 2 1.66666666666667 1.33333333333333 2 1.5 1.16666666666667
-2 -1.99999999994612 -1.66666666664085 -2 -1.66666666664085 -1.33333333352414 -2 -1.33333333352414 -1.66666666664085 -2 -1.66666666664085 -1.99999999994612
-2 -0.999999999841743 -1.99999999994612 -2 -1.33333333352414 -1.66666666664085 -2 -0.999999999841743 -1.33333333352414 -2 -0.66666666663075 -1.66666666664085
-2 -0.66666666663075 -1.66666666664085 -2 -0.333333333325477 -1.33333333352414 -2 -2.08764726926578e-10 -1.66666666664085 -2 -0.333333333325477 -1.99999999994612
-2 0.333333333473632 -1.99999999994612 -2 -2.08764726926578e-10 -1.66666666664085 -2 0.333333333473632 -1.33333333352414 -2 0.666666666684625 -1.66666666664085
-2 0.666666666684625 -1.66666666664085 -2 0.999999999989898 -1.33333333352414 -2 1.33333333310661 -1.66666666664085 -2 0.999999999989898 -1.99999999994612
-2 1.66666666678901 -1.99999999994612 -2 1.33333333310661 -1.66666666664085 -2 1.66666666678901 -1.33333333352414 -2 2 -1.66666666664085
-2 -1.99999999994612 -0.333333333325477 -2 -1.66666666664085 -2.08764726926578e-10 -2 -1.33333333352414 -0.333333333325477 -2 -1.66666666664085 -0.66666666663075
-2 -0.999999999841743 -0.66666666663075 -2 -1.33333333352414 -0.333333333325477 -2 -0.999999999841743 -2.08764726926578e-10 -2 -0.66666666663075 -0.333333333325477
-2 -1.33333333352414 0.333333333473632 -2 -0.999999999841743 0.666666666684625 -2 -0.66666666663075 0.333333333473632 -2 -0.999999999841743 -2.08764726926578e-10
-2 -1.66666666664085 -2.08764726926578e-10 -2 -1.99999999994612 0.333333333473632 -2 -1.66666666664085 0.666666666684625 -2 -1.33333333352414 0.333333333473632
-2 -0.66666666663075 -0.333333333325477 -2 -0.333333333325477 -2.08764726926578e-10 -2 -2.08764726926578e-10 -0.333333333325477 -2 -0.333333333325477 -0.66666666663075
-2 0.333333333473632 -0.66666666663075 -2 -2.08764726926578e-10 -0.333333333325477 -2 0.333333333473632 -2.08764726926578e-10 -2 0.666666666684625 -0.333333333325477
-2 -2.08764726926578e-10 0.333333333473632 -2 0.333333333473632 0.666666666684625 -2 0.666666666684625 0.333333333473632 -2 0.333333333473632 -2.08764726926578e-10
-2 -0.333333333325477 -2.08764726926578e-10 -2 -0.66666666663075 0.333333333473632 -2 -0.333333333325477 0.666666666684625 -2 -2.08764726926578e-10 0.333333333473632
-2 0.666666666684625 -0.333333333325477 -2 0.999999999989898 -2.08764726926578e-10 -2 1.33333333310661 -0.333333333325477 -2 0.999999999989898 -0.66666666663075
-2 1.66666666678901 -0.66666666663075 -2 1.33333333310661 -0.333333333325477 -2 1.66666666678901 -2.08764726926578e-10 -2 2 -0.333333333325477
-2 1.33333333310661 0.333333333473632 -2 1.66666666678901 0.666666666684625 -2 2 0.333333333473632 -2 1.66666666678901 -2.08764726926578e-10
-2 0.999999999989898 -2.08764726926578e-10 -2 0.666666666684625 0.333333333473632 -2 0.999999999989898 0.666666666684625 -2 1.33333333310661 0.333333333473632
-2 -1.33333333352414 1.66666666678901 -2 -0.999999999841743 2 -2 -0.66666666663075 1.66666666678901 -2 -0.999999999841743 1.33333333310661
-2 -1.66666666664085 1.33333333310661 -2 -1.99999999994612 1.66666666678901 -2 -1.66666666664085 2 -2 -1.33333333352414 1.66666666678901
-2 -2.08764726926578e-10 1.66666666678901 -2 0.333333333473632 2 -2 0.666666666684625 1.66666666678901 -2 0.333333333473632 1.33333333310661
-2 -0.333333333325477 1.33333333310661 -2 -0.66666666663075 1.66666666678901 -2 -0.333333333325477 2 -2 -2.08764726926578e-10 1.66666666678901
-2 1.33333333310661 1.66666666678901 -2 1.66666666678901 2 -2 2 1.66666666678901 -2 1.66666666678901 1.33333333310661
-2 0.999999999989898 1.33333333310661 -2 0.666666666684625 1.66666666678901 -2 0.999999999989898 2 -2 1.33333333310661 1.66666666678901
-2 -1.66666666666667 -1.33333333333333 -2 -1.83333333333333 -1.16666666666667 -2 -1.66666666666667 -1 -2 -1.5 -1.16666666666667
-2 -1 -1.33333333333333 -2 -1.16666666666667 -1.16666666666667 -2 -1 -1 -2 -0.833333333333333 -1.16666666666667
-2 -0.333333333333333 -1.33333333333333 -2 -0.5 -1.16666666666667 -2 -0.333333333333333 -1 -2 -0.166666666666667 -1.16666666666667
-2 0.333333333333333 -1.33333333333333 -2 0.166666666666667 -1.16666666666667 -2 0.333333333333333 -1 -2 0.5 -1.16666666666667
-2 1 -1.33333333333333 -2 0.833333333333333 -1.16666666666667 -2 1 -1 -2 1.16666666666667 -1.16666666666667
-2 1.66666666666667 -1.33333333333333 -2 1.5 -1.16666666666667 -2 1.66666666666667 -1 -2 1.83333333333333 -1.16666666666667
-2 -1.66666666666667 -1 -2 -1.83333333333333 -0.833333333333333 -2 -1.66666666666667 -0.666666666666667 -2 -1.5 -0.833333333333333
-2 -1 -1 -2 -1.16666666666667 -0.833333333333333 -2 -1 -0.666666666666667 -2 -0.833333333333333 -0.833333333333333
-2 -0.333333333333333 -1 -2 -0.5 -0.833333333333333 -2 -0.333333333333333 -0.666666666666667 -2 -0.166666666666667 -0.833333333333333
-2 0.333333333333333 -1 -2 0.166666666666667 -0.833333333333333 -2 0.333333333333333 -0.666666666666667 -2 0.5 -0.833333333333333
-2 1 -1 -2 0.833333333333333 -0.833333333333333 -2 1 -0.666666666666667 -2 1.16666666666667 -0.833333333333333
-2 1.66666666666667 -1 -2 1.5 -0.833333333333333 -2 1.66666666666667 -0.666666666666667 -2 1.83333333333333 -0.833333333333333
-2 -1.66666666666667 0.666666666666667 -2 -1.83333333333333 0.833333333333333 -2 -1.66666666666667 1 -2 -1.5 0.833333333333333
-2 -1 0.666666666666667 -2 -1.16666666666667 0.833333333333333 -2 -1 1 -2 -0.833333333333333 0.833333333333333
-2 -0.333333333333333 0.666666666666667 -2 -0.5 0.833333333333333 -2 -0.333333333333333 1 -2 -0.166666666666667 0.833333333333333
-2 0.333333333333333 0.666666666666667 -2 0.166666666666667 0.833333333333333 -2 0.333333333333333 1 -2 0.5 0.833333333333333
-2 1 0.666666666666667 -2 0.833333333333333 0.833333333333333 -2 1 1 -2 1.16666666666667 0.833333333333333
-2 1.66666666666667 0.666666666666667 -2 1.5 0.833333333333333 -2 1.66666666666667 1 -2 1.83333333333333 0.833333333333333
-2 -1.66666666666667 1 -2 -1.83333333333333 1.16666666666667 -2 -1.66666666666667 1.33333333333333 -2 -1.5 1.16666666666667
-2 -1 1 -2 -1.16666666666667 1.16666666666667 -2 -1 1.33333333333333 -2 -0.833333333333333 1.16666666666667
-2 -0.333333333333333 1 -2 -0.5 1.16666666666667 -2 -0.333333333333333 1.33333333333333 -2 -0.166666666666667 1.16666666666667
-2 0.333333333333333 1 -2 0.166666666666667 1.16666666666667 -2 0.333333333333333 1.33333333333333 -2 0.5 1.16666666666667
-2 1 1 -2 0.833333333333333 1.16666666666667 -2 1 1.33333333333333 -2 1.16666666666667 1.16666666666667
-2 1.66666666666667 1 -2 1.5 1.16666666666667 -2 1.66666666666667 1.33333333333333 -2 1.83333333333333 1.16666666666667
