-1.99999999995679 -1.74999999997717 2 -1.74999999997717 -1.99999999995679 2 -1.50000000013897 -1.74999999997717 2 -1.74999999997717 -1.50000000013897 2
-1.2499999998765 -1.99999999995679 2 -0.99999999996759 -1.74999999997717 2 -1.2499999998765 -1.50000000013897 2 -1.50000000013897 -1.74999999997717 2
-1.50000000013897 -1.2499999998765 2 -1.2499999998765 -1.50000000013897 2 -0.99999999996759 -1.2499999998765 2 -1.2499999998765 -0.999999999967591 2
-1.74999999997717 -1.50000000013897 2 -1.50000000013897 -1.2499999998765 2 -1.74999999997717 -0.999999999967591 2 -1.99999999995679 -1.2499999998765 2
-0.99999999996759 -1.74999999997717 2 -0.749999999987969 -1.99999999995679 2 -0.500000000149769 -1.74999999997717 2 -0.749999999987969 -1.50000000013897 2
-0.249999999887305 -1.99999999995679 2 2.16063563402669e-11 -1.74999999997717 2 -0.249999999887305 -1.50000000013897 2 -0.500000000149769 -1.74999999997717 2
-0.500000000149769 -1.2499999998765 2 -0.249999999887305 -1.50000000013897 2 2.16063563402669e-11 -1.2499999998765 2 -0.249999999887305 -0.999999999967591 2
-0.749999999987969 -1.50000000013897 2 -0.500000000149769 -1.2499999998765 2 -0.749999999987969 -0.999999999967591 2 -0.99999999996759 -1.2499999998765 2
2.16063563402669e-11 -1.74999999997717 2 0.250000000001228 -1.99999999995679 2 0.499999999839428 -1.74999999997717 2 0.250000000001228 -1.50000000013897 2
0.750000000101892 -1.99999999995679 2 1.0000000000108 -1.74999999997717 2 0.750000000101892 -1.50000000013897 2 0.499999999839428 -1.74999999997717 2
0.499999999839428 -1.2499999998765 2 0.750000000101892 -1.50000000013897 2 1.0000000000108 -1.2499999998765 2 0.750000000101892 -0.999999999967591 2
0.250000000001228 -1.50000000013897 2 0.499999999839428 -1.2499999998765 2 0.250000000001228 -0.999999999967591 2 2.16063563402669e-11 -1.2499999998765 2
1.0000000000108 -1.74999999997717 2 1.24999999999042 -1.99999999995679 2 1.49999999982862 -1.74999999997717 2 1.24999999999042 -1.50000000013897 2
1.75000000009109 -1.99999999995679 2 2 -1.74999999997717 2 1.75000000009109 -1.50000000013897 2 1.49999999982862 -1.74999999997717 2
1.49999999982862 -1.2499999998765 2 1.75000000009109 -1.50000000013897 2 2 -1.2499999998765 2 1.75000000009109 -0.999999999967591 2
1.24999999999042 -1.50000000013897 2 1.49999999982862 -1.2499999998765 2 1.24999999999042 -0.999999999967591 2 1.0000000000108 -1.2499999998765 2
-1.99999999995679 -0.749999999987969 2 -1.74999999997717 -0.999999999967591 2 -1.50000000013897 -0.749999999987969 2 -1.74999999997717 -0.500000000149769 2
-1.2499999998765 -0.999999999967591 2 -0.99999999996759 -0.749999999987969 2 -1.2499999998765 -0.500000000149769 2 -1.50000000013897 -0.749999999987969 2
-1.50000000013897 -0.249999999887305 2 -1.2499999998765 -0.500000000149769 2 -0.99999999996759 -0.249999999887305 2 -1.2499999998765 2.16060423217752e-11 2
-1.74999999997717 -0.500000000149769 2 -1.50000000013897 -0.249999999887305 2 -1.74999999997717 2.16060423217752e-11 2 -1.99999999995679 -0.249999999887305 2
-0.99999999996759 -0.749999999987969 2 -0.749999999987969 -0.999999999967591 2 -0.500000000149769 -0.749999999987969 2 -0.749999999987969 -0.500000000149769 2
-0.249999999887305 -0.999999999967591 2 2.16063563402669e-11 -0.749999999987969 2 -0.249999999887305 -0.500000000149769 2 -0.500000000149769 -0.749999999987969 2
-0.500000000149769 -0.249999999887305 2 -0.249999999887305 -0.500000000149769 2 2.16063563402669e-11 -0.249999999887305 2 -0.249999999887305 2.16060423217752e-11 2
-0.749999999987969 -0.500000000149769 2 -0.500000000149769 -0.249999999887305 2 -0.749999999987969 2.16060423217752e-11 2 -0.99999999996759 -0.249999999887305 2
2.16063563402669e-11 -0.749999999987969 2 0.250000000001228 -0.999999999967591 2 0.499999999839428 -0.749999999987969 2 0.250000000001228 -0.500000000149769 2
0.750000000101892 -0.999999999967591 2 1.0000000000108 -0.749999999987969 2 0.750000000101892 -0.500000000149769 2 0.499999999839428 -0.749999999987969 2
0.499999999839428 -0.249999999887305 2 0.750000000101892 -0.500000000149769 2 1.0000000000108 -0.249999999887305 2 0.750000000101892 2.16060423217752e-11 2
0.250000000001228 -0.500000000149769 2 0.499999999839428 -0.249999999887305 2 0.250000000001228 2.16060423217752e-11 2 2.16063563402669e-11 -0.249999999887305 2
1.0000000000108 -0.749999999987969 2 1.24999999999042 -0.999999999967591 2 1.49999999982862 -0.749999999987969 2 1.24999999999042 -0.500000000149769 2
1.75000000009109 -0.999999999967591 2 2 -0.749999999987969 2 1.75000000009109 -0.500000000149769 2 1.49999999982862 -0.749999999987969 2
1.49999999982862 -0.249999999887305 2 1.75000000009109 -0.500000000149769 2 2 -0.249999999887305 2 1.75000000009109 2.16060423217752e-11 2
1.24999999999042 -0.500000000149769 2 1.49999999982862 -0.249999999887305 2 1.24999999999042 2.16060423217752e-11 2 1.0000000000108 -0.249999999887305 2
-1.99999999995679 0.250000000001228 2 -1.74999999997717 2.16060423217752e-11 2 -1.50000000013897 0.250000000001228 2 -1.74999999997717 0.499999999839428 2
-1.2499999998765 2.16060423217752e-11 2 -0.99999999996759 0.250000000001228 2 -1.2499999998765 0.499999999839428 2 -1.50000000013897 0.250000000001228 2
-1.50000000013897 0.750000000101892 2 -1.2499999998765 0.499999999839428 2 -0.99999999996759 0.750000000101892 2 -1.2499999998765 1.0000000000108 2
-1.74999999997717 0.499999999839428 2 -1.50000000013897 0.750000000101892 2 -1.74999999997717 1.0000000000108 2 -1.99999999995679 0.750000000101892 2
-0.99999999996759 0.250000000001228 2 -0.749999999987969 2.16060423217752e-11 2 -0.500000000149769 0.250000000001228 2 -0.749999999987969 0.499999999839428 2
-0.249999999887305 2.16060423217752e-11 2 2.16063563402669e-11 0.250000000001228 2 -0.249999999887305 0.499999999839428 2 -0.500000000149769 0.250000000001228 2
-0.500000000149769 0.750000000101892 2 -0.249999999887305 0.499999999839428 2 2.16063563402669e-11 0.750000000101892 2 -0.249999999887305 1.0000000000108 2
-0.749999999987969 0.499999999839428 2 -0.500000000149769 0.750000000101892 2 -0.749999999987969 1.0000000000108 2 -0.99999999996759 0.750000000101892 2
2.16063563402669e-11 0.250000000001228 2 0.250000000001228 2.16060423217752e-11 2 0.499999999839428 0.250000000001228 2 0.250000000001228 0.499999999839428 2
0.750000000101892 2.16060423217752e-11 2 1.0000000000108 0.250000000001228 2 0.750000000101892 0.499999999839428 2 0.499999999839428 0.250000000001228 2
0.499999999839428 0.750000000101892 2 0.750000000101892 0.499999999839428 2 1.0000000000108 0.750000000101892 2 0.750000000101892 1.0000000000108 2
0.250000000001228 0.499999999839428 2 0.499999999839428 0.750000000101892 2 0.250000000001228 1.0000000000108 2 2.16063563402669e-11 0.750000000101892 2
1.0000000000108 0.250000000001228 2 1.24999999999042 2.16060423217752e-11 2 1.49999999982862 0.250000000001228 2 1.24999999999042 0.499999999839428 2
1.75000000009109 2.16060423217752e-11 2 2 0.250000000001228 2 1.75000000009109 0.499999999839428 2 1.49999999982862 0.250000000001228 2
1.49999999982862 0.750000000101892 2 1.75000000009109 0.499999999839428 2 2 0.750000000101892 2 1.75000000009109 1.0000000000108 2
1.24999999999042 0.499999999839428 2 1.49999999982862 0.750000000101892 2 1.24999999999042 1.0000000000108 2 1.0000000000108 0.750000000101892 2
-1.99999999995679 1.24999999999042 2 -1.74999999997717 1.0000000000108 2 -1.50000000013897 1.24999999999042 2 -1.74999999997717 1.49999999982862 2
-1.2499999998765 1.0000000000108 2 -0.99999999996759 1.24999999999042 2 -1.2499999998765 1.49999999982862 2 -1.50000000013897 1.24999999999042 2
-1.50000000013897 1.75000000009109 2 -1.2499999998765 1.49999999982862 2 -0.99999999996759 1.75000000009109 2 -1.2499999998765 2 2
-1.74999999997717 1.49999999982862 2 -1.50000000013897 1.75000000009109 2 -1.74999999997717 2 2 -1.99999999995679 1.75000000009109 2
-0.99999999996759 1.24999999999042 2 -0.749999999987969 1.0000000000108 2 -0.500000000149769 1.24999999999042 2 -0.749999999987969 1.49999999982862 2
-0.249999999887305 1.0000000000108 2 2.16063563402669e-11 1.24999999999042 2 -0.249999999887305 1.49999999982862 2 -0.500000000149769 1.24999999999042 2
-0.500000000149769 1.75000000009109 2 -0.249999999887305 1.49999999982862 2 2.16063563402669e-11 1.75000000009109 2 -0.249999999887305 2 2
-0.749999999987969 1.49999999982862 2 -0.500000000149769 1.75000000009109 2 -0.749999999987969 2 2 -0.99999999996759 1.75000000009109 2
2.16063563402669e-11 1.24999999999042 2 0.250000000001228 1.0000000000108 2 0.499999999839428 1.24999999999042 2 0.250000000001228 1.49999999982862 2
0.750000000101892 1.0000000000108 2 1.0000000000108 1.24999999999042 2 0.750000000101892 1.49999999982862 2 0.499999999839428 1.24999999999042 2
0.499999999839428 1.75000000009109 2 0.750000000101892 1.49999999982862 2 1.0000000000108 1.75000000009109 2 0.750000000101892 2 2
0.250000000001228 1.49999999982862 2 0.499999999839428 1.75000000009109 2 0.250000000001228 2 2 2.16063563402669e-11 1.75000000009109 2
1.0000000000108 1.24999999999042 2 1.24999999999042 1.0000000000108 2 1.49999999982862 1.24999999999042 2 1.24999999999042 1.49999999982862 2
1.75000000009109 1.0000000000108 2 2 1.24999999999042 2 1.75000000009109 1.49999999982862 2 1.49999999982862 1.24999999999042 2
1.49999999982862 1.75000000009109 2 1.75000000009109 1.49999999982862 2 2 1.75000000009109 2 1.75000000009109 2 2
1.24999999999042 1.49999999982862 2 1.49999999982862 1.75000000009109 2 1.24999999999042 2 2 1.0000000000108 1.75000000009109 2
-1.99999999995679 -2 -1.74999999997717 -1.74999999997717 -2 -1.99999999995679 -1.50000000013897 -2 -1.74999999997717 -1.74999999997717 -2 -1.50000000013897
-1.2499999998765 -2 -1.99999999995679 -0.99999999996759 -2 -1.74999999997717 -1.2499999998765 -2 -1.50000000013897 -1.50000000013897 -2 -1.74999999997717
-1.50000000013897 -2 -1.2499999998765 -1.2499999998765 -2 -1.50000000013897 -0.99999999996759 -2 -1.2499999998765 -1.2499999998765 -2 -0.999999999967591
-1.74999999997717 -2 -1.50000000013897 -1.50000000013897 -2 -1.2499999998765 -1.74999999997717 -2 -0.999999999967591 -1.99999999995679 -2 -1.2499999998765
-0.99999999996759 -2 -1.74999999997717 -0.749999999987969 -2 -1.99999999995679 -0.500000000149769 -2 -1.74999999997717 -0.749999999987969 -2 -1.50000000013897
-0.249999999887305 -2 -1.99999999995679 2.16063563402669e-11 -2 -1.74999999997717 -0.249999999887305 -2 -1.50000000013897 -0.500000000149769 -2 -1.74999999997717
-0.500000000149769 -2 -1.2499999998765 -0.249999999887305 -2 -1.50000000013897 2.16063563402669e-11 -2 -1.2499999998765 -0.249999999887305 -2 -0.999999999967591
-0.749999999987969 -2 -1.50000000013897 -0.500000000149769 -2 -1.2499999998765 -0.749999999987969 -2 -0.999999999967591 -0.99999999996759 -2 -1.2499999998765
2.16063563402669e-11 -2 -1.74999999997717 0.250000000001228 -2 -1.99999999995679 0.499999999839428 -2 -1.74999999997717 0.250000000001228 -2 -1.50000000013897
0.750000000101892 -2 -1.99999999995679 1.0000000000108 -2 -1.74999999997717 0.750000000101892 -2 -1.50000000013897 0.499999999839428 -2 -1.74999999997717
0.499999999839428 -2 -1.2499999998765 0.750000000101892 -2 -1.50000000013897 1.0000000000108 -2 -1.2499999998765 0.750000000101892 -2 -0.999999999967591
0.250000000001228 -2 -1.50000000013897 0.499999999839428 -2 -1.2499999998765 0.250000000001228 -2 -0.999999999967591 2.16063563402669e-11 -2 -1.2499999998765
1.0000000000108 -2 -1.74999999997717 1.24999999999042 -2 -1.99999999995679 1.49999999982862 -2 -1.74999999997717 1.24999999999042 -2 -1.50000000013897
1.75000000009109 -2 -1.99999999995679 2 -2 -1.74999999997717 1.75000000009109 -2 -1.50000000013897 1.49999999982862 -2 -1.74999999997717
1.49999999982862 -2 -1.2499999998765 1.75000000009109 -2 -1.50000000013897 2 -2 -1.2499999998765 1.75000000009109 -2 -0.999999999967591
1.24999999999042 -2 -1.50000000013897 1.49999999982862 -2 -1.2499999998765 1.24999999999042 -2 -0.999999999967591 1.0000000000108 -2 -1.2499999998765
-1.99999999995679 -2 -0.749999999987969 -1.74999999997717 -2 -0.999999999967591 -1.50000000013897 -2 -0.749999999987969 -1.74999999997717 -2 -0.500000000149769
-1.2499999998765 -2 -0.999999999967591 -0.99999999996759 -2 -0.749999999987969 -1.2499999998765 -2 -0.500000000149769 -1.50000000013897 -2 -0.749999999987969
-1.50000000013897 -2 -0.249999999887305 -1.2499999998765 -2 -0.500000000149769 -0.99999999996759 -2 -0.249999999887305 -1.2499999998765 -2 2.16060423217752e-11
-1.74999999997717 -2 -0.500000000149769 -1.50000000013897 -2 -0.249999999887305 -1.74999999997717 -2 2.16060423217752e-11 -1.99999999995679 -2 -0.249999999887305
-0.99999999996759 -2 -0.749999999987969 -0.749999999987969 -2 -0.999999999967591 -0.500000000149769 -2 -0.749999999987969 -0.749999999987969 -2 -0.500000000149769
-0.249999999887305 -2 -0.999999999967591 2.16063563402669e-11 -2 -0.749999999987969 -0.249999999887305 -2 -0.500000000149769 -0.500000000149769 -2 -0.749999999987969
-0.500000000149769 -2 -0.249999999887305 -0.249999999887305 -2 -0.500000000149769 2.16063563402669e-11 -2 -0.249999999887305 -0.249999999887305 -2 2.16060423217752e-11
-0.749999999987969 -2 -0.500000000149769 -0.500000000149769 -2 -0.249999999887305 -0.749999999987969 -2 2.16060423217752e-11 -0.99999999996759 -2 -0.249999999887305
2.16063563402669e-11 -2 -0.749999999987969 0.250000000001228 -2 -0.999999999967591 0.499999999839428 -2 -0.749999999987969 0.250000000001228 -2 -0.500000000149769
0.750000000101892 -2 -0.999999999967591 1.0000000000108 -2 -0.749999999987969 0.750000000101892 -2 -0.500000000149769 0.499999999839428 -2 -0.749999999987969
0.499999999839428 -2 -0.249999999887305 0.750000000101892 -2 -0.500000000149769 1.0000000000108 -2 -0.249999999887305 0.750000000101892 -2 2.16060423217752e-11
0.250000000001228 -2 -0.500000000149769 0.499999999839428 -2 -0.249999999887305 0.250000000001228 -2 2.16060423217752e-11 2.16063563402669e-11 -2 -0.249999999887305
1.0000000000108 -2 -0.749999999987969 1.24999999999042 -2 -0.999999999967591 1.49999999982862 -2 -0.749999999987969 1.24999999999042 -2 -0.500000000149769
1.75000000009109 -2 -0.999999999967591 2 -2 -0.749999999987969 1.75000000009109 -2 -0.500000000149769 1.49999999982862 -2 -0.749999999987969
1.49999999982862 -2 -0.249999999887305 1.75000000009109 -2 -0.500000000149769 2 -2 -0.249999999887305 1.75000000009109 -2 2.16060423217752e-11
1.24999999999042 -2 -0.500000000149769 1.49999999982862 -2 -0.249999999887305 1.24999999999042 -2 2.16060423217752e-11 1.0000000000108 -2 -0.249999999887305
-1.99999999995679 -2 0.250000000001228 -1.74999999997717 -2 2.16060423217752e-11 -1.50000000013897 -2 0.250000000001228 -1.74999999997717 -2 0.499999999839428
-1.2499999998765 -2 2.16060423217752e-11 -0.99999999996759 -2 0.250000000001228 -1.2499999998765 -2 0.499999999839428 -1.50000000013897 -2 0.250000000001228
-1.50000000013897 -2 0.750000000101892 -1.2499999998765 -2 0.499999999839428 -0.99999999996759 -2 0.750000000101892 -1.2499999998765 -2 1.0000000000108
-1.74999999997717 -2 0.499999999839428 -1.50000000013897 -2 0.750000000101892 -1.74999999997717 -2 1.0000000000108 -1.99999999995679 -2 0.750000000101892
-0.99999999996759 -2 0.250000000001228 -0.749999999987969 -2 2.16060423217752e-11 -0.500000000149769 -2 0.250000000001228 -0.749999999987969 -2 0.499999999839428
-0.249999999887305 -2 2.16060423217752e-11 2.16063563402669e-11 -2 0.250000000001228 -0.249999999887305 -2 0.499999999839428 -0.500000000149769 -2 0.250000000001228
-0.500000000149769 -2 0.750000000101892 -0.249999999887305 -2 0.499999999839428 2.16063563402669e-11 -2 0.750000000101892 -0.249999999887305 -2 1.0000000000108
-0.749999999987969 -2 0.499999999839428 -0.500000000149769 -2 0.750000000101892 -0.749999999987969 -2 1.0000000000108 -0.99999999996759 -2 0.750000000101892
2.16063563402669e-11 -2 0.250000000001228 0.250000000001228 -2 2.16060423217752e-11 0.499999999839428 -2 0.250000000001228 0.250000000001228 -2 0.499999999839428
0.750000000101892 -2 2.16060423217752e-11 1.0000000000108 -2 0.250000000001228 0.750000000101892 -2 0.499999999839428 0.499999999839428 -2 0.250000000001228
0.499999999839428 -2 0.750000000101892 0.750000000101892 -2 0.499999999839428 1.0000000000108 -2 0.750000000101892 0.750000000101892 -2 1.0000000000108
0.250000000001228 -2 0.499999999839428 0.499999999839428 -2 0.750000000101892 0.250000000001228 -2 1.0000000000108 2.16063563402669e-11 -2 0.750000000101892
1.0000000000108 -2 0.250000000001228 1.24999999999042 -2 2.16060423217752e-11 1.49999999982862 -2 0.250000000001228 1.24999999999042 -2 0.499999999839428
1.75000000009109 -2 2.16060423217752e-11 2 -2 0.250000000001228 1.75000000009109 -2 0.499999999839428 1.49999999982862 -2 0.250000000001228
1.49999999982862 -2 0.750000000101892 1.75000000009109 -2 0.499999999839428 2 -2 0.750000000101892 1.75000000009109 -2 1.0000000000108
1.24999999999042 -2 0.499999999839428 1.49999999982862 -2 0.750000000101892 1.24999999999042 -2 1.0000000000108 1.0000000000108 -2 0.750000000101892
-1.99999999995679 -2 1.24999999999042 -1.74999999997717 -2 1.0000000000108 -1.50000000013897 -2 1.24999999999042 -1.74999999997717 -2 1.49999999982862
-1.2499999998765 -2 1.0000000000108 -0.99999999996759 -2 1.24999999999042 -1.2499999998765 -2 1.49999999982862 -1.50000000013897 -2 1.24999999999042
-1.50000000013897 -2 1.75000000009109 -1.2499999998765 -2 1.49999999982862 -0.99999999996759 -2 1.75000000009109 -1.2499999998765 -2 2
-1.74999999997717 -2 1.49999999982862 -1.50000000013897 -2 1.75000000009109 -1.74999999997717 -2 2 -1.99999999995679 -2 1.75000000009109
-0.99999999996759 -2 1.24999999999042 -0.749999999987969 -2 1.0000000000108 -0.500000000149769 -2 1.24999999999042 -0.749999999987969 -2 1.49999999982862
-0.249999999887305 -2 1.0000000000108 2.16063563402669e-11 -2 1.24999999999042 -0.249999999887305 -2 1.49999999982862 -0.500000000149769 -2 1.24999999999042
-0.500000000149769 -2 1.75000000009109 -0.249999999887305 -2 1.49999999982862 2.16063563402669e-11 -2 1.75000000009109 -0.249999999887305 -2 2
-0.749999999987969 -2 1.49999999982862 -0.500000000149769 -2 1.75000000009109 -0.749999999987969 -2 2 -0.99999999996759 -2 1.75000000009109
2.16063563402669e-11 -2 1.24999999999042 0.250000000001228 -2 1.0000000000108 0.499999999839428 -2 1.24999999999042 0.250000000001228 -2 1.49999999982862
0.750000000101892 -2 1.0000000000108 1.0000000000108 -2 1.24999999999042 0.750000000101892 -2 1.49999999982862 0.499999999839428 -2 1.24999999999042
0.499999999839428 -2 1.75000000009109 0.750000000101892 -2 1.49999999982862 1.0000000000108 -2 1.75000000009109 0.750000000101892 -2 2
0.250000000001228 -2 1.49999999982862 0.499999999839428 -2 1.75000000009109 0.250000000001228 -2 2 2.16063563402669e-11 -2 1.75000000009109
1.0000000000108 -2 1.24999999999042 1.24999999999042 -2 1.0000000000108 1.49999999982862 -2 1.24999999999042 1.24999999999042 -2 1.49999999982862
1.75000000009109 -2 1.0000000000108 2 -2 1.24999999999042 1.75000000009109 -2 1.49999999982862 1.49999999982862 -2 1.24999999999042
1.49999999982862 -2 1.75000000009109 1.75000000009109 -2 1.49999999982862 2 -2 1.75000000009109 1.75000000009109 -2 2
1.24999999999042 -2 1.49999999982862 1.49999999982862 -2 1.75000000009109 1.24999999999042 -2 2 1.0000000000108 -2 1.75000000009109
-1.99999999995679 -2 1.74999999997717 -1.74999999997717 -2 1.50000000013897 -1.50000000013897 -2 1.74999999997717 -1.74999999997717 -2 1.99999999995679
-1.2499999998765 -2 1.99999999995679 -1.50000000013897 -2 1.74999999997717 -1.2499999998765 -2 1.50000000013897 -0.99999999996759 -2 1.74999999997717
-1.50000000013897 -2 1.2499999998765 -1.2499999998765 -2 0.999999999967591 -0.99999999996759 -2 1.2499999998765 -1.2499999998765 -2 1.50000000013897
-1.74999999997717 -2 1.50000000013897 -1.99999999995679 -2 1.2499999998765 -1.74999999997717 -2 0.999999999967591 -1.50000000013897 -2 1.2499999998765
-0.99999999996759 -2 1.74999999997717 -0.749999999987969 -2 1.50000000013897 -0.500000000149769 -2 1.74999999997717 -0.749999999987969 -2 1.99999999995679
-0.249999999887305 -2 1.99999999995679 -0.500000000149769 -2 1.74999999997717 -0.249999999887305 -2 1.50000000013897 2.16063563402669e-11 -2 1.74999999997717
-0.500000000149769 -2 1.2499999998765 -0.249999999887305 -2 0.999999999967591 2.16063563402669e-11 -2 1.2499999998765 -0.249999999887305 -2 1.50000000013897
-0.749999999987969 -2 1.50000000013897 -0.99999999996759 -2 1.2499999998765 -0.749999999987969 -2 0.999999999967591 -0.500000000149769 -2 1.2499999998765
2.16063563402669e-11 -2 1.74999999997717 0.250000000001228 -2 1.50000000013897 0.499999999839428 -2 1.74999999997717 0.250000000001228 -2 1.99999999995679
0.750000000101892 -2 1.99999999995679 0.499999999839428 -2 1.74999999997717 0.750000000101892 -2 1.50000000013897 1.0000000000108 -2 1.74999999997717
0.499999999839428 -2 1.2499999998765 0.750000000101892 -2 0.999999999967591 1.0000000000108 -2 1.2499999998765 0.750000000101892 -2 1.50000000013897
0.250000000001228 -2 1.50000000013897 2.16063563402669e-11 -2 1.2499999998765 0.250000000001228 -2 0.999999999967591 0.499999999839428 -2 1.2499999998765
1.0000000000108 -2 1.74999999997717 1.24999999999042 -2 1.50000000013897 1.49999999982862 -2 1.74999999997717 1.24999999999042 -2 1.99999999995679
1.75000000009109 -2 1.99999999995679 1.49999999982862 -2 1.74999999997717 1.75000000009109 -2 1.50000000013897 2 -2 1.74999999997717
1.49999999982862 -2 1.2499999998765 1.75000000009109 -2 0.999999999967591 2 -2 1.2499999998765 1.75000000009109 -2 1.50000000013897
1.24999999999042 -2 1.50000000013897 1.0000000000108 -2 1.2499999998765 1.24999999999042 -2 0.999999999967591 1.49999999982862 -2 1.2499999998765
-1.99999999995679 -2 0.749999999987969 -1.74999999997717 -2 0.500000000149769 -1.50000000013897 -2 0.749999999987969 -1.74999999997717 -2 0.999999999967591
-1.2499999998765 -2 0.999999999967591 -1.50000000013897 -2 0.749999999987969 -1.2499999998765 -2 0.500000000149769 -0.99999999996759 -2 0.749999999987969
-1.50000000013897 -2 0.249999999887305 -1.2499999998765 -2 -2.16060423217752e-11 -0.99999999996759 -2 0.249999999887305 -1.2499999998765 -2 0.500000000149769
-1.74999999997717 -2 0.500000000149769 -1.99999999995679 -2 0.249999999887305 -1.74999999997717 -2 -2.16060423217752e-11 -1.50000000013897 -2 0.249999999887305
-0.99999999996759 -2 0.749999999987969 -0.749999999987969 -2 0.500000000149769 -0.500000000149769 -2 0.749999999987969 -0.749999999987969 -2 0.999999999967591
-0.249999999887305 -2 0.999999999967591 -0.500000000149769 -2 0.749999999987969 -0.249999999887305 -2 0.500000000149769 2.16063563402669e-11 -2 0.749999999987969
-0.500000000149769 -2 0.249999999887305 -0.249999999887305 -2 -2.16060423217752e-11 2.16063563402669e-11 -2 0.249999999887305 -0.249999999887305 -2 0.500000000149769
-0.749999999987969 -2 0.500000000149769 -0.99999999996759 -2 0.249999999887305 -0.749999999987969 -2 -2.16060423217752e-11 -0.500000000149769 -2 0.249999999887305
2.16063563402669e-11 -2 0.749999999987969 0.250000000001228 -2 0.500000000149769 0.499999999839428 -2 0.749999999987969 0.250000000001228 -2 0.999999999967591
0.750000000101892 -2 0.999999999967591 0.499999999839428 -2 0.749999999987969 0.750000000101892 -2 0.500000000149769 1.0000000000108 -2 0.749999999987969
0.499999999839428 -2 0.249999999887305 0.750000000101892 -2 -2.16060423217752e-11 1.0000000000108 -2 0.249999999887305 0.750000000101892 -2 0.500000000149769
0.250000000001228 -2 0.500000000149769 2.16063563402669e-11 -2 0.249999999887305 0.250000000001228 -2 -2.16060423217752e-11 0.499999999839428 -2 0.249999999887305
1.0000000000108 -2 0.749999999987969 1.24999999999042 -2 0.500000000149769 1.49999999982862 -2 0.749999999987969 1.24999999999042 -2 0.999999999967591
1.75000000009109 -2 0.999999999967591 1.49999999982862 -2 0.749999999987969 1.75000000009109 -2 0.500000000149769 2 -2 0.749999999987969
1.49999999982862 -2 0.249999999887305 1.75000000009109 -2 -2.16060423217752e-11 2 -2 0.249999999887305 1.75000000009109 -2 0.500000000149769
1.24999999999042 -2 0.500000000149769 1.0000000000108 -2 0.249999999887305 1.24999999999042 -2 -2.16060423217752e-11 1.49999999982862 -2 0.249999999887305
-1.99999999995679 -2 -0.250000000001228 -1.74999999997717 -2 -0.499999999839428 -1.50000000013897 -2 -0.250000000001228 -1.74999999997717 -2 -2.16060423217752e-11
-1.2499999998765 -2 -2.16060423217752e-11 -1.50000000013897 -2 -0.250000000001228 -1.2499999998765 -2 -0.499999999839428 -0.99999999996759 -2 -0.250000000001228
-1.50000000013897 -2 -0.750000000101892 -1.2499999998765 -2 -1.0000000000108 -0.99999999996759 -2 -0.750000000101892 -1.2499999998765 -2 -0.499999999839428
-1.74999999997717 -2 -0.499999999839428 -1.99999999995679 -2 -0.750000000101892 -1.74999999997717 -2 -1.0000000000108 -1.50000000013897 -2 -0.750000000101892
-0.99999999996759 -2 -0.250000000001228 -0.749999999987969 -2 -0.499999999839428 -0.500000000149769 -2 -0.250000000001228 -0.749999999987969 -2 -2.16060423217752e-11
-0.249999999887305 -2 -2.16060423217752e-11 -0.500000000149769 -2 -0.250000000001228 -0.249999999887305 -2 -0.499999999839428 2.16063563402669e-11 -2 -0.250000000001228
-0.500000000149769 -2 -0.750000000101892 -0.249999999887305 -2 -1.0000000000108 2.16063563402669e-11 -2 -0.750000000101892 -0.249999999887305 -2 -0.499999999839428
-0.749999999987969 -2 -0.499999999839428 -0.99999999996759 -2 -0.750000000101892 -0.749999999987969 -2 -1.0000000000108 -0.500000000149769 -2 -0.750000000101892
2.16063563402669e-11 -2 -0.250000000001228 0.250000000001228 -2 -0.499999999839428 0.499999999839428 -2 -0.250000000001228 0.250000000001228 -2 -2.16060423217752e-11
0.750000000101892 -2 -2.16060423217752e-11 0.499999999839428 -2 -0.250000000001228 0.750000000101892 -2 -0.499999999839428 1.0000000000108 -2 -0.250000000001228
0.499999999839428 -2 -0.750000000101892 0.750000000101892 -2 -1.0000000000108 1.0000000000108 -2 -0.750000000101892 0.750000000101892 -2 -0.499999999839428
0.250000000001228 -2 -0.499999999839428 2.16063563402669e-11 -2 -0.750000000101892 0.250000000001228 -2 -1.0000000000108 0.499999999839428 -2 -0.750000000101892
1.0000000000108 -2 -0.250000000001228 1.24999999999042 -2 -0.499999999839428 1.49999999982862 -2 -0.250000000001228 1.24999999999042 -2 -2.16060423217752e-11
1.75000000009109 -2 -2.16060423217752e-11 1.49999999982862 -2 -0.250000000001228 1.75000000009109 -2 -0.499999999839428 2 -2 -0.250000000001228
1.49999999982862 -2 -0.750000000101892 1.75000000009109 -2 -1.0000000000108 2 -2 -0.750000000101892 1.75000000009109 -2 -0.499999999839428
1.24999999999042 -2 -0.499999999839428 1.0000000000108 -2 -0.750000000101892 1.24999999999042 -2 -1.0000000000108 1.49999999982862 -2 -0.750000000101892
-1.99999999995679 -2 -1.24999999999042 -1.74999999997717 -2 -1.49999999982862 -1.50000000013897 -2 -1.24999999999042 -1.74999999997717 -2 -1.0000000000108
-1.2499999998765 -2 -1.0000000000108 -1.50000000013897 -2 -1.24999999999042 -1.2499999998765 -2 -1.49999999982862 -0.99999999996759 -2 -1.24999999999042
-1.50000000013897 -2 -1.75000000009109 -1.2499999998765 -2 -2 -0.99999999996759 -2 -1.75000000009109 -1.2499999998765 -2 -1.49999999982862
-1.74999999997717 -2 -1.49999999982862 -1.99999999995679 -2 -1.75000000009109 -1.74999999997717 -2 -2 -1.50000000013897 -2 -1.75000000009109
-0.99999999996759 -2 -1.24999999999042 -0.749999999987969 -2 -1.49999999982862 -0.500000000149769 -2 -1.24999999999042 -0.749999999987969 -2 -1.0000000000108
-0.249999999887305 -2 -1.0000000000108 -0.500000000149769 -2 -1.24999999999042 -0.249999999887305 -2 -1.49999999982862 2.16063563402669e-11 -2 -1.24999999999042
-0.500000000149769 -2 -1.75000000009109 -0.249999999887305 -2 -2 2.16063563402669e-11 -2 -1.75000000009109 -0.249999999887305 -2 -1.49999999982862
-0.749999999987969 -2 -1.49999999982862 -0.99999999996759 -2 -1.75000000009109 -0.749999999987969 -2 -2 -0.500000000149769 -2 -1.75000000009109
2.16063563402669e-11 -2 -1.24999999999042 0.250000000001228 -2 -1.49999999982862 0.499999999839428 -2 -1.24999999999042 0.250000000001228 -2 -1.0000000000108
0.750000000101892 -2 -1.0000000000108 0.499999999839428 -2 -1.24999999999042 0.750000000101892 -2 -1.49999999982862 1.0000000000108 -2 -1.24999999999042
0.499999999839428 -2 -1.75000000009109 0.750000000101892 -2 -2 1.0000000000108 -2 -1.75000000009109 0.750000000101892 -2 -1.49999999982862
0.250000000001228 -2 -1.49999999982862 2.16063563402669e-11 -2 -1.75000000009109 0.250000000001228 -2 -2 0.499999999839428 -2 -1.75000000009109
1.0000000000108 -2 -1.24999999999042 1.24999999999042 -2 -1.49999999982862 1.49999999982862 -2 -1.24999999999042 1.24999999999042 -2 -1.0000000000108
1.75000000009109 -2 -1.0000000000108 1.49999999982862 -2 -1.24999999999042 1.75000000009109 -2 -1.49999999982862 2 -2 -1.24999999999042
1.49999999982862 -2 -1.75000000009109 1.75000000009109 -2 -2 2 -2 -1.75000000009109 1.75000000009109 -2 -1.49999999982862
1.24999999999042 -2 -1.49999999982862 1.0000000000108 -2 -1.75000000009109 1.24999999999042 -2 -2 1.49999999982862 -2 -1.75000000009109
-1.99999999995679 1.74999999997717 -2 -1.74999999997717 1.50000000013897 -2 -1.50000000013897 1.74999999997717 -2 -1.74999999997717 1.99999999995679 -2
-1.2499999998765 1.99999999995679 -2 -1.50000000013897 1.74999999997717 -2 -1.2499999998765 1.50000000013897 -2 -0.99999999996759 1.74999999997717 -2
-1.50000000013897 1.2499999998765 -2 -1.2499999998765 0.999999999967591 -2 -0.99999999996759 1.2499999998765 -2 -1.2499999998765 1.50000000013897 -2
-1.74999999997717 1.50000000013897 -2 -1.99999999995679 1.2499999998765 -2 -1.74999999997717 0.999999999967591 -2 -1.50000000013897 1.2499999998765 -2
-0.99999999996759 1.74999999997717 -2 -0.749999999987969 1.50000000013897 -2 -0.500000000149769 1.74999999997717 -2 -0.749999999987969 1.99999999995679 -2
-0.249999999887305 1.99999999995679 -2 -0.500000000149769 1.74999999997717 -2 -0.249999999887305 1.50000000013897 -2 2.16063563402669e-11 1.74999999997717 -2
-0.500000000149769 1.2499999998765 -2 -0.249999999887305 0.999999999967591 -2 2.16063563402669e-11 1.2499999998765 -2 -0.249999999887305 1.50000000013897 -2
-0.749999999987969 1.50000000013897 -2 -0.99999999996759 1.2499999998765 -2 -0.749999999987969 0.999999999967591 -2 -0.500000000149769 1.2499999998765 -2
2.16063563402669e-11 1.74999999997717 -2 0.250000000001228 1.50000000013897 -2 0.499999999839428 1.74999999997717 -2 0.250000000001228 1.99999999995679 -2
0.750000000101892 1.99999999995679 -2 0.499999999839428 1.74999999997717 -2 0.750000000101892 1.50000000013897 -2 1.0000000000108 1.74999999997717 -2
0.499999999839428 1.2499999998765 -2 0.750000000101892 0.999999999967591 -2 1.0000000000108 1.2499999998765 -2 0.750000000101892 1.50000000013897 -2
0.250000000001228 1.50000000013897 -2 2.16063563402669e-11 1.2499999998765 -2 0.250000000001228 0.999999999967591 -2 0.499999999839428 1.2499999998765 -2
1.0000000000108 1.74999999997717 -2 1.24999999999042 1.50000000013897 -2 1.49999999982862 1.74999999997717 -2 1.24999999999042 1.99999999995679 -2
1.75000000009109 1.99999999995679 -2 1.49999999982862 1.74999999997717 -2 1.75000000009109 1.50000000013897 -2 2 1.74999999997717 -2
1.49999999982862 1.2499999998765 -2 1.75000000009109 0.999999999967591 -2 2 1.2499999998765 -2 1.75000000009109 1.50000000013897 -2
1.24999999999042 1.50000000013897 -2 1.0000000000108 1.2499999998765 -2 1.24999999999042 0.999999999967591 -2 1.49999999982862 1.2499999998765 -2
-1.99999999995679 0.749999999987969 -2 -1.74999999997717 0.500000000149769 -2 -1.50000000013897 0.749999999987969 -2 -1.74999999997717 0.999999999967591 -2
-1.2499999998765 0.999999999967591 -2 -1.50000000013897 0.749999999987969 -2 -1.2499999998765 0.500000000149769 -2 -0.99999999996759 0.749999999987969 -2
-1.50000000013897 0.249999999887305 -2 -1.2499999998765 -2.16060423217752e-11 -2 -0.99999999996759 0.249999999887305 -2 -1.2499999998765 0.500000000149769 -2
-1.74999999997717 0.500000000149769 -2 -1.99999999995679 0.249999999887305 -2 -1.74999999997717 -2.16060423217752e-11 -2 -1.50000000013897 0.249999999887305 -2
-0.99999999996759 0.749999999987969 -2 -0.749999999987969 0.500000000149769 -2 -0.500000000149769 0.749999999987969 -2 -0.749999999987969 0.999999999967591 -2
-0.249999999887305 0.999999999967591 -2 -0.500000000149769 0.749999999987969 -2 -0.249999999887305 0.500000000149769 -2 2.16063563402669e-11 0.749999999987969 -2
-0.500000000149769 0.249999999887305 -2 -0.249999999887305 -2.16060423217752e-11 -2 2.16063563402669e-11 0.249999999887305 -2 -0.249999999887305 0.500000000149769 -2
-0.749999999987969 0.500000000149769 -2 -0.99999999996759 0.249999999887305 -2 -0.749999999987969 -2.16060423217752e-11 -2 -0.500000000149769 0.249999999887305 -2
2.16063563402669e-11 0.749999999987969 -2 0.250000000001228 0.500000000149769 -2 0.499999999839428 0.749999999987969 -2 0.250000000001228 0.999999999967591 -2
0.750000000101892 0.999999999967591 -2 0.499999999839428 0.749999999987969 -2 0.750000000101892 0.500000000149769 -2 1.0000000000108 0.749999999987969 -2
0.499999999839428 0.249999999887305 -2 0.750000000101892 -2.16060423217752e-11 -2 1.0000000000108 0.249999999887305 -2 0.750000000101892 0.500000000149769 -2
0.250000000001228 0.500000000149769 -2 2.16063563402669e-11 0.249999999887305 -2 0.250000000001228 -2.16060423217752e-11 -2 0.499999999839428 0.249999999887305 -2
1.0000000000108 0.749999999987969 -2 1.24999999999042 0.500000000149769 -2 1.49999999982862 0.749999999987969 -2 1.24999999999042 0.999999999967591 -2
1.75000000009109 0.999999999967591 -2 1.49999999982862 0.749999999987969 -2 1.75000000009109 0.500000000149769 -2 2 0.749999999987969 -2
1.49999999982862 0.249999999887305 -2 1.75000000009109 -2.16060423217752e-11 -2 2 0.249999999887305 -2 1.75000000009109 0.500000000149769 -2
1.24999999999042 0.500000000149769 -2 1.0000000000108 0.249999999887305 -2 1.24999999999042 -2.16060423217752e-11 -2 1.49999999982862 0.249999999887305 -2
-1.99999999995679 -0.250000000001228 -2 -1.74999999997717 -0.499999999839428 -2 -1.50000000013897 -0.250000000001228 -2 -1.74999999997717 -2.16060423217752e-11 -2
-1.2499999998765 -2.16060423217752e-11 -2 -1.50000000013897 -0.250000000001228 -2 -1.2499999998765 -0.499999999839428 -2 -0.99999999996759 -0.250000000001228 -2
-1.50000000013897 -0.750000000101892 -2 -1.2499999998765 -1.0000000000108 -2 -0.99999999996759 -0.750000000101892 -2 -1.2499999998765 -0.499999999839428 -2
-1.74999999997717 -0.499999999839428 -2 -1.99999999995679 -0.750000000101892 -2 -1.74999999997717 -1.0000000000108 -2 -1.50000000013897 -0.750000000101892 -2
-0.99999999996759 -0.250000000001228 -2 -0.749999999987969 -0.499999999839428 -2 -0.500000000149769 -0.250000000001228 -2 -0.749999999987969 -2.16060423217752e-11 -2
-0.249999999887305 -2.16060423217752e-11 -2 -0.500000000149769 -0.250000000001228 -2 -0.249999999887305 -0.499999999839428 -2 2.16063563402669e-11 -0.250000000001228 -2
-0.500000000149769 -0.750000000101892 -2 -0.249999999887305 -1.0000000000108 -2 2.16063563402669e-11 -0.750000000101892 -2 -0.249999999887305 -0.499999999839428 -2
-0.749999999987969 -0.499999999839428 -2 -0.99999999996759 -0.750000000101892 -2 -0.749999999987969 -1.0000000000108 -2 -0.500000000149769 -0.750000000101892 -2
2.16063563402669e-11 -0.250000000001228 -2 0.250000000001228 -0.499999999839428 -2 0.499999999839428 -0.250000000001228 -2 0.250000000001228 -2.16060423217752e-11 -2
0.750000000101892 -2.16060423217752e-11 -2 0.499999999839428 -0.250000000001228 -2 0.750000000101892 -0.499999999839428 -2 1.0000000000108 -0.250000000001228 -2
0.499999999839428 -0.750000000101892 -2 0.750000000101892 -1.0000000000108 -2 1.0000000000108 -0.750000000101892 -2 0.750000000101892 -0.499999999839428 -2
0.250000000001228 -0.499999999839428 -2 2.16063563402669e-11 -0.750000000101892 -2 0.250000000001228 -1.0000000000108 -2 0.499999999839428 -0.750000000101892 -2
1.0000000000108 -0.250000000001228 -2 1.24999999999042 -0.499999999839428 -2 1.49999999982862 -0.250000000001228 -2 1.24999999999042 -2.16060423217752e-11 -2
1.75000000009109 -2.16060423217752e-11 -2 1.49999999982862 -0.250000000001228 -2 1.75000000009109 -0.499999999839428 -2 2 -0.250000000001228 -2
1.49999999982862 -0.750000000101892 -2 1.75000000009109 -1.0000000000108 -2 2 -0.750000000101892 -2 1.75000000009109 -0.499999999839428 -2
1.24999999999042 -0.499999999839428 -2 1.0000000000108 -0.750000000101892 -2 1.24999999999042 -1.0000000000108 -2 1.49999999982862 -0.750000000101892 -2
-1.99999999995679 -1.24999999999042 -2 -1.74999999997717 -1.49999999982862 -2 -1.50000000013897 -1.24999999999042 -2 -1.74999999997717 -1.0000000000108 -2
-1.2499999998765 -1.0000000000108 -2 -1.50000000013897 -1.24999999999042 -2 -1.2499999998765 -1.49999999982862 -2 -0.99999999996759 -1.24999999999042 -2
-1.50000000013897 -1.75000000009109 -2 -1.2499999998765 -2 -2 -0.99999999996759 -1.75000000009109 -2 -1.2499999998765 -1.49999999982862 -2
-1.74999999997717 -1.49999999982862 -2 -1.99999999995679 -1.75000000009109 -2 -1.74999999997717 -2 -2 -1.50000000013897 -1.75000000009109 -2
-0.99999999996759 -1.24999999999042 -2 -0.749999999987969 -1.49999999982862 -2 -0.500000000149769 -1.24999999999042 -2 -0.749999999987969 -1.0000000000108 -2
-0.249999999887305 -1.0000000000108 -2 -0.500000000149769 -1.24999999999042 -2 -0.249999999887305 -1.49999999982862 -2 2.16063563402669e-11 -1.24999999999042 -2
-0.500000000149769 -1.75000000009109 -2 -0.249999999887305 -2 -2 2.16063563402669e-11 -1.75000000009109 -2 -0.249999999887305 -1.49999999982862 -2
-0.749999999987969 -1.49999999982862 -2 -0.99999999996759 -1.75000000009109 -2 -0.749999999987969 -2 -2 -0.500000000149769 -1.75000000009109 -2
2.16063563402669e-11 -1.24999999999042 -2 0.250000000001228 -1.49999999982862 -2 0.499999999839428 -1.24999999999042 -2 0.250000000001228 -1.0000000000108 -2
0.750000000101892 -1.0000000000108 -2 0.499999999839428 -1.24999999999042 -2 0.750000000101892 -1.49999999982862 -2 1.0000000000108 -1.24999999999042 -2
0.499999999839428 -1.75000000009109 -2 0.750000000101892 -2 -2 1.0000000000108 -1.75000000009109 -2 0.750000000101892 -1.49999999982862 -2
0.250000000001228 -1.49999999982862 -2 2.16063563402669e-11 -1.75000000009109 -2 0.250000000001228 -2 -2 0.499999999839428 -1.75000000009109 -2
1.0000000000108 -1.24999999999042 -2 1.24999999999042 -1.49999999982862 -2 1.49999999982862 -1.24999999999042 -2 1.24999999999042 -1.0000000000108 -2
1.75000000009109 -1.0000000000108 -2 1.49999999982862 -1.24999999999042 -2 1.75000000009109 -1.49999999982862 -2 2 -1.24999999999042 -2
1.49999999982862 -1.75000000009109 -2 1.75000000009109 -2 -2 2 -1.75000000009109 -2 1.75000000009109 -1.49999999982862 -2
1.24999999999042 -1.49999999982862 -2 1.0000000000108 -1.75000000009109 -2 1.24999999999042 -2 -2 1.49999999982862 -1.75000000009109 -2
-2 -1.99999999995679 1.74999999997717 -2 -1.74999999997717 1.99999999995679 -2 -1.50000000013897 1.74999999997717 -2 -1.74999999997717 1.50000000013897
-2 -1.2499999998765 1.99999999995679 -2 -0.99999999996759 1.74999999997717 -2 -1.2499999998765 1.50000000013897 -2 -1.50000000013897 1.74999999997717
-2 -1.50000000013897 1.2499999998765 -2 -1.2499999998765 1.50000000013897 -2 -0.99999999996759 1.2499999998765 -2 -1.2499999998765 0.999999999967591
-2 -1.74999999997717 1.50000000013897 -2 -1.50000000013897 1.2499999998765 -2 -1.74999999997717 0.999999999967591 -2 -1.99999999995679 1.2499999998765
-2 -0.99999999996759 1.74999999997717 -2 -0.749999999987969 1.99999999995679 -2 -0.500000000149769 1.74999999997717 -2 -0.749999999987969 1.50000000013897
-2 -0.249999999887305 1.99999999995679 -2 2.16063563402669e-11 1.74999999997717 -2 -0.249999999887305 1.50000000013897 -2 -0.500000000149769 1.74999999997717
-2 -0.500000000149769 1.2499999998765 -2 -0.249999999887305 1.50000000013897 -2 2.16063563402669e-11 1.2499999998765 -2 -0.249999999887305 0.999999999967591
-2 -0.749999999987969 1.50000000013897 -2 -0.500000000149769 1.2499999998765 -2 -0.749999999987969 0.999999999967591 -2 -0.99999999996759 1.2499999998765
-2 2.16063563402669e-11 1.74999999997717 -2 0.250000000001228 1.99999999995679 -2 0.499999999839428 1.74999999997717 -2 0.250000000001228 1.50000000013897
-2 0.750000000101892 1.99999999995679 -2 1.0000000000108 1.74999999997717 -2 0.750000000101892 1.50000000013897 -2 0.499999999839428 1.74999999997717
-2 0.499999999839428 1.2499999998765 -2 0.750000000101892 1.50000000013897 -2 1.0000000000108 1.2499999998765 -2 0.750000000101892 0.999999999967591
-2 0.250000000001228 1.50000000013897 -2 0.499999999839428 1.2499999998765 -2 0.250000000001228 0.999999999967591 -2 2.16063563402669e-11 1.2499999998765
-2 1.0000000000108 1.74999999997717 -2 1.24999999999042 1.99999999995679 -2 1.49999999982862 1.74999999997717 -2 1.24999999999042 1.50000000013897
-2 1.75000000009109 1.99999999995679 -2 2 1.74999999997717 -2 1.75000000009109 1.50000000013897 -2 1.49999999982862 1.74999999997717
-2 1.49999999982862 1.2499999998765 -2 1.75000000009109 1.50000000013897 -2 2 1.2499999998765 -2 1.75000000009109 0.999999999967591
-2 1.24999999999042 1.50000000013897 -2 1.49999999982862 1.2499999998765 -2 1.24999999999042 0.999999999967591 -2 1.0000000000108 1.2499999998765
-2 -1.99999999995679 0.749999999987969 -2 -1.74999999997717 0.999999999967591 -2 -1.50000000013897 0.749999999987969 -2 -1.74999999997717 0.500000000149769
-2 -1.2499999998765 0.999999999967591 -2 -0.99999999996759 0.749999999987969 -2 -1.2499999998765 0.500000000149769 -2 -1.50000000013897 0.749999999987969
-2 -1.50000000013897 0.249999999887305 -2 -1.2499999998765 0.500000000149769 -2 -0.99999999996759 0.249999999887305 -2 -1.2499999998765 -2.16060423217752e-11
-2 -1.74999999997717 0.500000000149769 -2 -1.50000000013897 0.249999999887305 -2 -1.74999999997717 -2.16060423217752e-11 -2 -1.99999999995679 0.249999999887305
-2 -0.99999999996759 0.749999999987969 -2 -0.749999999987969 0.999999999967591 -2 -0.500000000149769 0.749999999987969 -2 -0.749999999987969 0.500000000149769
-2 -0.249999999887305 0.999999999967591 -2 2.16063563402669e-11 0.749999999987969 -2 -0.249999999887305 0.500000000149769 -2 -0.500000000149769 0.749999999987969
-2 -0.500000000149769 0.249999999887305 -2 -0.249999999887305 0.500000000149769 -2 2.16063563402669e-11 0.249999999887305 -2 -0.249999999887305 -2.16060423217752e-11
-2 -0.749999999987969 0.500000000149769 -2 -0.500000000149769 0.249999999887305 -2 -0.749999999987969 -2.16060423217752e-11 -2 -0.99999999996759 0.249999999887305
-2 2.16063563402669e-11 0.749999999987969 -2 0.250000000001228 0.999999999967591 -2 0.499999999839428 0.749999999987969 -2 0.250000000001228 0.500000000149769
-2 0.750000000101892 0.999999999967591 -2 1.0000000000108 0.749999999987969 -2 0.750000000101892 0.500000000149769 -2 0.499999999839428 0.749999999987969
-2 0.499999999839428 0.249999999887305 -2 0.750000000101892 0.500000000149769 -2 1.0000000000108 0.249999999887305 -2 0.750000000101892 -2.16060423217752e-11
-2 0.250000000001228 0.500000000149769 -2 0.499999999839428 0.249999999887305 -2 0.250000000001228 -2.16060423217752e-11 -2 2.16063563402669e-11 0.249999999887305
-2 1.0000000000108 0.749999999987969 -2 1.24999999999042 0.999999999967591 -2 1.49999999982862 0.749999999987969 -2 1.24999999999042 0.500000000149769
-2 1.75000000009109 0.999999999967591 -2 2 0.749999999987969 -2 1.75000000009109 0.500000000149769 -2 1.49999999982862 0.749999999987969
-2 1.49999999982862 0.249999999887305 -2 1.75000000009109 0.500000000149769 -2 2 0.249999999887305 -2 1.75000000009109 -2.16060423217752e-11
-2 1.24999999999042 0.500000000149769 -2 1.49999999982862 0.249999999887305 -2 1.24999999999042 -2.16060423217752e-11 -2 1.0000000000108 0.249999999887305
-2 -1.99999999995679 -0.250000000001228 -2 -1.74999999997717 -2.16060423217752e-11 -2 -1.50000000013897 -0.250000000001228 -2 -1.74999999997717 -0.499999999839428
-2 -1.2499999998765 -2.16060423217752e-11 -2 -0.99999999996759 -0.250000000001228 -2 -1.2499999998765 -0.499999999839428 -2 -1.50000000013897 -0.250000000001228
-2 -1.50000000013897 -0.750000000101892 -2 -1.2499999998765 -0.499999999839428 -2 -0.99999999996759 -0.750000000101892 -2 -1.2499999998765 -1.0000000000108
-2 -1.74999999997717 -0.499999999839428 -2 -1.50000000013897 -0.750000000101892 -2 -1.74999999997717 -1.0000000000108 -2 -1.99999999995679 -0.750000000101892
-2 -0.99999999996759 -0.250000000001228 -2 -0.749999999987969 -2.16060423217752e-11 -2 -0.500000000149769 -0.250000000001228 -2 -0.749999999987969 -0.499999999839428
-2 -0.249999999887305 -2.16060423217752e-11 -2 2.16063563402669e-11 -0.250000000001228 -2 -0.249999999887305 -0.499999999839428 -2 -0.500000000149769 -0.250000000001228
-2 -0.500000000149769 -0.750000000101892 -2 -0.249999999887305 -0.499999999839428 -2 2.16063563402669e-11 -0.750000000101892 -2 -0.249999999887305 -1.0000000000108
-2 -0.749999999987969 -0.499999999839428 -2 -0.500000000149769 -0.750000000101892 -2 -0.749999999987969 -1.0000000000108 -2 -0.99999999996759 -0.750000000101892
-2 2.16063563402669e-11 -0.250000000001228 -2 0.250000000001228 -2.16060423217752e-11 -2 0.499999999839428 -0.250000000001228 -2 0.250000000001228 -0.499999999839428
-2 0.750000000101892 -2.16060423217752e-11 -2 1.0000000000108 -0.250000000001228 -2 0.750000000101892 -0.499999999839428 -2 0.499999999839428 -0.250000000001228
-2 0.499999999839428 -0.750000000101892 -2 0.750000000101892 -0.499999999839428 -2 1.0000000000108 -0.750000000101892 -2 0.750000000101892 -1.0000000000108
-2 0.250000000001228 -0.499999999839428 -2 0.499999999839428 -0.750000000101892 -2 0.250000000001228 -1.0000000000108 -2 2.16063563402669e-11 -0.750000000101892
-2 1.0000000000108 -0.250000000001228 -2 1.24999999999042 -2.16060423217752e-11 -2 1.49999999982862 -0.250000000001228 -2 1.24999999999042 -0.499999999839428
-2 1.75000000009109 -2.16060423217752e-11 -2 2 -0.250000000001228 -2 1.75000000009109 -0.499999999839428 -2 1.49999999982862 -0.250000000001228
-2 1.49999999982862 -0.750000000101892 -2 1.75000000009109 -0.499999999839428 -2 2 -0.750000000101892 -2 1.75000000009109 -1.0000000000108
-2 1.24999999999042 -0.499999999839428 -2 1.49999999982862 -0.750000000101892 -2 1.24999999999042 -1.0000000000108 -2 1.0000000000108 -0.750000000101892
-2 -1.99999999995679 -1.24999999999042 -2 -1.74999999997717 -1.0000000000108 -2 -1.50000000013897 -1.24999999999042 -2 -1.74999999997717 -1.49999999982862
-2 -1.2499999998765 -1.0000000000108 -2 -0.99999999996759 -1.24999999999042 -2 -1.2499999998765 -1.49999999982862 -2 -1.50000000013897 -1.24999999999042
-2 -1.50000000013897 -1.75000000009109 -2 -1.2499999998765 -1.49999999982862 -2 -0.99999999996759 -1.75000000009109 -2 -1.2499999998765 -2
-2 -1.74999999997717 -1.49999999982862 -2 -1.50000000013897 -1.75000000009109 -2 -1.74999999997717 -2 -2 -1.99999999995679 -1.75000000009109
-2 -0.99999999996759 -1.24999999999042 -2 -0.749999999987969 -1.0000000000108 -2 -0.500000000149769 -1.24999999999042 -2 -0.749999999987969 -1.49999999982862
-2 -0.249999999887305 -1.0000000000108 -2 2.16063563402669e-11 -1.24999999999042 -2 -0.249999999887305 -1.49999999982862 -2 -0.500000000149769 -1.24999999999042
-2 -0.500000000149769 -1.75000000009109 -2 -0.249999999887305 -1.49999999982862 -2 2.16063563402669e-11 -1.75000000009109 -2 -0.249999999887305 -2
-2 -0.749999999987969 -1.49999999982862 -2 -0.500000000149769 -1.75000000009109 -2 -0.749999999987969 -2 -2 -0.99999999996759 -1.75000000009109
-2 2.16063563402669e-11 -1.24999999999042 -2 0.250000000001228 -1.0000000000108 -2 0.499999999839428 -1.24999999999042 -2 0.250000000001228 -1.49999999982862
-2 0.750000000101892 -1.0000000000108 -2 1.0000000000108 -1.24999999999042 -2 0.750000000101892 -1.49999999982862 -2 0.499999999839428 -1.24999999999042
-2 0.499999999839428 -1.75000000009109 -2 0.750000000101892 -1.49999999982862 -2 1.0000000000108 -1.75000000009109 -2 0.750000000101892 -2
-2 0.250000000001228 -1.49999999982862 -2 0.499999999839428 -1.75000000009109 -2 0.250000000001228 -2 -2 2.16063563402669e-11 -1.75000000009109
-2 1.0000000000108 -1.24999999999042 -2 1.24999999999042 -1.0000000000108 -2 1.49999999982862 -1.24999999999042 -2 1.24999999999042 -1.49999999982862
-2 1.75000000009109 -1.0000000000108 -2 2 -1.24999999999042 -2 1.75000000009109 -1.49999999982862 -2 1.49999999982862 -1.24999999999042
-2 1.49999999982862 -1.75000000009109 -2 1.75000000009109 -1.49999999982862 -2 2 -1.75000000009109 -2 1.75000000009109 -2
-2 1.24999999999042 -1.49999999982862 -2 1.49999999982862 -1.75000000009109 -2 1.24999999999042 -2 -2 1.0000000000108 -1.75000000009109
