2 1 1 3
3 1 1 2
3 1 4 3
1 2 4 3
4 1 10 2
4 1 3 3
10 2 3 3
1 1 8 2
1 1 2 3
8 2 2 3
6 1 3 2
6 1 5 3
3 2 5 3
7 1 8 3
8 1 6 2
8 1 7 3
6 2 7 3
15 1 5 2
15 1 16 3
5 2 16 3
26 1 7 2
26 1 25 3
7 2 25 3
5 1 28 2
5 1 6 3
28 2 6 3
10 1 9 3
69 1 70 3
11 1 9 2
11 1 12 3
9 2 12 3
12 1 18 2
12 1 11 3
18 2 11 3
9 1 16 2
9 1 10 3
16 2 10 3
14 1 11 2
14 1 13 3
11 2 13 3
16 1 14 2
16 1 15 3
14 2 15 3
23 1 13 2
23 1 24 3
13 2 24 3
34 1 15 2
34 1 33 3
15 2 33 3
13 1 36 2
13 1 14 3
36 2 14 3
18 1 17 3
71 1 61 2
71 1 72 3
61 2 72 3
19 1 17 2
19 1 20 3
17 2 20 3
20 1 19 3
17 1 24 2
17 1 18 3
24 2 18 3
22 1 19 2
22 1 21 3
19 2 21 3
70 1 67 2
70 1 69 3
67 2 69 3
24 1 22 2
24 1 23 3
22 2 23 3
42 1 23 2
42 1 41 3
23 2 41 3
21 1 44 2
21 1 22 3
44 2 22 3
72 1 70 2
72 1 71 3
70 2 71 3
27 1 25 2
27 1 28 3
25 2 28 3
28 1 34 2
28 1 27 3
34 2 27 3
25 1 32 2
25 1 26 3
32 2 26 3
30 1 27 2
30 1 29 3
27 2 29 3
31 1 32 3
32 1 30 2
32 1 31 3
30 2 31 3
39 1 29 2
39 1 40 3
29 2 40 3
50 1 31 2
50 1 49 3
31 2 49 3
29 1 52 2
29 1 30 3
52 2 30 3
65 1 72 2
65 1 66 3
72 2 66 3
68 1 67 3
66 1 47 2
66 1 65 3
47 2 65 3
35 1 33 2
35 1 36 3
33 2 36 3
36 1 42 2
36 1 35 3
42 2 35 3
33 1 40 2
33 1 34 3
40 2 34 3
38 1 35 2
38 1 37 3
35 2 37 3
61 1 62 3
40 1 38 2
40 1 39 3
38 2 39 3
47 1 37 2
47 1 48 3
37 2 48 3
58 1 39 2
58 1 57 3
39 2 57 3
37 1 60 2
37 1 38 3
60 2 38 3
60 1 66 2
60 1 59 3
66 2 59 3
45 1 68 2
45 1 46 3
68 2 46 3
63 1 53 2
63 1 64 3
53 2 64 3
43 1 41 2
43 1 44 3
41 2 44 3
44 1 43 3
41 1 48 2
41 1 42 3
48 2 42 3
46 1 43 2
46 1 45 3
43 2 45 3
62 1 59 2
62 1 61 3
59 2 61 3
48 1 46 2
48 1 47 3
46 2 47 3
64 1 62 2
64 1 63 3
62 2 63 3
52 1 58 2
52 1 51 3
58 2 51 3
67 1 65 2
67 1 68 3
65 2 68 3
51 1 49 2
51 1 52 3
49 2 52 3
57 1 64 2
57 1 58 3
64 2 58 3
49 1 56 2
49 1 50 3
56 2 50 3
54 1 51 2
54 1 53 3
51 2 53 3
55 1 56 3
56 1 54 2
56 1 55 3
54 2 55 3
59 1 57 2
59 1 60 3
57 2 60 3
53 1 54 3
2 2 20 1
7 1 21 2
26 2 44 1
31 1 45 2
50 2 68 1
55 1 69 2
