-0.721547068783182 -0.000288600028456219 2.7705711095931 -0.380160178720585 -0.587720822187182 2.98540632925517 -0.364176906786993 -0.607768628758831 2.90014068613222 -0.733121231999577 -0.0334324969229334 2.64782926073931
-0.339576889521256 -0.612043287383249 2.98560588806996 0.354940935501069 -0.621861172689749 2.82549761281211 0.326605115902718 -0.653391315071528 2.68175768776177 -0.364176906786993 -0.607768628758831 2.90014068613222
-0.376410021468957 -0.64708154657569 2.50141787418554 0.326605115902718 -0.653391315071528 2.68175768776177 0.368509961825751 -0.647385677395924 2.53800059185508 -0.336122838851104 -0.692576368948403 2.2901473281041
-0.733121231999577 -0.0334324969229334 2.64782926073931 -0.376410021468957 -0.64708154657569 2.50141787418554 -0.436956017809499 -0.633762490270675 2.29050363308595 -0.746160439416421 0.00125191665537684 2.52566128846301
0.354940935501069 -0.621861172689749 2.82549761281211 0.699722185080191 -0.0187986385817099 2.98521443784 0.70679253389194 -1.55802818572562e-15 2.91737745243385 0.395781736744723 -0.613988736114373 2.68152450535504
0.699722185080191 0.0187986385817068 2.98521443784 0.354940935501072 0.621861172689748 2.82549761281211 0.395781736744726 0.613988736114372 2.68152450535504 0.70679253389194 -1.55802818572562e-15 2.91737745243385
0.746927799138877 -1.64650092913729e-15 2.51803660537741 0.395781736744726 0.613988736114372 2.68152450535504 0.368509961825753 0.647385677395923 2.53800059185508 0.766178436745221 0.059250878943043 2.30373375665827
0.395781736744723 -0.613988736114373 2.68152450535504 0.746927799138877 -1.64650092913729e-15 2.51803660537741 0.76617843674522 -0.0592508789430464 2.30373375665827 0.368509961825751 -0.647385677395924 2.53800059185508
0.354940935501072 0.621861172689748 2.82549761281211 -0.339576889521245 0.612043287383255 2.98560588806996 -0.36417690678699 0.607768628758833 2.90014068613222 0.326605115902721 0.653391315071527 2.68175768776177
-0.380160178720583 0.587720822187183 2.98540632925517 -0.721547068783182 0.0002886000284594 2.7705711095931 -0.733121231999577 0.0334324969229366 2.64782926073931 -0.36417690678699 0.607768628758833 2.90014068613222
-0.376410021468954 0.647081546575691 2.50141787418554 -0.733121231999577 0.0334324969229366 2.64782926073931 -0.746160439416421 -0.00125191665537355 2.52566128846301 -0.436956017809491 0.63376249027068 2.29050363308595
0.326605115902721 0.653391315071527 2.68175768776177 -0.376410021468954 0.647081546575691 2.50141787418554 -0.336122838851101 0.692576368948404 2.2901473281041 0.368509961825753 0.647385677395923 2.53800059185508
-0.787143647100316 -0.00125578471078518 2.11788400345229 -0.436956017809499 -0.633762490270675 2.29050363308595 -0.398877863747745 -0.683047239074427 2.07967418183842 -0.812755954019102 -0.0816792047584607 1.82232064346378
-0.336122838851104 -0.692576368948403 2.2901473281041 0.392255741470883 -0.681245547431333 2.12823476043615 0.334126671160001 -0.743292218063893 1.84134358998965 -0.398877863747745 -0.683047239074427 2.07967418183842
-0.415613852627184 -0.722485275866429 1.65666841766069 0.334126671160001 -0.743292218063893 1.84134358998965 0.417657665542002 -0.733182708932413 1.5541917772515 -0.343665875175898 -0.801538386487334 1.27252270949685
-0.812755954019102 -0.0816792047584607 1.82232064346378 -0.415613852627184 -0.722485275866429 1.65666841766069 -0.526333713942588 -0.695111553698963 1.27459236980998 -0.846410437164223 0.000999975417146981 1.52819097752514
0.392255741470883 -0.681245547431333 2.12823476043615 0.76617843674522 -0.0592508789430464 2.30373375665827 0.78995851774749 -1.74135630639357e-15 2.08988636112501 0.471975021173762 -0.664479216110579 1.84031138183951
0.766178436745221 0.059250878943043 2.30373375665827 0.392255741470886 0.681245547431331 2.12823476043615 0.471975021173765 0.664479216110577 1.84031138183951 0.78995851774749 -1.74135630639357e-15 2.08988636112501
0.832725260419691 -1.83562978453582e-15 1.66436264427689 0.471975021173765 0.664479216110577 1.84031138183951 0.417657665542006 0.733182708932411 1.5541917772515 0.862366180535807 0.0960720406759542 1.3163570480498
0.471975021173762 -0.664479216110579 1.84031138183951 0.832725260419691 -1.83562978453582e-15 1.66436264427689 0.862366180535806 -0.0960720406759579 1.3163570480498 0.417657665542002 -0.733182708932413 1.5541917772515
0.392255741470886 0.681245547431331 2.12823476043615 -0.336122838851101 0.692576368948404 2.2901473281041 -0.398877863747742 0.683047239074429 2.07967418183842 0.334126671159994 0.743292218063897 1.84134358998965
-0.436956017809491 0.63376249027068 2.29050363308595 -0.787143647100316 0.00125578471078865 2.11788400345229 -0.812755954019102 0.0816792047584643 1.82232064346378 -0.398877863747742 0.683047239074429 2.07967418183842
-0.415613852627181 0.72248527586643 1.65666841766069 -0.812755954019102 0.0816792047584643 1.82232064346378 -0.846410437164223 -0.000999975417143249 1.52819097752514 -0.526333713942585 0.695111553698965 1.27459236980998
0.334126671159994 0.743292218063897 1.84134358998965 -0.415613852627181 0.72248527586643 1.65666841766069 -0.343665875175894 0.801538386487335 1.27252270949685 0.417657665542006 0.733182708932411 1.5541917772515
-0.890700964671287 -0.00102058211165038 1.08750585269784 -0.526333713942588 -0.695111553698963 1.27459236980998 -0.460776420697572 -0.785158230348378 0.891726254651251 -0.933128429625314 -0.152510824017052 0.542173613488979
-0.343665875175898 -0.801538386487334 1.27252270949685 0.450594671326979 -0.765710229869764 1.10988434383245 0.370588994536519 -0.852900579323197 0.697156688835655 -0.460776420697572 -0.785158230348378 0.891726254651251
-0.44589001922771 -0.84714000186103 0.424647596442965 0.370588994536519 -0.852900579323197 0.697156688835655 0.493708836379106 -0.836395481988033 0.286165149267786 -0.357292951574123 -0.93395517271299 0.00034567517773354
-0.933128429625314 -0.152510824017052 0.542173613488979 -0.44589001922771 -0.84714000186103 0.424647596442965 -0.564959361589198 -0.825181053277075 -0.000511663783852256 -1.00013519298114 -0.00364474118584623 -0.00141123177904134
0.450594671326979 -0.765710229869764 1.10988434383245 0.862366180535806 -0.0960720406759579 1.3163570480498 0.902570209612854 -1.98959349277465e-15 0.969414174351416 0.566684842295536 -0.737278630577052 0.697499677523153
0.862366180535807 0.0960720406759542 1.3163570480498 0.450594671326982 0.765710229869762 1.10988434383245 0.566684842295539 0.737278630577049 0.697499677523153 0.902570209612854 -1.98959349277465e-15 0.969414174351416
0.949438897579709 -2.09290915243257e-15 0.503076617144503 0.566684842295539 0.737278630577049 0.697499677523153 0.493708836379109 0.836395481988031 0.286165149267786 0.990369545147285 0.138797979993662 -0.000481140439431371
0.566684842295536 -0.737278630577052 0.697499677523153 0.949438897579709 -2.09290915243257e-15 0.503076617144503 0.990369545147284 -0.138797979993666 -0.000481140439431371 0.493708836379106 -0.836395481988033 0.286165149267786
0.450594671326982 0.765710229869762 1.10988434383245 -0.343665875175894 0.801538386487335 1.27252270949685 -0.460776420697569 0.78515823034838 0.891726254651251 0.370588994536523 0.852900579323195 0.697156688835655
-0.526333713942585 0.695111553698965 1.27459236980998 -0.890700964671287 0.00102058211165431 1.08750585269784 -0.933128429625313 0.152510824017057 0.542173613488979 -0.460776420697569 0.78515823034838 0.891726254651251
-0.445890019227707 0.847140001861032 0.424647596442965 -0.933128429625313 0.152510824017057 0.542173613488979 -1.00013519298114 0.00364474118585064 -0.00141123177904134 -0.564959361589194 0.825181053277077 -0.000511663783852256
0.370588994536523 0.852900579323195 0.697156688835655 -0.445890019227707 0.847140001861032 0.424647596442965 -0.357292951574119 0.933955172712991 0.00034567517773354 0.493708836379109 0.836395481988031 0.286165149267786
