0 0 12 0 1
12 2 1 3 1
1 0 13 0 1
13 2 2 3 1
2 0 14 0 1
14 2 3 3 1
3 0 15 0 1
15 2 4 3 1
4 0 16 0 1
16 2 5 3 1
5 0 17 0 1
17 2 6 3 1
6 0 18 0 1
18 2 7 3 1
7 0 19 0 1
19 2 8 3 1
8 0 20 0 1
20 2 9 3 1
9 0 21 0 1
21 2 10 3 1
10 0 22 0 1
22 2 11 3 1
11 0 23 0 1
23 2 0 3 1
0 0 12 0 2
12 2 1 3 2
1 0 13 0 2
13 2 2 3 2
2 0 14 0 2
14 2 3 3 2
3 0 15 0 2
15 2 4 3 2
4 0 16 0 2
16 2 5 3 2
5 0 17 0 2
17 2 6 3 2
6 0 18 0 2
18 2 7 3 2
7 0 19 0 2
19 2 8 3 2
8 0 20 0 2
20 2 9 3 2
9 0 21 0 2
21 2 10 3 2
10 0 22 0 2
22 2 11 3 2
11 0 23 0 2
23 2 0 3 2
