0.0 -3.86370330515628 0 0.517638090205042 -1.931851652578136 0 0.0 0.0 0 -0.517638090205042 -1.931851652578136 0
1.931851652578136 -3.34606521495124 0 1.414213562373094 -1.414213562373096 0 0.0 0.0 0 0.517638090205042 -1.931851652578136 0
3.34606521495124 -1.931851652578138 0 1.931851652578136 -0.517638090205042 0 0.0 0.0 0 1.414213562373094 -1.414213562373096 0
3.86370330515628 -1.072393092426202e-15 0 1.931851652578136 0.51763809020504 0 0.0 0.0 0 1.931851652578136 -0.517638090205042 0
3.34606521495124 1.931851652578136 0 1.414213562373096 1.414213562373094 0 0.0 0.0 0 1.931851652578136 0.51763809020504 0
1.931851652578138 3.34606521495124 0 0.517638090205042 1.931851652578136 0 0.0 0.0 0 1.414213562373096 1.414213562373094 0
2.35926480333764e-15 3.86370330515628 0 -0.51763809020504 1.931851652578138 0 0.0 0.0 0 0.517638090205042 1.931851652578136 0
-1.931851652578134 3.34606521495124 0 -1.414213562373094 1.414213562373096 0 0.0 0.0 0 -0.51763809020504 1.931851652578138 0
-3.34606521495124 1.93185165257814 0 -1.931851652578136 0.517638090205044 0 0.0 0.0 0 -1.414213562373094 1.414213562373096 0
-3.86370330515628 3.43165789576384e-15 0 -1.931851652578138 -0.51763809020504 0 0.0 0.0 0 -1.931851652578136 0.517638090205044 0
-3.34606521495124 -1.931851652578134 0 -1.414213562373096 -1.414213562373094 0 0.0 0.0 0 -1.931851652578138 -0.51763809020504 0
-1.93185165257814 -3.34606521495124 0 -0.517638090205044 -1.931851652578136 0 0.0 0.0 0 -1.414213562373096 -1.414213562373094 0
0.0 -3.86370330515628 0 1.931851652578136 -3.34606521495124 0 0.517638090205042 -1.931851652578136 0
1.931851652578136 -3.34606521495124 0 3.34606521495124 -1.931851652578138 0 1.414213562373094 -1.414213562373096 0
3.34606521495124 -1.931851652578138 0 3.86370330515628 -1.072393092426202e-15 0 1.931851652578136 -0.517638090205042 0
3.86370330515628 -1.072393092426202e-15 0 3.34606521495124 1.931851652578136 0 1.931851652578136 0.51763809020504 0
3.34606521495124 1.931851652578136 0 1.931851652578138 3.34606521495124 0 1.414213562373096 1.414213562373094 0
1.931851652578138 3.34606521495124 0 2.35926480333764e-15 3.86370330515628 0 0.517638090205042 1.931851652578136 0
2.35926480333764e-15 3.86370330515628 0 -1.931851652578134 3.34606521495124 0 -0.51763809020504 1.931851652578138 0
-1.931851652578134 3.34606521495124 0 -3.34606521495124 1.93185165257814 0 -1.414213562373094 1.414213562373096 0
-3.34606521495124 1.93185165257814 0 -3.86370330515628 3.43165789576384e-15 0 -1.931851652578136 0.517638090205044 0
-3.86370330515628 3.43165789576384e-15 0 -3.34606521495124 -1.931851652578134 0 -1.931851652578138 -0.51763809020504 0
-3.34606521495124 -1.931851652578134 0 -1.93185165257814 -3.34606521495124 0 -1.414213562373096 -1.414213562373094 0
-1.93185165257814 -3.34606521495124 0 0.0 -3.86370330515628 0 -0.517638090205044 -1.931851652578136 0
