0 2 10 3 1
1 0 0 3 1
11 0 1 1 1
2 1 1 2 1
2 2 12 3 1
3 0 2 3 1
13 0 3 1 1
4 1 3 2 1
4 2 14 3 1
5 0 4 3 1
15 0 5 1 1
6 1 5 2 1
6 2 16 3 1
7 0 6 3 1
17 0 7 1 1
8 1 7 2 1
8 2 18 3 1
9 0 8 3 1
19 0 9 1 1
20 0 10 1 1
11 1 10 2 1
11 2 21 3 1
12 0 11 3 1
22 0 12 1 1
13 1 12 2 1
13 2 23 3 1
14 0 13 3 1
24 0 14 1 1
15 1 14 2 1
15 2 25 3 1
16 0 15 3 1
26 0 16 1 1
17 1 16 2 1
17 2 27 3 1
18 0 17 3 1
28 0 18 1 1
19 1 18 2 1
19 2 29 3 1
20 2 30 3 1
21 0 20 3 1
31 0 21 1 1
22 1 21 2 1
22 2 32 3 1
23 0 22 3 1
33 0 23 1 1
24 1 23 2 1
24 2 34 3 1
25 0 24 3 1
35 0 25 1 1
26 1 25 2 1
26 2 36 3 1
27 0 26 3 1
37 0 27 1 1
28 1 27 2 1
28 2 38 3 1
29 0 28 3 1
39 0 29 1 1
40 0 30 1 1
31 1 30 2 1
31 2 41 3 1
32 0 31 3 1
42 0 32 1 1
33 1 32 2 1
33 2 43 3 1
34 0 33 3 1
44 0 34 1 1
35 1 34 2 1
35 2 45 3 1
36 0 35 3 1
46 0 36 1 1
37 1 36 2 1
37 2 47 3 1
38 0 37 3 1
48 0 38 1 1
39 1 38 2 1
39 2 49 3 1
40 2 50 3 1
41 0 40 3 1
51 0 41 1 1
42 1 41 2 1
42 2 52 3 1
43 0 42 3 1
53 0 43 1 1
44 1 43 2 1
44 2 54 3 1
45 0 44 3 1
55 0 45 1 1
46 1 45 2 1
46 2 56 3 1
47 0 46 3 1
57 0 47 1 1
48 1 47 2 1
48 2 58 3 1
49 0 48 3 1
59 0 49 1 1
60 0 50 1 1
51 1 50 2 1
51 2 61 3 1
52 0 51 3 1
62 0 52 1 1
53 1 52 2 1
53 2 63 3 1
54 0 53 3 1
64 0 54 1 1
55 1 54 2 1
55 2 65 3 1
56 0 55 3 1
66 0 56 1 1
57 1 56 2 1
57 2 67 3 1
58 0 57 3 1
68 0 58 1 1
59 1 58 2 1
59 2 69 3 1
60 2 70 3 1
61 0 60 3 1
71 0 61 1 1
62 1 61 2 1
62 2 72 3 1
63 0 62 3 1
73 0 63 1 1
64 1 63 2 1
64 2 74 3 1
65 0 64 3 1
75 0 65 1 1
66 1 65 2 1
66 2 76 3 1
67 0 66 3 1
77 0 67 1 1
68 1 67 2 1
68 2 78 3 1
69 0 68 3 1
79 0 69 1 1
80 0 70 1 1
71 1 70 2 1
71 2 81 3 1
72 0 71 3 1
82 0 72 1 1
73 1 72 2 1
73 2 83 3 1
74 0 73 3 1
84 0 74 1 1
75 1 74 2 1
75 2 85 3 1
76 0 75 3 1
86 0 76 1 1
77 1 76 2 1
77 2 87 3 1
78 0 77 3 1
88 0 78 1 1
79 1 78 2 1
79 2 89 3 1
80 2 90 3 1
81 0 80 3 1
91 0 81 1 1
82 1 81 2 1
82 2 92 3 1
83 0 82 3 1
93 0 83 1 1
84 1 83 2 1
84 2 94 3 1
85 0 84 3 1
95 0 85 1 1
86 1 85 2 1
86 2 96 3 1
87 0 86 3 1
97 0 87 1 1
88 1 87 2 1
88 2 98 3 1
89 0 88 3 1
99 0 89 1 1
100 0 90 1 1
91 1 90 2 1
91 2 101 3 1
92 0 91 3 1
102 0 92 1 1
93 1 92 2 1
93 2 103 3 1
94 0 93 3 1
104 0 94 1 1
95 1 94 2 1
95 2 105 3 1
96 0 95 3 1
106 0 96 1 1
97 1 96 2 1
97 2 107 3 1
98 0 97 3 1
108 0 98 1 1
99 1 98 2 1
99 2 109 3 1
100 2 110 3 1
101 0 100 3 1
111 0 101 1 1
102 1 101 2 1
102 2 112 3 1
103 0 102 3 1
113 0 103 1 1
104 1 103 2 1
104 2 114 3 1
105 0 104 3 1
115 0 105 1 1
106 1 105 2 1
106 2 116 3 1
107 0 106 3 1
117 0 107 1 1
108 1 107 2 1
108 2 118 3 1
109 0 108 3 1
119 0 109 1 1
120 0 110 1 1
111 1 110 2 1
111 2 121 3 1
112 0 111 3 1
122 0 112 1 1
113 1 112 2 1
113 2 123 3 1
114 0 113 3 1
124 0 114 1 1
115 1 114 2 1
115 2 125 3 1
116 0 115 3 1
126 0 116 1 1
117 1 116 2 1
117 2 127 3 1
118 0 117 3 1
128 0 118 1 1
119 1 118 2 1
119 2 129 3 1
120 2 130 3 1
121 0 120 3 1
131 0 121 1 1
122 1 121 2 1
122 2 132 3 1
123 0 122 3 1
133 0 123 1 1
124 1 123 2 1
124 2 134 3 1
125 0 124 3 1
135 0 125 1 1
126 1 125 2 1
126 2 136 3 1
127 0 126 3 1
137 0 127 1 1
128 1 127 2 1
128 2 138 3 1
129 0 128 3 1
139 0 129 1 1
140 0 130 1 1
131 1 130 2 1
131 2 141 3 1
132 0 131 3 1
142 0 132 1 1
133 1 132 2 1
133 2 143 3 1
134 0 133 3 1
144 0 134 1 1
135 1 134 2 1
135 2 145 3 1
136 0 135 3 1
146 0 136 1 1
137 1 136 2 1
137 2 147 3 1
138 0 137 3 1
148 0 138 1 1
139 1 138 2 1
139 2 149 3 1
140 2 150 3 1
141 0 140 3 1
151 0 141 1 1
142 1 141 2 1
142 2 152 3 1
143 0 142 3 1
153 0 143 1 1
144 1 143 2 1
144 2 154 3 1
145 0 144 3 1
155 0 145 1 1
146 1 145 2 1
146 2 156 3 1
147 0 146 3 1
157 0 147 1 1
148 1 147 2 1
148 2 158 3 1
149 0 148 3 1
159 0 149 1 1
160 0 150 1 1
151 1 150 2 1
151 2 161 3 1
152 0 151 3 1
162 0 152 1 1
153 1 152 2 1
153 2 163 3 1
154 0 153 3 1
164 0 154 1 1
155 1 154 2 1
155 2 165 3 1
156 0 155 3 1
166 0 156 1 1
157 1 156 2 1
157 2 167 3 1
158 0 157 3 1
168 0 158 1 1
159 1 158 2 1
159 2 169 3 1
160 2 170 3 1
161 0 160 3 1
171 0 161 1 1
162 1 161 2 1
162 2 172 3 1
163 0 162 3 1
173 0 163 1 1
164 1 163 2 1
164 2 174 3 1
165 0 164 3 1
175 0 165 1 1
166 1 165 2 1
166 2 176 3 1
167 0 166 3 1
177 0 167 1 1
168 1 167 2 1
168 2 178 3 1
169 0 168 3 1
179 0 169 1 1
180 0 170 1 1
171 1 170 2 1
171 2 181 3 1
172 0 171 3 1
182 0 172 1 1
173 1 172 2 1
173 2 183 3 1
174 0 173 3 1
184 0 174 1 1
175 1 174 2 1
175 2 185 3 1
176 0 175 3 1
186 0 176 1 1
177 1 176 2 1
177 2 187 3 1
178 0 177 3 1
188 0 178 1 1
179 1 178 2 1
179 2 189 3 1
180 2 190 3 1
181 0 180 3 1
191 0 181 1 1
182 1 181 2 1
182 2 192 3 1
183 0 182 3 1
193 0 183 1 1
184 1 183 2 1
184 2 194 3 1
185 0 184 3 1
195 0 185 1 1
186 1 185 2 1
186 2 196 3 1
187 0 186 3 1
197 0 187 1 1
188 1 187 2 1
188 2 198 3 1
189 0 188 3 1
199 0 189 1 1
191 1 190 2 1
192 0 191 3 1
193 1 192 2 1
194 0 193 3 1
195 1 194 2 1
196 0 195 3 1
197 1 196 2 1
198 0 197 3 1
199 1 198 2 1
210 1 200 2 1
201 0 200 1 1
211 0 201 3 1
201 2 202 3 1
212 1 202 2 1
203 0 202 1 1
213 0 203 3 1
203 2 204 3 1
214 1 204 2 1
205 0 204 1 1
215 0 205 3 1
205 2 206 3 1
216 1 206 2 1
207 0 206 1 1
217 0 207 3 1
207 2 208 3 1
218 1 208 2 1
209 0 208 1 1
219 0 209 3 1
220 0 210 3 1
210 2 211 3 1
221 1 211 2 1
212 0 211 1 1
222 0 212 3 1
212 2 213 3 1
223 1 213 2 1
214 0 213 1 1
224 0 214 3 1
214 2 215 3 1
225 1 215 2 1
216 0 215 1 1
226 0 216 3 1
216 2 217 3 1
227 1 217 2 1
218 0 217 1 1
228 0 218 3 1
218 2 219 3 1
229 1 219 2 1
230 1 220 2 1
221 0 220 1 1
231 0 221 3 1
221 2 222 3 1
232 1 222 2 1
223 0 222 1 1
233 0 223 3 1
223 2 224 3 1
234 1 224 2 1
225 0 224 1 1
235 0 225 3 1
225 2 226 3 1
236 1 226 2 1
227 0 226 1 1
237 0 227 3 1
227 2 228 3 1
238 1 228 2 1
229 0 228 1 1
239 0 229 3 1
240 0 230 3 1
230 2 231 3 1
241 1 231 2 1
232 0 231 1 1
242 0 232 3 1
232 2 233 3 1
243 1 233 2 1
234 0 233 1 1
244 0 234 3 1
234 2 235 3 1
245 1 235 2 1
236 0 235 1 1
246 0 236 3 1
236 2 237 3 1
247 1 237 2 1
238 0 237 1 1
248 0 238 3 1
238 2 239 3 1
249 1 239 2 1
250 1 240 2 1
241 0 240 1 1
251 0 241 3 1
241 2 242 3 1
252 1 242 2 1
243 0 242 1 1
253 0 243 3 1
243 2 244 3 1
254 1 244 2 1
245 0 244 1 1
255 0 245 3 1
245 2 246 3 1
256 1 246 2 1
247 0 246 1 1
257 0 247 3 1
247 2 248 3 1
258 1 248 2 1
249 0 248 1 1
259 0 249 3 1
260 0 250 3 1
250 2 251 3 1
261 1 251 2 1
252 0 251 1 1
262 0 252 3 1
252 2 253 3 1
263 1 253 2 1
254 0 253 1 1
264 0 254 3 1
254 2 255 3 1
265 1 255 2 1
256 0 255 1 1
266 0 256 3 1
256 2 257 3 1
267 1 257 2 1
258 0 257 1 1
268 0 258 3 1
258 2 259 3 1
269 1 259 2 1
270 1 260 2 1
261 0 260 1 1
271 0 261 3 1
261 2 262 3 1
272 1 262 2 1
263 0 262 1 1
273 0 263 3 1
263 2 264 3 1
274 1 264 2 1
265 0 264 1 1
275 0 265 3 1
265 2 266 3 1
276 1 266 2 1
267 0 266 1 1
277 0 267 3 1
267 2 268 3 1
278 1 268 2 1
269 0 268 1 1
279 0 269 3 1
280 0 270 3 1
270 2 271 3 1
281 1 271 2 1
272 0 271 1 1
282 0 272 3 1
272 2 273 3 1
283 1 273 2 1
274 0 273 1 1
284 0 274 3 1
274 2 275 3 1
285 1 275 2 1
276 0 275 1 1
286 0 276 3 1
276 2 277 3 1
287 1 277 2 1
278 0 277 1 1
288 0 278 3 1
278 2 279 3 1
289 1 279 2 1
290 1 280 2 1
281 0 280 1 1
291 0 281 3 1
281 2 282 3 1
292 1 282 2 1
283 0 282 1 1
293 0 283 3 1
283 2 284 3 1
294 1 284 2 1
285 0 284 1 1
295 0 285 3 1
285 2 286 3 1
296 1 286 2 1
287 0 286 1 1
297 0 287 3 1
287 2 288 3 1
298 1 288 2 1
289 0 288 1 1
299 0 289 3 1
300 0 290 3 1
290 2 291 3 1
301 1 291 2 1
292 0 291 1 1
302 0 292 3 1
292 2 293 3 1
303 1 293 2 1
294 0 293 1 1
304 0 294 3 1
294 2 295 3 1
305 1 295 2 1
296 0 295 1 1
306 0 296 3 1
296 2 297 3 1
307 1 297 2 1
298 0 297 1 1
308 0 298 3 1
298 2 299 3 1
309 1 299 2 1
310 1 300 2 1
301 0 300 1 1
311 0 301 3 1
301 2 302 3 1
312 1 302 2 1
303 0 302 1 1
313 0 303 3 1
303 2 304 3 1
314 1 304 2 1
305 0 304 1 1
315 0 305 3 1
305 2 306 3 1
316 1 306 2 1
307 0 306 1 1
317 0 307 3 1
307 2 308 3 1
318 1 308 2 1
309 0 308 1 1
319 0 309 3 1
320 0 310 3 1
310 2 311 3 1
321 1 311 2 1
312 0 311 1 1
322 0 312 3 1
312 2 313 3 1
323 1 313 2 1
314 0 313 1 1
324 0 314 3 1
314 2 315 3 1
325 1 315 2 1
316 0 315 1 1
326 0 316 3 1
316 2 317 3 1
327 1 317 2 1
318 0 317 1 1
328 0 318 3 1
318 2 319 3 1
329 1 319 2 1
330 1 320 2 1
321 0 320 1 1
331 0 321 3 1
321 2 322 3 1
332 1 322 2 1
323 0 322 1 1
333 0 323 3 1
323 2 324 3 1
334 1 324 2 1
325 0 324 1 1
335 0 325 3 1
325 2 326 3 1
336 1 326 2 1
327 0 326 1 1
337 0 327 3 1
327 2 328 3 1
338 1 328 2 1
329 0 328 1 1
339 0 329 3 1
340 0 330 3 1
330 2 331 3 1
341 1 331 2 1
332 0 331 1 1
342 0 332 3 1
332 2 333 3 1
343 1 333 2 1
334 0 333 1 1
344 0 334 3 1
334 2 335 3 1
345 1 335 2 1
336 0 335 1 1
346 0 336 3 1
336 2 337 3 1
347 1 337 2 1
338 0 337 1 1
348 0 338 3 1
338 2 339 3 1
349 1 339 2 1
350 1 340 2 1
341 0 340 1 1
351 0 341 3 1
341 2 342 3 1
352 1 342 2 1
343 0 342 1 1
353 0 343 3 1
343 2 344 3 1
354 1 344 2 1
345 0 344 1 1
355 0 345 3 1
345 2 346 3 1
356 1 346 2 1
347 0 346 1 1
357 0 347 3 1
347 2 348 3 1
358 1 348 2 1
349 0 348 1 1
359 0 349 3 1
360 0 350 3 1
350 2 351 3 1
361 1 351 2 1
352 0 351 1 1
362 0 352 3 1
352 2 353 3 1
363 1 353 2 1
354 0 353 1 1
364 0 354 3 1
354 2 355 3 1
365 1 355 2 1
356 0 355 1 1
366 0 356 3 1
356 2 357 3 1
367 1 357 2 1
358 0 357 1 1
368 0 358 3 1
358 2 359 3 1
369 1 359 2 1
370 1 360 2 1
361 0 360 1 1
371 0 361 3 1
361 2 362 3 1
372 1 362 2 1
363 0 362 1 1
373 0 363 3 1
363 2 364 3 1
374 1 364 2 1
365 0 364 1 1
375 0 365 3 1
365 2 366 3 1
376 1 366 2 1
367 0 366 1 1
377 0 367 3 1
367 2 368 3 1
378 1 368 2 1
369 0 368 1 1
379 0 369 3 1
380 0 370 3 1
370 2 371 3 1
381 1 371 2 1
372 0 371 1 1
382 0 372 3 1
372 2 373 3 1
383 1 373 2 1
374 0 373 1 1
384 0 374 3 1
374 2 375 3 1
385 1 375 2 1
376 0 375 1 1
386 0 376 3 1
376 2 377 3 1
387 1 377 2 1
378 0 377 1 1
388 0 378 3 1
378 2 379 3 1
389 1 379 2 1
390 1 380 2 1
381 0 380 1 1
391 0 381 3 1
381 2 382 3 1
392 1 382 2 1
383 0 382 1 1
393 0 383 3 1
383 2 384 3 1
394 1 384 2 1
385 0 384 1 1
395 0 385 3 1
385 2 386 3 1
396 1 386 2 1
387 0 386 1 1
397 0 387 3 1
387 2 388 3 1
398 1 388 2 1
389 0 388 1 1
399 0 389 3 1
390 2 391 3 1
392 0 391 1 1
392 2 393 3 1
394 0 393 1 1
394 2 395 3 1
396 0 395 1 1
396 2 397 3 1
398 0 397 1 1
398 2 399 3 1
0 1 200 3 1
10 0 210 0 1
20 1 220 3 1
30 0 230 0 1
40 1 240 3 1
50 0 250 0 1
60 1 260 3 1
70 0 270 0 1
80 1 280 3 1
90 0 290 0 1
100 1 300 3 1
110 0 310 0 1
120 1 320 3 1
130 0 330 0 1
140 1 340 3 1
150 0 350 0 1
160 1 360 3 1
170 0 370 0 1
180 1 380 3 1
190 0 390 0 1
9 2 209 2 1
19 3 219 1 1
29 2 229 2 1
39 3 239 1 1
49 2 249 2 1
59 3 259 1 1
69 2 269 2 1
79 3 279 1 1
89 2 289 2 1
99 3 299 1 1
109 2 309 2 1
119 3 319 1 1
129 2 329 2 1
139 3 339 1 1
149 2 349 2 1
159 3 359 1 1
169 2 369 2 1
179 3 379 1 1
189 2 389 2 1
199 3 399 1 1
