-6.43368402479237 -4.05195935075461 0.762617679957477 -6.35270414142918 -4.11044067184764 0.000175373892847686 -5.91479141500206 -3.69190559128761 0.063785597178128 -6.01008063283675 -3.65537775131035 0.776917478923433
-6.01008063283675 -3.65537775131035 0.776917478923433 -6.16579430845388 -3.40506786179866 1.43423751819029 -6.63305705212318 -3.7815691298009 1.55062964312326 -6.44934926267343 -4.03629411287355 0.841949472890153
-7.00972902152371 -3.47591435402327 2.15521911050708 -6.63305705212318 -3.7815691298009 1.55062964312326 -6.2111292871676 -3.33459515360554 1.59616848680879 -6.61301974357237 -3.09380521605438 2.16309023040646
-6.61301974357237 -3.09380521605438 2.16309023040646 -6.82312207596184 -2.51307004426556 2.56246441763622 -7.39767486231507 -2.80372895854776 2.72937326898863 -7.17669187318649 -3.30895150236048 2.3613102805947
-7.96803521249805 -2.51760816304892 2.90941736197505 -7.39767486231507 -2.80372895854776 2.72937326898863 -7.02316465674855 -2.16488918434851 2.76442106944639 -7.41611245162979 -1.84357449754902 2.91148336293325
-7.41611245162979 -1.84357449754902 2.91148336293325 -7.45643806369059 -1.32024569256417 2.97295868008415 -8.0488784407443 -1.58225532842011 3.0215439547149 -7.97746723062697 -2.50817614492001 2.91277141021905
-8.97542062048572 -1.51022275506125 2.91864990302691 -8.0488784407443 -1.58225532842011 3.0215439547149 -8.03497672536079 -0.868667737818015 2.92288352920677 -8.91645477667965 -0.870192756674284 2.83481357245908
-8.91645477667965 -0.870192756674284 2.83481357245908 -8.77615992986793 -0.074778578766761 2.47095106478985 -9.53510628524456 -0.0701220075930955 2.14891333513287 -9.66418709994827 -0.821456275598711 2.49404283574443
-10.2253191437443 -0.260324231802635 1.71586654454961 -9.53510628524456 -0.0701220075930955 2.14891333513287 -9.34583003613594 0.54891345106485 1.67133862126954 -10.0073124566677 0.405336448692202 1.21559197810536
-10.0073124566677 0.405336448692202 1.21559197810536 -9.64076198271041 0.841267177430423 0.631226001564535 -10.1712215365212 0.539322146080577 0.000543827849758248 -10.5636575233735 0.0780141478264795 0.601765448735191
-5.44002740189687 -3.31568679066471 0.000193035052682776 -5.40007402340905 -3.16440443512945 0.665899116025009 -5.88493251641514 -3.54061695602272 0.775819173847989 -5.91479141500206 -3.69190559128761 0.063785597178128
-6.16579430845388 -3.40506786179866 1.43423751819029 -5.88493251641514 -3.54061695602272 0.775819173847989 -5.42080375225497 -3.13066743474287 0.876066462501485 -5.69478932667208 -3.01829953693484 1.48113518367188
-5.69478932667208 -3.01829953693484 1.48113518367188 -5.81526896894132 -2.60175509212407 1.99667198488513 -6.41125050936344 -2.93788229984409 2.15831609737585 -6.2111292871676 -3.33459515360554 1.59616848680879
-6.82312207596184 -2.51307004426556 2.56246441763622 -6.41125050936344 -2.93788229984409 2.15831609737585 -5.89837017200162 -2.47964981303208 2.19154704789922 -6.30995761534844 -2.09008139117989 2.57642634368255
-6.30995761534844 -2.09008139117989 2.57642634368255 -6.34807930931857 -1.44788057311351 2.81185095158573 -6.93776195380603 -1.60386745141413 2.93445078216063 -7.02316465674855 -2.16488918434851 2.76442106944639
-7.45643806369059 -1.32024569256417 2.97295868008415 -6.93776195380603 -1.60386745141413 2.93445078216063 -6.68602084140845 -1.04045851951436 2.94867599841508 -7.34333847323355 -0.681024561136148 2.99745515296317
-7.34333847323355 -0.681024561136148 2.99745515296317 -7.46646728932344 0.0429284734454427 2.84134618232502 -8.09021600985845 -0.132687618106594 2.77529797496981 -8.03497672536079 -0.868667737818015 2.92288352920677
-8.77615992986793 -0.074778578766761 2.47095106478985 -8.09021600985845 -0.132687618106594 2.77529797496981 -7.99575978743995 0.636752321894779 2.43889426158211 -8.7015050671088 0.674940987495354 2.13617230238232
-8.7015050671088 0.674940987495354 2.13617230238232 -8.41880236528395 1.24355561554723 1.70266110344314 -9.07789962432446 1.16437921577032 1.1654006639246 -9.34583003613594 0.54891345106485 1.67133862126954
-9.64076198271041 0.841267177430423 0.631226001564535 -9.07789962432446 1.16437921577032 1.1654006639246 -8.69269014948284 1.64091350462357 0.536789967203185 -9.25841873832427 1.31616146050879 -0.000127536706749651
-5.40007402340905 -3.16440443512945 0.665899116025009 -5.26917629397893 -3.18930875850263 -0.000428832183105673 -4.75594267933442 -2.83493151501367 0.1047084483358 -4.89160091448842 -2.81541772849331 0.757383522179501
-4.89160091448842 -2.81541772849331 0.757383522179501 -4.9279693138147 -2.53947610250144 1.36343812181233 -5.45858794845337 -2.853538504579 1.48651539991213 -5.42080375225497 -3.13066743474287 0.876066462501485
-5.81526896894132 -2.60175509212407 1.99667198488513 -5.45858794845337 -2.853538504579 1.48651539991213 -4.99532633931507 -2.42247654599321 1.61465005177902 -5.30484565216168 -2.13641497814245 2.12793872144367
-5.30484565216168 -2.13641497814245 2.12793872144367 -5.39049229367298 -1.60288697603173 2.51408796516759 -5.94257467938052 -1.9263979652975 2.57051310755441 -5.89837017200162 -2.47964981303208 2.19154704789922
-6.34807930931857 -1.44788057311351 2.81185095158573 -5.94257467938052 -1.9263979652975 2.57051310755441 -5.56061162375009 -1.35648059163559 2.67485780232722 -6.08572991622743 -0.897373330511405 2.93515101408444
-6.08572991622743 -0.897373330511405 2.93515101408444 -6.19747519095851 -0.162741840877748 2.98109545641953 -6.80018413611978 -0.2899321388186 2.99560574723421 -6.68602084140845 -1.04045851951436 2.94867599841508
-7.46646728932344 0.0429284734454427 2.84134618232502 -6.80018413611978 -0.2899321388186 2.99560574723421 -6.55984875141602 0.352694470757054 2.89337947016276 -7.21065833371172 0.635178894915772 2.75152897232131
-7.21065833371172 0.635178894915772 2.75152897232131 -7.09129543923225 1.26894369781181 2.42355510672047 -7.78159840078573 1.3058830493439 2.12761251388356 -7.99575978743995 0.636752321894779 2.43889426158211
-8.41880236528395 1.24355561554723 1.70266110344314 -7.78159840078573 1.3058830493439 2.12761251388356 -7.50798144232133 1.93311341060071 1.58276746732002 -8.13657929547362 1.85760826101516 1.18053426126617
-8.13657929547362 1.85760826101516 1.18053426126617 -7.71635205003918 2.23437330384962 0.686484575512962 -8.27861717044819 2.02298201396105 0.000163727580839821 -8.69269014948284 1.64091350462357 0.536789967203185
-4.21093561858361 -2.53146655980649 0.000199100659719097 -4.14336517211865 -2.39084652508201 0.65068235090901 -4.69475404508095 -2.6978168163821 0.756682061775048 -4.75594267933442 -2.83493151501367 0.1047084483358
-4.9279693138147 -2.53947610250144 1.36343812181233 -4.69475404508095 -2.6978168163821 0.756682061775048 -4.16294337369019 -2.35246512357794 0.863314448517828 -4.40702078424854 -2.20244416613595 1.46522942872552
-4.40702078424854 -2.20244416613595 1.46522942872552 -4.43470449055712 -1.77577860544694 1.97667041989561 -5.06565575516274 -2.02021850407616 2.12714527591156 -4.99532633931507 -2.42247654599321 1.61465005177902
-5.39049229367298 -1.60288697603173 2.51408796516759 -5.06565575516274 -2.02021850407616 2.12714527591156 -4.51045726901249 -1.639554175104 2.16635166846893 -4.88918018096126 -1.20715844932111 2.58281402844758
-4.88918018096126 -1.20715844932111 2.58281402844758 -4.98565325767926 -0.551604053501736 2.83733208970278 -5.55071185266573 -0.61262745236953 2.93783329221848 -5.56061162375009 -1.35648059163559 2.67485780232722
-6.19747519095851 -0.162741840877748 2.98109545641953 -5.55071185266573 -0.61262745236953 2.93783329221848 -5.28603141215497 -0.0474721594745109 2.955529513989 -5.87369087318095 0.361301113150848 2.99483627162009
-5.87369087318095 0.361301113150848 2.99483627162009 -5.76458198298961 1.05369512602724 2.84427027786855 -6.40203576663891 1.0970709043876 2.73762662516502 -6.55984875141602 0.352694470757054 2.89337947016276
-7.09129543923225 1.26894369781181 2.42355510672047 -6.40203576663891 1.0970709043876 2.73762662516502 -6.16782400338145 1.7754507796019 2.41893064101727 -6.82925666280799 1.91162484600395 2.13413950764408
-6.82925666280799 1.91162484600395 2.13413950764408 -6.49870477622647 2.40820060094304 1.7083572275764 -7.14336852492017 2.4538771646291 1.15004823688878 -7.50798144232133 1.93311341060071 1.58276746732002
-7.71635205003918 2.23437330384962 0.686484575512962 -7.14336852492017 2.4538771646291 1.15004823688878 -6.68161789970616 2.86827301844666 0.439879178405057 -7.26931535034946 2.63533090358831 3.79005217859969e-06
-4.14336517211865 -2.39084652508201 0.65068235090901 -4.02296701051084 -2.43475755320205 0.000860966862314134 -3.45314177797088 -2.1625044491768 0.0997844806685523 -3.57405849371167 -2.11797045093439 0.7552046398089
-3.57405849371167 -2.11797045093439 0.7552046398089 -3.56865700493286 -1.8477746406076 1.36606042008158 -4.13852983870756 -2.07671706480665 1.46564283188129 -4.16294337369019 -2.35246512357794 0.863314448517828
-4.43470449055712 -1.77577860544694 1.97667041989561 -4.13852983870756 -2.07671706480665 1.46564283188129 -3.62542422198019 -1.72133031816286 1.60161660585959 -3.88793920994434 -1.38184816901739 2.1390272872318
-3.88793920994434 -1.38184816901739 2.1390272872318 -3.94977582897983 -0.831835824854005 2.54723714365239 -4.51289391943213 -1.04484163761211 2.58611852911739 -4.51045726901249 -1.639554175104 2.16635166846893
-4.98565325767926 -0.551604053501736 2.83733208970278 -4.51289391943213 -1.04484163761211 2.58611852911739 -4.10604336042342 -0.466102845201352 2.72629179933398 -4.6629679051188 -0.086675972715156 2.95060938576252
-4.6629679051188 -0.086675972715156 2.95060938576252 -4.49816684214175 0.603370039019088 2.98415448742124 -5.10912704030328 0.6932454945006 2.9916339422763 -5.28603141215497 -0.0474721594745109 2.955529513989
-5.76458198298961 1.05369512602724 2.84427027786855 -5.10912704030328 0.6932454945006 2.9916339422763 -4.81927542091508 1.28883651365268 2.8781006500884 -5.46765724997226 1.61959333813037 2.73845600668621
-5.46765724997226 1.61959333813037 2.73845600668621 -5.18245896349354 2.22667201926525 2.42315111338051 -5.83417364132967 2.40083320810897 2.10640502430456 -6.16782400338145 1.7754507796019 2.41893064101727
-6.49870477622647 2.40820060094304 1.7083572275764 -5.83417364132967 2.40083320810897 2.10640502430456 -5.48913158960253 2.97110495856829 1.54901075426638 -6.11615484432906 2.96706495735639 1.18805651694282
-6.11615484432906 2.96706495735639 1.18805651694282 -5.64997501944282 3.26932977381574 0.724618411593985 -6.2381173380755 3.15551953034339 0.000553573473969836 -6.68161789970616 2.86827301844666 0.439879178405057
-2.85804230736731 -1.95189966188462 -0.000767949183383222 -2.77621192305303 -1.82806987668857 0.664752073079639 -3.36913641980378 -2.03935818026227 0.754359472908539 -3.45314177797088 -2.1625044491768 0.0997844806685523
-3.56865700493286 -1.8477746406076 1.36606042008158 -3.36913641980378 -2.03935818026227 0.754359472908539 -2.79043596505672 -1.78220155411273 0.858016798391052 -3.01159037006112 -1.59449986458213 1.47837698579305
-3.01159037006112 -1.59449986458213 1.47837698579305 -2.99306462908371 -1.16103924896467 2.00824193061343 -3.65866379045708 -1.29970067902513 2.14039817237557 -3.62542422198019 -1.72133031816286 1.60161660585959
-3.94977582897983 -0.831835824854005 2.54723714365239 -3.65866379045708 -1.29970067902513 2.14039817237557 -3.03958868563306 -1.01860921650172 2.17520142906028 -3.40651617493627 -0.572426912015517 2.58675256075375
-3.40651617493627 -0.572426912015517 2.58675256075375 -3.37385431703427 0.0909300295072732 2.83570994043394 -3.92798206445139 0.183120531516112 2.94931153969981 -4.10604336042342 -0.466102845201352 2.72629179933398
-4.49816684214175 0.603370039019088 2.98415448742124 -3.92798206445139 0.183120531516112 2.94931153969981 -3.58240883072211 0.692628625616894 2.95701156385115 -4.17641531498674 1.13043576204471 2.99330667180036
-4.17641531498674 1.13043576204471 2.99330667180036 -3.92034656108067 1.80696388394434 2.84305774971902 -4.52401953379231 1.9801526099425 2.72841426722985 -4.81927542091508 1.28883651365268 2.8781006500884
-5.18245896349354 2.22667201926525 2.42315111338051 -4.52401953379231 1.9801526099425 2.72841426722985 -4.20625307369183 2.61513624590384 2.39592619553195 -4.85114691260119 2.82115744379034 2.1194873218785
-4.85114691260119 2.82115744379034 2.1194873218785 -4.42215287535138 3.25359855502107 1.71487631253969 -5.06205970018259 3.40520302164764 1.14089366514028 -5.48913158960253 2.97110495856829 1.54901075426638
-5.64997501944282 3.26932977381574 0.724618411593985 -5.06205970018259 3.40520302164764 1.14089366514028 -4.539610790012 3.7408388761164 0.446075389273118 -5.15273895359351 3.60160520650977 -0.000283897830580785
-2.77621192305303 -1.82806987668857 0.664752073079639 -2.68676789721002 -1.89603417046217 0.000510340308941169 -2.06702886686466 -1.71622465725818 0.0826870584561941 -2.17137374933241 -1.65188635833187 0.750551211512788
-2.17137374933241 -1.65188635833187 0.750551211512788 -2.14301736112685 -1.38545393501254 1.37447373741236 -2.74544395883881 -1.51154361458951 1.48046312392108 -2.79043596505672 -1.78220155411273 0.858016798391052
-2.99306462908371 -1.16103924896467 2.00824193061343 -2.74544395883881 -1.51154361458951 1.48046312392108 -2.1722866524833 -1.26182536747613 1.58735264972832 -2.37425391609098 -0.878895273135727 2.13932730330826
-2.37425391609098 -0.878895273135727 2.13932730330826 -2.38821548436518 -0.316841224937493 2.55885428937769 -2.96938560153278 -0.441606180487716 2.58821728618556 -3.03958868563306 -1.01860921650172 2.17520142906028
-3.37385431703427 0.0909300295072732 2.83570994043394 -2.96938560153278 -0.441606180487716 2.58821728618556 -2.4847337542846 0.0697622688812398 2.7314389372594 -2.99589095213537 0.505380661996725 2.95333940338079
-2.99589095213537 0.505380661996725 2.95333940338079 -2.75421461317984 1.16935754341262 2.98515572170036 -3.32970257595885 1.38690802357776 2.99032083155673 -3.58240883072211 0.692628625616894 2.95701156385115
-3.92034656108067 1.80696388394434 2.84305774971902 -3.32970257595885 1.38690802357776 2.99032083155673 -2.93536511212301 1.9201775541366 2.87385080305637 -3.56017746763568 2.32166038448402 2.72937227470734
-3.56017746763568 2.32166038448402 2.72937227470734 -3.15351246896821 2.87900819017678 2.41882428416149 -3.79467242478196 3.15561492138141 2.09811715176291 -4.20625307369183 2.61513624590384 2.39592619553195
-4.42215287535138 3.25359855502107 1.71487631253969 -3.79467242478196 3.15561492138141 2.09811715176291 -3.3482030760937 3.64876567883696 1.56399992105779 -3.9575171115362 3.75664493787566 1.17360123017922
-3.9575171115362 3.75664493787566 1.17360123017922 -3.45466963545601 3.9828298056008 0.692667261941475 -4.0735875666626 3.95056720986592 -0.000189726840485388 -4.539610790012 3.7408388761164 0.446075389273118
-1.43234429833838 -1.60048163075322 -0.000620624941897345 -1.34333421891124 -1.49170621837464 0.686495549149511 -1.97165198894074 -1.60859696827023 0.751214622092914 -2.06702886686466 -1.71622465725818 0.0826870584561941
-2.14301736112685 -1.38545393501254 1.37447373741236 -1.97165198894074 -1.60859696827023 0.751214622092914 -1.35426400953516 -1.45055297576477 0.851089290388795 -1.54787488666848 -1.22887854678705 1.48095961262482
-1.54787488666848 -1.22887854678705 1.48095961262482 -1.48880147086277 -0.798370873593678 2.02367258341682 -2.16982833305384 -0.833626031088315 2.14073187791806 -2.1722866524833 -1.26182536747613 1.58735264972832
-2.38821548436518 -0.316841224937493 2.55885428937769 -2.16982833305384 -0.833626031088315 2.14073187791806 -1.5053933325852 -0.66951709046276 2.16405535022393 -1.81625522750861 -0.156050790267985 2.59344496206322
-1.81625522750861 -0.156050790267985 2.59344496206322 -1.69396057181578 0.525393502062894 2.8490548337252 -2.21677805514912 0.696007091375249 2.95469649338612 -2.4847337542846 0.0697622688812398 2.7314389372594
-2.75421461317984 1.16935754341262 2.98515572170036 -2.21677805514912 0.696007091375249 2.95469649338612 -1.7837672780885 1.13437376324701 2.9607022599341 -2.34152338453505 1.6256208842924 2.99230755826852
-2.34152338453505 1.6256208842924 2.99230755826852 -1.98308692035654 2.26030954834861 2.8436197306442 -2.58071475067297 2.54381508012628 2.72792502366445 -2.93536511212301 1.9201775541366 2.87385080305637
-3.15351246896821 2.87900819017678 2.41882428416149 -2.58071475067297 2.54381508012628 2.72792502366445 -2.13557277324834 3.0821477571896 2.41389061780001 -2.72043095803723 3.42614706034277 2.09706362779165
-2.72043095803723 3.42614706034277 2.09706362779165 -2.23540974558446 3.80363748792906 1.66924439638213 -2.88430660717196 4.01780957365265 1.14259666715221 -3.3482030760937 3.64876567883696 1.56399992105779
-3.45466963545601 3.9828298056008 0.692667261941475 -2.88430660717196 4.01780957365265 1.14259666715221 -2.29631131002669 4.26870365120163 0.474001107037246 -2.88784880240776 4.23383221264885 -5.41825185556965e-05
-1.34333421891124 -1.49170621837464 0.686495549149511 -1.26368310586823 -1.57487988388311 0.000234067669546896 -0.653713922262259 -1.49828483216576 0.0477409962926892 -0.714213632623937 -1.40616563867832 0.784094381186952
-0.714213632623937 -1.40616563867832 0.784094381186952 -0.66150532087898 -1.11488989127415 1.46728182797378 -1.32260073474301 -1.18363930116047 1.48163818933205 -1.35426400953516 -1.45055297576477 0.851089290388795
-1.48880147086277 -0.798370873593678 2.02367258341682 -1.32260073474301 -1.18363930116047 1.48163818933205 -0.666547346560048 -1.06846483315319 1.54424871083891 -0.822312422349261 -0.641960878001903 2.12413786486019
-0.822312422349261 -0.641960878001903 2.12413786486019 -0.794245781872506 -0.0539445280820576 2.56671106053182 -1.38426457023015 -0.0879391791363116 2.59355134262093 -1.5053933325852 -0.66951709046276 2.16405535022393
-1.69396057181578 0.525393502062894 2.8490548337252 -1.38426457023015 -0.0879391791363116 2.59355134262093 -0.82352365542982 0.285380708282204 2.71187451024881 -1.24222633012387 0.840569807279268 2.95008735382562
-1.24222633012387 0.840569807279268 2.95008735382562 -0.92870947992332 1.50475718817063 2.97930950814763 -1.48005993111088 1.77777958200501 2.98901395360884 -1.7837672780885 1.13437376324701 2.9607022599341
-1.98308692035654 2.26030954834861 2.8436197306442 -1.48005993111088 1.77777958200501 2.98901395360884 -0.977083709211017 2.24174351414984 2.8662583612913 -1.52444215218933 2.73423261951175 2.71728075104948
-1.52444215218933 2.73423261951175 2.71728075104948 -1.07163194349911 3.23957737919195 2.39489824265327 -1.67488583818227 3.57503102142363 2.10113843645497 -2.13557277324834 3.0821477571896 2.41389061780001
-2.23540974558446 3.80363748792906 1.66924439638213 -1.67488583818227 3.57503102142363 2.10113843645497 -1.11573711907408 3.98355386185194 1.57186077253405 -1.6716596562509 4.2038617335023 1.15320082817844
-1.6716596562509 4.2038617335023 1.15320082817844 -1.17844396955691 4.3484110682163 0.634833009313301 -1.82436520591905 4.40287091865596 0.000344844676000319 -2.29631131002669 4.26870365120163 0.474001107037246
-0.0391127212707306 -1.4862724739913 -0.000289896325966198 -0.000571556836202042 -1.39076317481998 0.748770890506173 -0.632365562151982 -1.40417530535711 0.784007526037866 -0.653713922262259 -1.49828483216576 0.0477409962926892
-0.66150532087898 -1.11488989127415 1.46728182797378 -0.632365562151982 -1.40417530535711 0.784007526037866 0.000553973167024196 -1.38139622963502 0.785009849106687 0.00118161527477932 -1.07604014695077 1.50355104912734
0.00118161527477932 -1.07604014695077 1.50355104912734 0.00102669025983802 -0.6030975298307 2.12473446770768 -0.697911092195306 -0.627171867925949 2.12499109167572 -0.666547346560048 -1.06846483315319 1.54424871083891
-0.794245781872506 -0.0539445280820576 2.56671106053182 -0.697911092195306 -0.627171867925949 2.12499109167572 0.000883349476490252 -0.562112410854295 2.16665536133184 -0.207263239326996 0.00779842901429184 2.60713758992978
-0.207263239326996 0.00779842901429184 2.60713758992978 -0.000358873913120078 0.673920718978904 2.88024393275533 -0.501990763675772 0.900949207717915 2.96592843328601 -0.82352365542982 0.285380708282204 2.71187451024881
-0.92870947992332 1.50475718817063 2.97930950814763 -0.501990763675772 0.900949207717915 2.96592843328601 -0.000302649356074397 1.25540043499615 2.98943794200636 -0.419543085987812 1.84947348070917 3.00260136447616
-0.419543085987812 1.84947348070917 3.00260136447616 -0.000528100195005394 2.42568265355213 2.85807152217286 -0.592684967132754 2.82316747728578 2.71865220793347 -0.977083709211017 2.24174351414984 2.8662583612913
-1.07163194349911 3.23957737919195 2.39489824265327 -0.592684967132754 2.82316747728578 2.71865220793347 0.000429927968728854 3.23894849367424 2.45464876646693 -0.518323165372338 3.66584926453138 2.12125469411216
-0.518323165372338 3.66584926453138 2.12125469411216 -4.76439854867509e-05 3.99318720046415 1.69026642150488 -0.585671180410439 4.32148140746449 1.12632409494829 -1.11573711907408 3.98355386185194 1.57186077253405
-1.17844396955691 4.3484110682163 0.634833009313301 -0.585671180410439 4.32148140746449 1.12632409494829 0.000369261769291512 4.46729033608164 0.530201850691709 -0.549274931736821 4.50414903782731 0.000288074928283343
-0.000571556836202042 -1.39076317481998 0.748770890506173 0.0391057956595134 -1.4862724739913 -0.000289896325966198 0.653706996651041 -1.49828483216576 0.0477409962926892 0.632358636540764 -1.40417530535711 0.784007526037866
0.632358636540764 -1.40417530535711 0.784007526037866 0.661498395267762 -1.11488989127415 1.46728182797378 -0.00118854088599653 -1.07604014695077 1.50355104912734 0.000553973167024196 -1.38139622963502 0.785009849106687
0.00102669025983802 -0.6030975298307 2.12473446770768 -0.00118854088599653 -1.07604014695077 1.50355104912734 0.66654042094883 -1.06846483315319 1.54424871083891 0.697904166584089 -0.627171867925949 2.12499109167572
0.697904166584089 -0.627171867925949 2.12499109167572 0.794238856261288 -0.0539445280820576 2.56671106053182 0.207256313715779 0.00779842901429184 2.60713758992978 0.000883349476490252 -0.562112410854295 2.16665536133184
-0.000358873913120078 0.673920718978904 2.88024393275533 0.207256313715779 0.00779842901429184 2.60713758992978 0.823516729818602 0.285380708282204 2.71187451024881 0.501983838064555 0.900949207717915 2.96592843328601
0.501983838064555 0.900949207717915 2.96592843328601 0.928702554312103 1.50475718817063 2.97930950814763 0.419536160376594 1.84947348070917 3.00260136447616 -0.000302649356074397 1.25540043499615 2.98943794200636
-0.000528100195005394 2.42568265355213 2.85807152217286 0.419536160376594 1.84947348070917 3.00260136447616 0.977076783599799 2.24174351414984 2.8662583612913 0.592678041521537 2.82316747728579 2.71865220793347
0.592678041521537 2.82316747728579 2.71865220793347 1.07162501788789 3.23957737919195 2.39489824265327 0.518316239761121 3.66584926453138 2.12125469411216 0.000429927968728854 3.23894849367424 2.45464876646693
-4.76439854867509e-05 3.99318720046415 1.69026642150488 0.518316239761121 3.66584926453138 2.12125469411216 1.11573019346286 3.98355386185194 1.57186077253405 0.585664254799223 4.32148140746449 1.12632409494829
0.585664254799223 4.32148140746449 1.12632409494829 1.17843704394569 4.3484110682163 0.634833009313301 0.549268006125604 4.50414903782731 0.000288074928283343 0.000369261769291512 4.46729033608164 0.530201850691709
1.26367618025702 -1.57487988388312 0.000234067669546896 1.34332729330003 -1.49170621837464 0.686495549149511 0.71420670701272 -1.40616563867832 0.784094381186952 0.653706996651041 -1.49828483216576 0.0477409962926892
0.661498395267762 -1.11488989127415 1.46728182797378 0.71420670701272 -1.40616563867832 0.784094381186952 1.35425708392394 -1.45055297576477 0.851089290388795 1.3225938091318 -1.18363930116047 1.48163818933205
1.3225938091318 -1.18363930116047 1.48163818933205 1.48879454525155 -0.798370873593678 2.02367258341682 0.822305496738044 -0.641960878001903 2.12413786486019 0.66654042094883 -1.06846483315319 1.54424871083891
0.794238856261288 -0.0539445280820576 2.56671106053182 0.822305496738044 -0.641960878001903 2.12413786486019 1.50538640697398 -0.66951709046276 2.16405535022393 1.38425764461894 -0.0879391791363116 2.59355134262093
1.38425764461894 -0.0879391791363116 2.59355134262093 1.69395364620456 0.525393502062892 2.8490548337252 1.24221940451266 0.840569807279268 2.95008735382562 0.823516729818602 0.285380708282204 2.71187451024881
0.928702554312103 1.50475718817063 2.97930950814763 1.24221940451266 0.840569807279268 2.95008735382562 1.78376035247728 1.13437376324701 2.9607022599341 1.48005300549966 1.77777958200501 2.98901395360884
1.48005300549966 1.77777958200501 2.98901395360884 1.98307999474532 2.26030954834861 2.8436197306442 1.52443522657812 2.73423261951175 2.71728075104948 0.977076783599799 2.24174351414984 2.8662583612913
1.07162501788789 3.23957737919195 2.39489824265327 1.52443522657812 2.73423261951175 2.71728075104948 2.13556584763712 3.0821477571896 2.41389061780001 1.67487891257105 3.57503102142363 2.10113843645497
1.67487891257105 3.57503102142363 2.10113843645497 2.23540281997325 3.80363748792906 1.66924439638213 1.67165273063968 4.2038617335023 1.15320082817844 1.11573019346286 3.98355386185194 1.57186077253405
1.17843704394569 4.3484110682163 0.634833009313301 1.67165273063968 4.2038617335023 1.15320082817844 2.29630438441547 4.26870365120163 0.474001107037246 1.82435828030784 4.40287091865596 0.000344844676000319
1.34332729330003 -1.49170621837464 0.686495549149511 1.43233737272716 -1.60048163075322 -0.000620624941897345 2.06702194125344 -1.71622465725818 0.0826870584561941 1.97164506332952 -1.60859696827023 0.751214622092914
1.97164506332952 -1.60859696827023 0.751214622092914 2.14301043551563 -1.38545393501254 1.37447373741236 1.54786796105727 -1.22887854678705 1.48095961262482 1.35425708392394 -1.45055297576477 0.851089290388795
1.48879454525155 -0.798370873593678 2.02367258341682 1.54786796105727 -1.22887854678705 1.48095961262482 2.17227972687208 -1.26182536747613 1.58735264972832 2.16982140744262 -0.833626031088315 2.14073187791806
2.16982140744262 -0.833626031088315 2.14073187791806 2.38820855875396 -0.316841224937493 2.55885428937769 1.81624830189739 -0.156050790267987 2.59344496206322 1.50538640697398 -0.66951709046276 2.16405535022393
1.69395364620456 0.525393502062892 2.8490548337252 1.81624830189739 -0.156050790267987 2.59344496206322 2.48472682867339 0.0697622688812398 2.7314389372594 2.21677112953791 0.696007091375249 2.95469649338612
2.21677112953791 0.696007091375249 2.95469649338612 2.75420768756862 1.16935754341262 2.98515572170036 2.34151645892384 1.6256208842924 2.99230755826852 1.78376035247728 1.13437376324701 2.9607022599341
1.98307999474532 2.26030954834861 2.8436197306442 2.34151645892384 1.6256208842924 2.99230755826852 2.93535818651179 1.9201775541366 2.87385080305637 2.58070782506175 2.54381508012628 2.72792502366445
2.58070782506175 2.54381508012628 2.72792502366445 3.15350554335699 2.87900819017678 2.41882428416149 2.72042403242601 3.42614706034277 2.09706362779165 2.13556584763712 3.0821477571896 2.41389061780001
2.23540281997325 3.80363748792906 1.66924439638213 2.72042403242601 3.42614706034277 2.09706362779165 3.34819615048248 3.64876567883696 1.56399992105779 2.88429968156075 4.01780957365265 1.14259666715221
2.88429968156075 4.01780957365265 1.14259666715221 3.45466270984479 3.9828298056008 0.692667261941475 2.88784187679654 4.23383221264885 -5.41825185556965e-05 2.29630438441547 4.26870365120163 0.474001107037246
2.68676097159881 -1.89603417046217 0.000510340308941169 2.77620499744181 -1.82806987668857 0.664752073079639 2.17136682372119 -1.65188635833187 0.750551211512788 2.06702194125344 -1.71622465725818 0.0826870584561941
2.14301043551563 -1.38545393501254 1.37447373741236 2.17136682372119 -1.65188635833187 0.750551211512788 2.7904290394455 -1.78220155411273 0.858016798391052 2.74543703322759 -1.51154361458951 1.48046312392108
2.74543703322759 -1.51154361458951 1.48046312392108 2.99305770347249 -1.16103924896467 2.00824193061343 2.37424699047976 -0.878895273135727 2.13932730330826 2.17227972687208 -1.26182536747613 1.58735264972832
2.38820855875396 -0.316841224937493 2.55885428937769 2.37424699047976 -0.878895273135727 2.13932730330826 3.03958176002184 -1.01860921650172 2.17520142906028 2.96937867592156 -0.441606180487716 2.58821728618556
2.96937867592156 -0.441606180487716 2.58821728618556 3.37384739142306 0.0909300295072715 2.83570994043394 2.99588402652415 0.505380661996725 2.95333940338079 2.48472682867339 0.0697622688812398 2.7314389372594
2.75420768756862 1.16935754341262 2.98515572170036 2.99588402652415 0.505380661996725 2.95333940338079 3.58240190511089 0.692628625616893 2.95701156385115 3.32969565034763 1.38690802357776 2.99032083155673
3.32969565034763 1.38690802357776 2.99032083155673 3.92033963546945 1.80696388394434 2.84305774971902 3.56017054202446 2.32166038448402 2.72937227470734 2.93535818651179 1.9201775541366 2.87385080305637
3.15350554335699 2.87900819017678 2.41882428416149 3.56017054202446 2.32166038448402 2.72937227470734 4.20624614808061 2.61513624590383 2.39592619553195 3.79466549917074 3.15561492138141 2.09811715176291
3.79466549917074 3.15561492138141 2.09811715176291 4.42214594974017 3.25359855502107 1.71487631253969 3.95751018592499 3.75664493787566 1.17360123017922 3.34819615048248 3.64876567883696 1.56399992105779
3.45466270984479 3.9828298056008 0.692667261941475 3.95751018592499 3.75664493787566 1.17360123017922 4.53960386440078 3.7408388761164 0.446075389273118 4.07358064105138 3.95056720986592 -0.000189726840485388
2.77620499744181 -1.82806987668857 0.664752073079639 2.85803538175609 -1.95189966188462 -0.000767949183383222 3.45313485235966 -2.1625044491768 0.0997844806685523 3.36912949419257 -2.03935818026227 0.754359472908539
3.36912949419257 -2.03935818026227 0.754359472908539 3.56865007932165 -1.8477746406076 1.36606042008158 3.0115834444499 -1.59449986458213 1.47837698579305 2.7904290394455 -1.78220155411273 0.858016798391052
2.99305770347249 -1.16103924896467 2.00824193061343 3.0115834444499 -1.59449986458213 1.47837698579305 3.62541729636897 -1.72133031816286 1.60161660585959 3.65865686484586 -1.29970067902513 2.14039817237557
3.65865686484586 -1.29970067902513 2.14039817237557 3.94976890336862 -0.831835824854005 2.54723714365239 3.40650924932505 -0.572426912015517 2.58675256075375 3.03958176002184 -1.01860921650172 2.17520142906028
3.37384739142306 0.0909300295072715 2.83570994043394 3.40650924932505 -0.572426912015517 2.58675256075375 4.1060364348122 -0.466102845201354 2.72629179933398 3.92797513884017 0.183120531516112 2.94931153969981
3.92797513884017 0.183120531516112 2.94931153969981 4.49815991653053 0.603370039019088 2.98415448742124 4.17640838937553 1.13043576204471 2.99330667180036 3.58240190511089 0.692628625616893 2.95701156385115
3.92033963546945 1.80696388394434 2.84305774971902 4.17640838937553 1.13043576204471 2.99330667180036 4.81926849530387 1.28883651365268 2.8781006500884 4.52401260818109 1.9801526099425 2.72841426722985
4.52401260818109 1.9801526099425 2.72841426722985 5.18245203788232 2.22667201926525 2.42315111338051 4.85113998698997 2.82115744379034 2.1194873218785 4.20624614808061 2.61513624590383 2.39592619553195
4.42214594974017 3.25359855502107 1.71487631253969 4.85113998698997 2.82115744379034 2.1194873218785 5.48912466399131 2.97110495856828 1.54901075426638 5.06205277457138 3.40520302164764 1.14089366514028
5.06205277457138 3.40520302164764 1.14089366514028 5.64996809383161 3.26932977381574 0.724618411593985 5.15273202798229 3.60160520650977 -0.000283897830580785 4.53960386440078 3.7408388761164 0.446075389273118
4.02296008489963 -2.43475755320205 0.000860966862314134 4.14335824650744 -2.39084652508201 0.65068235090901 3.57405156810045 -2.1179704509344 0.7552046398089 3.45313485235966 -2.1625044491768 0.0997844806685523
3.56865007932165 -1.8477746406076 1.36606042008158 3.57405156810045 -2.1179704509344 0.7552046398089 4.16293644807897 -2.35246512357795 0.863314448517828 4.13852291309634 -2.07671706480665 1.46564283188129
4.13852291309634 -2.07671706480665 1.46564283188129 4.4346975649459 -1.77577860544695 1.97667041989561 3.88793228433312 -1.3818481690174 2.1390272872318 3.62541729636897 -1.72133031816286 1.60161660585959
3.94976890336862 -0.831835824854005 2.54723714365239 3.88793228433312 -1.3818481690174 2.1390272872318 4.51045034340128 -1.639554175104 2.16635166846893 4.51288699382091 -1.04484163761211 2.58611852911739
4.51288699382091 -1.04484163761211 2.58611852911739 4.98564633206804 -0.551604053501736 2.83733208970278 4.66296097950759 -0.086675972715156 2.95060938576252 4.1060364348122 -0.466102845201354 2.72629179933398
4.49815991653053 0.603370039019088 2.98415448742124 4.66296097950759 -0.086675972715156 2.95060938576252 5.28602448654376 -0.0474721594745109 2.955529513989 5.10912011469206 0.693245494500598 2.9916339422763
5.10912011469206 0.693245494500598 2.9916339422763 5.76457505737839 1.05369512602724 2.84427027786855 5.46765032436104 1.61959333813037 2.73845600668621 4.81926849530387 1.28883651365268 2.8781006500884
5.18245203788232 2.22667201926525 2.42315111338051 5.46765032436104 1.61959333813037 2.73845600668621 6.16781707777024 1.7754507796019 2.41893064101727 5.83416671571845 2.40083320810897 2.10640502430456
5.83416671571845 2.40083320810897 2.10640502430456 6.49869785061525 2.40820060094304 1.7083572275764 6.11614791871784 2.96706495735638 1.18805651694282 5.48912466399131 2.97110495856828 1.54901075426638
5.64996809383161 3.26932977381574 0.724618411593985 6.11614791871784 2.96706495735638 1.18805651694282 6.68161097409494 2.86827301844666 0.439879178405057 6.23811041246428 3.15551953034339 0.000553573473969836
4.14335824650744 -2.39084652508201 0.65068235090901 4.21092869297239 -2.53146655980649 0.000199100659719097 4.7559357537232 -2.83493151501368 0.1047084483358 4.69474711946973 -2.6978168163821 0.756682061775048
4.69474711946973 -2.6978168163821 0.756682061775048 4.92796238820348 -2.53947610250144 1.36343812181233 4.40701385863732 -2.20244416613595 1.46522942872552 4.16293644807897 -2.35246512357795 0.863314448517828
4.4346975649459 -1.77577860544695 1.97667041989561 4.40701385863732 -2.20244416613595 1.46522942872552 4.99531941370385 -2.42247654599321 1.61465005177902 5.06564882955152 -2.02021850407616 2.12714527591156
5.06564882955152 -2.02021850407616 2.12714527591156 5.39048536806177 -1.60288697603173 2.51408796516759 4.88917325535004 -1.20715844932111 2.58281402844758 4.51045034340128 -1.639554175104 2.16635166846893
4.98564633206804 -0.551604053501736 2.83733208970278 4.88917325535004 -1.20715844932111 2.58281402844758 5.56060469813888 -1.35648059163559 2.67485780232722 5.55070492705451 -0.61262745236953 2.93783329221848
5.55070492705451 -0.61262745236953 2.93783329221848 6.1974682653473 -0.162741840877752 2.98109545641953 5.87368394756973 0.361301113150848 2.99483627162009 5.28602448654376 -0.0474721594745109 2.955529513989
5.76457505737839 1.05369512602724 2.84427027786855 5.87368394756973 0.361301113150848 2.99483627162009 6.5598418258048 0.352694470757053 2.89337947016276 6.4020288410277 1.0970709043876 2.73762662516502
6.4020288410277 1.0970709043876 2.73762662516502 7.09128851362103 1.26894369781181 2.42355510672047 6.82924973719677 1.91162484600395 2.13413950764408 6.16781707777024 1.7754507796019 2.41893064101727
6.49869785061525 2.40820060094304 1.7083572275764 6.82924973719677 1.91162484600395 2.13413950764408 7.50797451671011 1.93311341060071 1.58276746732002 7.14336159930895 2.4538771646291 1.15004823688878
7.14336159930895 2.4538771646291 1.15004823688878 7.71634512442796 2.23437330384962 0.686484575512962 7.26930842473825 2.63533090358831 3.79005217859969e-06 6.68161097409494 2.86827301844666 0.439879178405057
5.26916936836771 -3.18930875850263 -0.000428832183105673 5.40006709779783 -3.16440443512945 0.665899116025009 4.89159398887721 -2.81541772849331 0.757383522179501 4.7559357537232 -2.83493151501368 0.1047084483358
4.92796238820348 -2.53947610250144 1.36343812181233 4.89159398887721 -2.81541772849331 0.757383522179501 5.42079682664375 -3.13066743474287 0.876066462501485 5.45858102284215 -2.853538504579 1.48651539991213
5.45858102284215 -2.853538504579 1.48651539991213 5.8152620433301 -2.60175509212407 1.99667198488513 5.30483872655046 -2.13641497814245 2.12793872144367 4.99531941370385 -2.42247654599321 1.61465005177902
5.39048536806177 -1.60288697603173 2.51408796516759 5.30483872655046 -2.13641497814245 2.12793872144367 5.8983632463904 -2.47964981303209 2.19154704789922 5.9425677537693 -1.9263979652975 2.57051310755441
5.9425677537693 -1.9263979652975 2.57051310755441 6.34807238370735 -1.44788057311351 2.81185095158573 6.08572299061622 -0.897373330511405 2.93515101408444 5.56060469813888 -1.35648059163559 2.67485780232722
6.1974682653473 -0.162741840877752 2.98109545641953 6.08572299061622 -0.897373330511405 2.93515101408444 6.68601391579723 -1.04045851951437 2.94867599841508 6.80017721050856 -0.289932138818601 2.99560574723421
6.80017721050856 -0.289932138818601 2.99560574723421 7.46646036371223 0.0429284734454409 2.84134618232502 7.21065140810051 0.63517889491577 2.75152897232131 6.5598418258048 0.352694470757053 2.89337947016276
7.09128851362103 1.26894369781181 2.42355510672047 7.21065140810051 0.63517889491577 2.75152897232131 7.99575286182874 0.636752321894777 2.43889426158211 7.78159147517451 1.3058830493439 2.12761251388356
7.78159147517451 1.3058830493439 2.12761251388356 8.41879543967273 1.24355561554723 1.70266110344314 8.1365723698624 1.85760826101516 1.18053426126617 7.50797451671011 1.93311341060071 1.58276746732002
7.71634512442796 2.23437330384962 0.686484575512962 8.1365723698624 1.85760826101516 1.18053426126617 8.69268322387162 1.64091350462357 0.536789967203185 8.27861024483697 2.02298201396105 0.000163727580839821
5.40006709779783 -3.16440443512945 0.665899116025009 5.44002047628565 -3.31568679066472 0.000193035052682776 5.91478448939084 -3.69190559128761 0.063785597178128 5.88492559080392 -3.54061695602272 0.775819173847989
5.88492559080392 -3.54061695602272 0.775819173847989 6.16578738284267 -3.40506786179866 1.43423751819029 5.69478240106086 -3.01829953693484 1.48113518367188 5.42079682664375 -3.13066743474287 0.876066462501485
5.8152620433301 -2.60175509212407 1.99667198488513 5.69478240106086 -3.01829953693484 1.48113518367188 6.21112236155638 -3.33459515360555 1.59616848680879 6.41124358375222 -2.93788229984409 2.15831609737585
6.41124358375222 -2.93788229984409 2.15831609737585 6.82311515035062 -2.51307004426556 2.56246441763622 6.30995068973722 -2.09008139117989 2.57642634368255 5.8983632463904 -2.47964981303209 2.19154704789922
6.34807238370735 -1.44788057311351 2.81185095158573 6.30995068973722 -2.09008139117989 2.57642634368255 7.02315773113733 -2.16488918434851 2.76442106944639 6.93775502819481 -1.60386745141413 2.93445078216063
6.93775502819481 -1.60386745141413 2.93445078216063 7.45643113807937 -1.32024569256418 2.97295868008415 7.34333154762233 -0.68102456113615 2.99745515296317 6.68601391579723 -1.04045851951437 2.94867599841508
7.46646036371223 0.0429284734454409 2.84134618232502 7.34333154762233 -0.68102456113615 2.99745515296317 8.03496979974958 -0.868667737818017 2.92288352920677 8.09020908424723 -0.132687618106596 2.77529797496981
8.09020908424723 -0.132687618106596 2.77529797496981 8.77615300425671 -0.074778578766761 2.47095106478985 8.70149814149758 0.674940987495352 2.13617230238232 7.99575286182874 0.636752321894777 2.43889426158211
8.41879543967273 1.24355561554723 1.70266110344314 8.70149814149758 0.674940987495352 2.13617230238232 9.34582311052472 0.548913451064848 1.67133862126954 9.07789269871325 1.16437921577032 1.1654006639246
9.07789269871325 1.16437921577032 1.1654006639246 9.64075505709919 0.841267177430421 0.631226001564535 9.25841181271305 1.31616146050879 -0.000127536706749651 8.69268322387162 1.64091350462357 0.536789967203185
6.35269721581796 -4.11044067184764 0.000175373892847686 6.43367709918115 -4.05195935075461 0.762617679957477 6.01007370722554 -3.65537775131035 0.776917478923433 5.91478448939084 -3.69190559128761 0.063785597178128
6.16578738284267 -3.40506786179866 1.43423751819029 6.01007370722554 -3.65537775131035 0.776917478923433 6.44934233706221 -4.03629411287355 0.841949472890153 6.63305012651196 -3.7815691298009 1.55062964312326
6.63305012651196 -3.7815691298009 1.55062964312326 7.00972209591249 -3.47591435402327 2.15521911050708 6.61301281796116 -3.09380521605438 2.16309023040646 6.21112236155638 -3.33459515360555 1.59616848680879
6.82311515035062 -2.51307004426556 2.56246441763622 6.61301281796116 -3.09380521605438 2.16309023040646 7.17668494757527 -3.30895150236049 2.3613102805947 7.39766793670386 -2.80372895854777 2.72937326898863
7.39766793670386 -2.80372895854777 2.72937326898863 7.96802828688684 -2.51760816304892 2.90941736197505 7.41610552601857 -1.84357449754902 2.91148336293325 7.02315773113733 -2.16488918434851 2.76442106944639
7.45643113807937 -1.32024569256418 2.97295868008415 7.41610552601857 -1.84357449754902 2.91148336293325 7.97746030501575 -2.50817614492001 2.91277141021905 8.04887151513308 -1.58225532842011 3.0215439547149
8.04887151513308 -1.58225532842011 3.0215439547149 8.9754136948745 -1.51022275506126 2.91864990302691 8.91644785106843 -0.870192756674285 2.83481357245908 8.03496979974958 -0.868667737818017 2.92288352920677
8.77615300425671 -0.074778578766761 2.47095106478985 8.91644785106843 -0.870192756674285 2.83481357245908 9.66418017433705 -0.821456275598711 2.49404283574443 9.53509935963334 -0.0701220075930973 2.14891333513287
9.53509935963334 -0.0701220075930973 2.14891333513287 10.2253122181331 -0.260324231802636 1.71586654454961 10.0073055310565 0.4053364486922 1.21559197810536 9.34582311052472 0.548913451064848 1.67133862126954
9.64075505709919 0.841267177430421 0.631226001564535 10.0073055310565 0.4053364486922 1.21559197810536 10.5636505977622 0.0780141478264778 0.601765448735191 10.17121461091 0.539322146080575 0.000543827849758248
-6.43368402479237 -4.05195935075461 -0.762617679957477 -6.01008063283675 -3.65537775131035 -0.776917478923433 -5.91479141500206 -3.69190559128761 -0.0637855971781278 -6.35270414142918 -4.11044067184764 -0.000175373892847502
-6.01008063283675 -3.65537775131035 -0.776917478923433 -6.44934926267343 -4.03629411287355 -0.841949472890152 -6.63305705212318 -3.7815691298009 -1.55062964312326 -6.16579430845388 -3.40506786179866 -1.43423751819029
-7.00972902152371 -3.47591435402327 -2.15521911050708 -6.61301974357237 -3.09380521605438 -2.16309023040646 -6.2111292871676 -3.33459515360554 -1.59616848680879 -6.63305705212318 -3.7815691298009 -1.55062964312326
-6.61301974357237 -3.09380521605438 -2.16309023040646 -7.17669187318649 -3.30895150236048 -2.3613102805947 -7.39767486231507 -2.80372895854776 -2.72937326898863 -6.82312207596184 -2.51307004426556 -2.56246441763622
-7.96803521249805 -2.51760816304892 -2.90941736197505 -7.41611245162979 -1.84357449754902 -2.91148336293325 -7.02316465674855 -2.16488918434851 -2.76442106944639 -7.39767486231507 -2.80372895854776 -2.72937326898863
-7.41611245162979 -1.84357449754902 -2.91148336293325 -7.97746723062697 -2.50817614492001 -2.91277141021905 -8.0488784407443 -1.58225532842011 -3.0215439547149 -7.45643806369059 -1.32024569256417 -2.97295868008415
-8.97542062048572 -1.51022275506125 -2.91864990302691 -8.91645477667965 -0.870192756674284 -2.83481357245908 -8.03497672536079 -0.868667737818015 -2.92288352920677 -8.0488784407443 -1.58225532842011 -3.0215439547149
-8.91645477667965 -0.870192756674284 -2.83481357245908 -9.66418709994827 -0.821456275598711 -2.49404283574443 -9.53510628524456 -0.0701220075930955 -2.14891333513287 -8.77615992986793 -0.074778578766761 -2.47095106478985
-10.2253191437443 -0.260324231802635 -1.71586654454961 -10.0073124566677 0.405336448692202 -1.21559197810536 -9.34583003613594 0.54891345106485 -1.67133862126954 -9.53510628524456 -0.0701220075930955 -2.14891333513287
-10.0073124566677 0.405336448692202 -1.21559197810536 -10.5636575233735 0.0780141478264795 -0.601765448735191 -10.1712215365212 0.539322146080577 -0.000543827849758064 -9.64076198271041 0.841267177430423 -0.631226001564535
-5.44002740189687 -3.31568679066471 -0.000193035052682591 -5.91479141500206 -3.69190559128761 -0.0637855971781278 -5.88493251641514 -3.54061695602272 -0.775819173847989 -5.40007402340905 -3.16440443512945 -0.665899116025009
-6.16579430845388 -3.40506786179866 -1.43423751819029 -5.69478932667208 -3.01829953693484 -1.48113518367188 -5.42080375225497 -3.13066743474287 -0.876066462501485 -5.88493251641514 -3.54061695602272 -0.775819173847989
-5.69478932667208 -3.01829953693484 -1.48113518367188 -6.2111292871676 -3.33459515360554 -1.59616848680879 -6.41125050936344 -2.93788229984409 -2.15831609737585 -5.81526896894132 -2.60175509212407 -1.99667198488513
-6.82312207596184 -2.51307004426556 -2.56246441763622 -6.30995761534844 -2.09008139117989 -2.57642634368255 -5.89837017200162 -2.47964981303208 -2.19154704789922 -6.41125050936344 -2.93788229984409 -2.15831609737585
-6.30995761534844 -2.09008139117989 -2.57642634368255 -7.02316465674855 -2.16488918434851 -2.76442106944639 -6.93776195380603 -1.60386745141413 -2.93445078216063 -6.34807930931857 -1.44788057311351 -2.81185095158573
-7.45643806369059 -1.32024569256417 -2.97295868008415 -7.34333847323355 -0.681024561136148 -2.99745515296317 -6.68602084140845 -1.04045851951436 -2.94867599841508 -6.93776195380603 -1.60386745141413 -2.93445078216063
-7.34333847323355 -0.681024561136148 -2.99745515296317 -8.03497672536079 -0.868667737818015 -2.92288352920677 -8.09021600985845 -0.132687618106594 -2.77529797496981 -7.46646728932344 0.0429284734454427 -2.84134618232502
-8.77615992986793 -0.074778578766761 -2.47095106478985 -8.7015050671088 0.674940987495354 -2.13617230238232 -7.99575978743995 0.636752321894779 -2.43889426158211 -8.09021600985845 -0.132687618106594 -2.77529797496981
-8.7015050671088 0.674940987495354 -2.13617230238232 -9.34583003613594 0.54891345106485 -1.67133862126954 -9.07789962432446 1.16437921577032 -1.1654006639246 -8.41880236528395 1.24355561554723 -1.70266110344314
-9.64076198271041 0.841267177430423 -0.631226001564535 -9.25841873832427 1.31616146050879 0.000127536706749836 -8.69269014948284 1.64091350462357 -0.536789967203185 -9.07789962432446 1.16437921577032 -1.1654006639246
-5.40007402340905 -3.16440443512945 -0.665899116025009 -4.89160091448842 -2.81541772849331 -0.757383522179501 -4.75594267933442 -2.83493151501367 -0.104708448335799 -5.26917629397893 -3.18930875850263 0.000428832183105857
-4.89160091448842 -2.81541772849331 -0.757383522179501 -5.42080375225497 -3.13066743474287 -0.876066462501485 -5.45858794845337 -2.853538504579 -1.48651539991213 -4.9279693138147 -2.53947610250144 -1.36343812181233
-5.81526896894132 -2.60175509212407 -1.99667198488513 -5.30484565216168 -2.13641497814245 -2.12793872144367 -4.99532633931507 -2.42247654599321 -1.61465005177902 -5.45858794845337 -2.853538504579 -1.48651539991213
-5.30484565216168 -2.13641497814245 -2.12793872144367 -5.89837017200162 -2.47964981303208 -2.19154704789922 -5.94257467938052 -1.9263979652975 -2.57051310755441 -5.39049229367298 -1.60288697603173 -2.51408796516759
-6.34807930931857 -1.44788057311351 -2.81185095158573 -6.08572991622743 -0.897373330511405 -2.93515101408444 -5.56061162375009 -1.35648059163559 -2.67485780232722 -5.94257467938052 -1.9263979652975 -2.57051310755441
-6.08572991622743 -0.897373330511405 -2.93515101408444 -6.68602084140845 -1.04045851951436 -2.94867599841508 -6.80018413611978 -0.2899321388186 -2.99560574723421 -6.19747519095851 -0.162741840877748 -2.98109545641953
-7.46646728932344 0.0429284734454427 -2.84134618232502 -7.21065833371172 0.635178894915772 -2.75152897232131 -6.55984875141602 0.352694470757054 -2.89337947016276 -6.80018413611978 -0.2899321388186 -2.99560574723421
-7.21065833371172 0.635178894915772 -2.75152897232131 -7.99575978743995 0.636752321894779 -2.43889426158211 -7.78159840078573 1.3058830493439 -2.12761251388356 -7.09129543923225 1.26894369781181 -2.42355510672047
-8.41880236528395 1.24355561554723 -1.70266110344314 -8.13657929547362 1.85760826101516 -1.18053426126617 -7.50798144232133 1.93311341060071 -1.58276746732002 -7.78159840078573 1.3058830493439 -2.12761251388356
-8.13657929547362 1.85760826101516 -1.18053426126617 -8.69269014948284 1.64091350462357 -0.536789967203185 -8.27861717044819 2.02298201396105 -0.000163727580839637 -7.71635205003918 2.23437330384962 -0.686484575512962
-4.21093561858361 -2.53146655980649 -0.000199100659718912 -4.75594267933442 -2.83493151501367 -0.104708448335799 -4.69475404508095 -2.6978168163821 -0.756682061775048 -4.14336517211865 -2.39084652508201 -0.65068235090901
-4.9279693138147 -2.53947610250144 -1.36343812181233 -4.40702078424854 -2.20244416613595 -1.46522942872552 -4.16294337369019 -2.35246512357794 -0.863314448517828 -4.69475404508095 -2.6978168163821 -0.756682061775048
-4.40702078424854 -2.20244416613595 -1.46522942872552 -4.99532633931507 -2.42247654599321 -1.61465005177902 -5.06565575516274 -2.02021850407616 -2.12714527591156 -4.43470449055712 -1.77577860544694 -1.97667041989561
-5.39049229367298 -1.60288697603173 -2.51408796516759 -4.88918018096126 -1.20715844932111 -2.58281402844758 -4.51045726901249 -1.639554175104 -2.16635166846893 -5.06565575516274 -2.02021850407616 -2.12714527591156
-4.88918018096126 -1.20715844932111 -2.58281402844758 -5.56061162375009 -1.35648059163559 -2.67485780232722 -5.55071185266573 -0.61262745236953 -2.93783329221848 -4.98565325767926 -0.551604053501736 -2.83733208970278
-6.19747519095851 -0.162741840877748 -2.98109545641953 -5.87369087318095 0.361301113150848 -2.99483627162009 -5.28603141215497 -0.0474721594745109 -2.955529513989 -5.55071185266573 -0.61262745236953 -2.93783329221848
-5.87369087318095 0.361301113150848 -2.99483627162009 -6.55984875141602 0.352694470757054 -2.89337947016276 -6.40203576663891 1.0970709043876 -2.73762662516502 -5.76458198298961 1.05369512602724 -2.84427027786855
-7.09129543923225 1.26894369781181 -2.42355510672047 -6.82925666280799 1.91162484600395 -2.13413950764408 -6.16782400338145 1.7754507796019 -2.41893064101727 -6.40203576663891 1.0970709043876 -2.73762662516502
-6.82925666280799 1.91162484600395 -2.13413950764408 -7.50798144232133 1.93311341060071 -1.58276746732002 -7.14336852492017 2.4538771646291 -1.15004823688878 -6.49870477622647 2.40820060094304 -1.7083572275764
-7.71635205003918 2.23437330384962 -0.686484575512962 -7.26931535034946 2.63533090358831 -3.79005217841534e-06 -6.68161789970616 2.86827301844666 -0.439879178405057 -7.14336852492017 2.4538771646291 -1.15004823688878
-4.14336517211865 -2.39084652508201 -0.65068235090901 -3.57405849371167 -2.11797045093439 -0.7552046398089 -3.45314177797088 -2.1625044491768 -0.0997844806685521 -4.02296701051084 -2.43475755320205 -0.00086096686231395
-3.57405849371167 -2.11797045093439 -0.7552046398089 -4.16294337369019 -2.35246512357794 -0.863314448517828 -4.13852983870756 -2.07671706480665 -1.46564283188129 -3.56865700493286 -1.8477746406076 -1.36606042008158
-4.43470449055712 -1.77577860544694 -1.97667041989561 -3.88793920994434 -1.38184816901739 -2.1390272872318 -3.62542422198019 -1.72133031816286 -1.60161660585959 -4.13852983870756 -2.07671706480665 -1.46564283188129
-3.88793920994434 -1.38184816901739 -2.1390272872318 -4.51045726901249 -1.639554175104 -2.16635166846893 -4.51289391943213 -1.04484163761211 -2.58611852911739 -3.94977582897983 -0.831835824854005 -2.54723714365239
-4.98565325767926 -0.551604053501736 -2.83733208970278 -4.6629679051188 -0.086675972715156 -2.95060938576252 -4.10604336042342 -0.466102845201352 -2.72629179933398 -4.51289391943213 -1.04484163761211 -2.58611852911739
-4.6629679051188 -0.086675972715156 -2.95060938576252 -5.28603141215497 -0.0474721594745109 -2.955529513989 -5.10912704030328 0.6932454945006 -2.9916339422763 -4.49816684214175 0.603370039019088 -2.98415448742124
-5.76458198298961 1.05369512602724 -2.84427027786855 -5.46765724997226 1.61959333813037 -2.73845600668621 -4.81927542091508 1.28883651365268 -2.8781006500884 -5.10912704030328 0.6932454945006 -2.9916339422763
-5.46765724997226 1.61959333813037 -2.73845600668621 -6.16782400338145 1.7754507796019 -2.41893064101727 -5.83417364132967 2.40083320810897 -2.10640502430456 -5.18245896349354 2.22667201926525 -2.42315111338051
-6.49870477622647 2.40820060094304 -1.7083572275764 -6.11615484432906 2.96706495735639 -1.18805651694282 -5.48913158960253 2.97110495856829 -1.54901075426638 -5.83417364132967 2.40083320810897 -2.10640502430456
-6.11615484432906 2.96706495735639 -1.18805651694282 -6.68161789970616 2.86827301844666 -0.439879178405057 -6.2381173380755 3.15551953034339 -0.000553573473969652 -5.64997501944282 3.26932977381574 -0.724618411593985
-2.85804230736731 -1.95189966188462 0.000767949183383407 -3.45314177797088 -2.1625044491768 -0.0997844806685521 -3.36913641980378 -2.03935818026227 -0.754359472908539 -2.77621192305303 -1.82806987668857 -0.664752073079639
-3.56865700493286 -1.8477746406076 -1.36606042008158 -3.01159037006112 -1.59449986458213 -1.47837698579305 -2.79043596505672 -1.78220155411273 -0.858016798391052 -3.36913641980378 -2.03935818026227 -0.754359472908539
-3.01159037006112 -1.59449986458213 -1.47837698579305 -3.62542422198019 -1.72133031816286 -1.60161660585959 -3.65866379045708 -1.29970067902513 -2.14039817237557 -2.99306462908371 -1.16103924896467 -2.00824193061343
-3.94977582897983 -0.831835824854005 -2.54723714365239 -3.40651617493627 -0.572426912015517 -2.58675256075375 -3.03958868563306 -1.01860921650172 -2.17520142906028 -3.65866379045708 -1.29970067902513 -2.14039817237557
-3.40651617493627 -0.572426912015517 -2.58675256075375 -4.10604336042342 -0.466102845201352 -2.72629179933398 -3.92798206445139 0.183120531516112 -2.94931153969981 -3.37385431703427 0.0909300295072732 -2.83570994043394
-4.49816684214175 0.603370039019088 -2.98415448742124 -4.17641531498674 1.13043576204471 -2.99330667180036 -3.58240883072211 0.692628625616894 -2.95701156385115 -3.92798206445139 0.183120531516112 -2.94931153969981
-4.17641531498674 1.13043576204471 -2.99330667180036 -4.81927542091508 1.28883651365268 -2.8781006500884 -4.52401953379231 1.9801526099425 -2.72841426722985 -3.92034656108067 1.80696388394434 -2.84305774971902
-5.18245896349354 2.22667201926525 -2.42315111338051 -4.85114691260119 2.82115744379034 -2.1194873218785 -4.20625307369183 2.61513624590384 -2.39592619553195 -4.52401953379231 1.9801526099425 -2.72841426722985
-4.85114691260119 2.82115744379034 -2.1194873218785 -5.48913158960253 2.97110495856829 -1.54901075426638 -5.06205970018259 3.40520302164764 -1.14089366514028 -4.42215287535138 3.25359855502107 -1.71487631253969
-5.64997501944282 3.26932977381574 -0.724618411593985 -5.15273895359351 3.60160520650977 0.00028389783058097 -4.539610790012 3.7408388761164 -0.446075389273118 -5.06205970018259 3.40520302164764 -1.14089366514028
-2.77621192305303 -1.82806987668857 -0.664752073079639 -2.17137374933241 -1.65188635833187 -0.750551211512787 -2.06702886686466 -1.71622465725818 -0.0826870584561939 -2.68676789721002 -1.89603417046217 -0.000510340308940985
-2.17137374933241 -1.65188635833187 -0.750551211512787 -2.79043596505672 -1.78220155411273 -0.858016798391052 -2.74544395883881 -1.51154361458951 -1.48046312392108 -2.14301736112685 -1.38545393501254 -1.37447373741236
-2.99306462908371 -1.16103924896467 -2.00824193061343 -2.37425391609098 -0.878895273135727 -2.13932730330826 -2.1722866524833 -1.26182536747613 -1.58735264972832 -2.74544395883881 -1.51154361458951 -1.48046312392108
-2.37425391609098 -0.878895273135727 -2.13932730330826 -3.03958868563306 -1.01860921650172 -2.17520142906028 -2.96938560153278 -0.441606180487716 -2.58821728618556 -2.38821548436518 -0.316841224937493 -2.55885428937769
-3.37385431703427 0.0909300295072732 -2.83570994043394 -2.99589095213537 0.505380661996725 -2.95333940338079 -2.4847337542846 0.0697622688812398 -2.7314389372594 -2.96938560153278 -0.441606180487716 -2.58821728618556
-2.99589095213537 0.505380661996725 -2.95333940338079 -3.58240883072211 0.692628625616894 -2.95701156385115 -3.32970257595885 1.38690802357776 -2.99032083155673 -2.75421461317984 1.16935754341262 -2.98515572170036
-3.92034656108067 1.80696388394434 -2.84305774971902 -3.56017746763568 2.32166038448402 -2.72937227470734 -2.93536511212301 1.9201775541366 -2.87385080305637 -3.32970257595885 1.38690802357776 -2.99032083155673
-3.56017746763568 2.32166038448402 -2.72937227470734 -4.20625307369183 2.61513624590384 -2.39592619553195 -3.79467242478196 3.15561492138141 -2.09811715176291 -3.15351246896821 2.87900819017678 -2.41882428416149
-4.42215287535138 3.25359855502107 -1.71487631253969 -3.9575171115362 3.75664493787566 -1.17360123017922 -3.3482030760937 3.64876567883696 -1.56399992105779 -3.79467242478196 3.15561492138141 -2.09811715176291
-3.9575171115362 3.75664493787566 -1.17360123017922 -4.539610790012 3.7408388761164 -0.446075389273118 -4.0735875666626 3.95056720986592 0.000189726840485573 -3.45466963545601 3.9828298056008 -0.692667261941475
-1.43234429833838 -1.60048163075322 0.00062062494189753 -2.06702886686466 -1.71622465725818 -0.0826870584561939 -1.97165198894074 -1.60859696827023 -0.751214622092914 -1.34333421891124 -1.49170621837464 -0.686495549149511
-2.14301736112685 -1.38545393501254 -1.37447373741236 -1.54787488666848 -1.22887854678705 -1.48095961262482 -1.35426400953516 -1.45055297576477 -0.851089290388795 -1.97165198894074 -1.60859696827023 -0.751214622092914
-1.54787488666848 -1.22887854678705 -1.48095961262482 -2.1722866524833 -1.26182536747613 -1.58735264972832 -2.16982833305384 -0.833626031088315 -2.14073187791806 -1.48880147086277 -0.798370873593678 -2.02367258341682
-2.38821548436518 -0.316841224937493 -2.55885428937769 -1.81625522750861 -0.156050790267985 -2.59344496206322 -1.5053933325852 -0.66951709046276 -2.16405535022393 -2.16982833305384 -0.833626031088315 -2.14073187791806
-1.81625522750861 -0.156050790267985 -2.59344496206322 -2.4847337542846 0.0697622688812398 -2.7314389372594 -2.21677805514912 0.696007091375249 -2.95469649338612 -1.69396057181578 0.525393502062894 -2.8490548337252
-2.75421461317984 1.16935754341262 -2.98515572170036 -2.34152338453505 1.6256208842924 -2.99230755826852 -1.7837672780885 1.13437376324701 -2.9607022599341 -2.21677805514912 0.696007091375249 -2.95469649338612
-2.34152338453505 1.6256208842924 -2.99230755826852 -2.93536511212301 1.9201775541366 -2.87385080305637 -2.58071475067297 2.54381508012628 -2.72792502366445 -1.98308692035654 2.26030954834861 -2.8436197306442
-3.15351246896821 2.87900819017678 -2.41882428416149 -2.72043095803723 3.42614706034277 -2.09706362779165 -2.13557277324834 3.0821477571896 -2.41389061780001 -2.58071475067297 2.54381508012628 -2.72792502366445
-2.72043095803723 3.42614706034277 -2.09706362779165 -3.3482030760937 3.64876567883696 -1.56399992105779 -2.88430660717196 4.01780957365265 -1.14259666715221 -2.23540974558446 3.80363748792906 -1.66924439638213
-3.45466963545601 3.9828298056008 -0.692667261941475 -2.88784880240776 4.23383221264885 5.41825185558808e-05 -2.29631131002669 4.26870365120163 -0.474001107037245 -2.88430660717196 4.01780957365265 -1.14259666715221
-1.34333421891124 -1.49170621837464 -0.686495549149511 -0.714213632623937 -1.40616563867832 -0.784094381186952 -0.653713922262259 -1.49828483216576 -0.047740996292689 -1.26368310586823 -1.57487988388311 -0.000234067669546711
-0.714213632623937 -1.40616563867832 -0.784094381186952 -1.35426400953516 -1.45055297576477 -0.851089290388795 -1.32260073474301 -1.18363930116047 -1.48163818933205 -0.66150532087898 -1.11488989127415 -1.46728182797378
-1.48880147086277 -0.798370873593678 -2.02367258341682 -0.822312422349261 -0.641960878001903 -2.12413786486019 -0.666547346560048 -1.06846483315319 -1.54424871083891 -1.32260073474301 -1.18363930116047 -1.48163818933205
-0.822312422349261 -0.641960878001903 -2.12413786486019 -1.5053933325852 -0.66951709046276 -2.16405535022393 -1.38426457023015 -0.0879391791363116 -2.59355134262093 -0.794245781872506 -0.0539445280820576 -2.56671106053182
-1.69396057181578 0.525393502062894 -2.8490548337252 -1.24222633012387 0.840569807279268 -2.95008735382562 -0.82352365542982 0.285380708282204 -2.71187451024881 -1.38426457023015 -0.0879391791363116 -2.59355134262093
-1.24222633012387 0.840569807279268 -2.95008735382562 -1.7837672780885 1.13437376324701 -2.9607022599341 -1.48005993111088 1.77777958200501 -2.98901395360884 -0.92870947992332 1.50475718817063 -2.97930950814763
-1.98308692035654 2.26030954834861 -2.8436197306442 -1.52444215218933 2.73423261951175 -2.71728075104948 -0.977083709211017 2.24174351414984 -2.8662583612913 -1.48005993111088 1.77777958200501 -2.98901395360884
-1.52444215218933 2.73423261951175 -2.71728075104948 -2.13557277324834 3.0821477571896 -2.41389061780001 -1.67488583818227 3.57503102142363 -2.10113843645497 -1.07163194349911 3.23957737919195 -2.39489824265327
-2.23540974558446 3.80363748792906 -1.66924439638213 -1.6716596562509 4.2038617335023 -1.15320082817844 -1.11573711907408 3.98355386185194 -1.57186077253405 -1.67488583818227 3.57503102142363 -2.10113843645497
-1.6716596562509 4.2038617335023 -1.15320082817844 -2.29631131002669 4.26870365120163 -0.474001107037245 -1.82436520591905 4.40287091865596 -0.000344844676000134 -1.17844396955691 4.3484110682163 -0.634833009313301
-0.0391127212707306 -1.4862724739913 0.000289896325966383 -0.653713922262259 -1.49828483216576 -0.047740996292689 -0.632365562151982 -1.40417530535711 -0.784007526037866 -0.000571556836202042 -1.39076317481998 -0.748770890506173
-0.66150532087898 -1.11488989127415 -1.46728182797378 0.00118161527477932 -1.07604014695077 -1.50355104912734 0.000553973167024196 -1.38139622963502 -0.785009849106687 -0.632365562151982 -1.40417530535711 -0.784007526037866
0.00118161527477932 -1.07604014695077 -1.50355104912734 -0.666547346560048 -1.06846483315319 -1.54424871083891 -0.697911092195306 -0.627171867925949 -2.12499109167572 0.00102669025983802 -0.6030975298307 -2.12473446770768
-0.794245781872506 -0.0539445280820576 -2.56671106053182 -0.207263239326996 0.00779842901429184 -2.60713758992978 0.000883349476490252 -0.562112410854295 -2.16665536133184 -0.697911092195306 -0.627171867925949 -2.12499109167572
-0.207263239326996 0.00779842901429184 -2.60713758992978 -0.82352365542982 0.285380708282204 -2.71187451024881 -0.501990763675772 0.900949207717915 -2.96592843328601 -0.000358873913120078 0.673920718978904 -2.88024393275533
-0.92870947992332 1.50475718817063 -2.97930950814763 -0.419543085987812 1.84947348070917 -3.00260136447616 -0.000302649356074397 1.25540043499615 -2.98943794200636 -0.501990763675772 0.900949207717915 -2.96592843328601
-0.419543085987812 1.84947348070917 -3.00260136447616 -0.977083709211017 2.24174351414984 -2.8662583612913 -0.592684967132754 2.82316747728578 -2.71865220793347 -0.000528100195005394 2.42568265355213 -2.85807152217286
-1.07163194349911 3.23957737919195 -2.39489824265327 -0.518323165372338 3.66584926453138 -2.12125469411216 0.000429927968728854 3.23894849367424 -2.45464876646693 -0.592684967132754 2.82316747728578 -2.71865220793347
-0.518323165372338 3.66584926453138 -2.12125469411216 -1.11573711907408 3.98355386185194 -1.57186077253405 -0.585671180410439 4.32148140746449 -1.12632409494829 -4.76439854867509e-05 3.99318720046415 -1.69026642150488
-1.17844396955691 4.3484110682163 -0.634833009313301 -0.549274931736821 4.50414903782731 -0.000288074928283158 0.000369261769291512 4.46729033608164 -0.530201850691709 -0.585671180410439 4.32148140746449 -1.12632409494829
-0.000571556836202042 -1.39076317481998 -0.748770890506173 0.632358636540764 -1.40417530535711 -0.784007526037866 0.653706996651041 -1.49828483216576 -0.047740996292689 0.0391057956595134 -1.4862724739913 0.000289896325966383
0.632358636540764 -1.40417530535711 -0.784007526037866 0.000553973167024196 -1.38139622963502 -0.785009849106687 -0.00118854088599653 -1.07604014695077 -1.50355104912734 0.661498395267762 -1.11488989127415 -1.46728182797378
0.00102669025983802 -0.6030975298307 -2.12473446770768 0.697904166584089 -0.627171867925949 -2.12499109167572 0.66654042094883 -1.06846483315319 -1.54424871083891 -0.00118854088599653 -1.07604014695077 -1.50355104912734
0.697904166584089 -0.627171867925949 -2.12499109167572 0.000883349476490252 -0.562112410854295 -2.16665536133184 0.207256313715779 0.00779842901429184 -2.60713758992978 0.794238856261288 -0.0539445280820576 -2.56671106053182
-0.000358873913120078 0.673920718978904 -2.88024393275533 0.501983838064555 0.900949207717915 -2.96592843328601 0.823516729818602 0.285380708282204 -2.71187451024881 0.207256313715779 0.00779842901429184 -2.60713758992978
0.501983838064555 0.900949207717915 -2.96592843328601 -0.000302649356074397 1.25540043499615 -2.98943794200636 0.419536160376594 1.84947348070917 -3.00260136447616 0.928702554312103 1.50475718817063 -2.97930950814763
-0.000528100195005394 2.42568265355213 -2.85807152217286 0.592678041521537 2.82316747728579 -2.71865220793347 0.977076783599799 2.24174351414984 -2.8662583612913 0.419536160376594 1.84947348070917 -3.00260136447616
0.592678041521537 2.82316747728579 -2.71865220793347 0.000429927968728854 3.23894849367424 -2.45464876646693 0.518316239761121 3.66584926453138 -2.12125469411216 1.07162501788789 3.23957737919195 -2.39489824265327
-4.76439854867509e-05 3.99318720046415 -1.69026642150488 0.585664254799223 4.32148140746449 -1.12632409494829 1.11573019346286 3.98355386185194 -1.57186077253405 0.518316239761121 3.66584926453138 -2.12125469411216
0.585664254799223 4.32148140746449 -1.12632409494829 0.000369261769291512 4.46729033608164 -0.530201850691709 0.549268006125604 4.50414903782731 -0.000288074928283158 1.17843704394569 4.3484110682163 -0.634833009313301
1.26367618025702 -1.57487988388312 -0.000234067669546711 0.653706996651041 -1.49828483216576 -0.047740996292689 0.71420670701272 -1.40616563867832 -0.784094381186952 1.34332729330003 -1.49170621837464 -0.686495549149511
0.661498395267762 -1.11488989127415 -1.46728182797378 1.3225938091318 -1.18363930116047 -1.48163818933205 1.35425708392394 -1.45055297576477 -0.851089290388795 0.71420670701272 -1.40616563867832 -0.784094381186952
1.3225938091318 -1.18363930116047 -1.48163818933205 0.66654042094883 -1.06846483315319 -1.54424871083891 0.822305496738044 -0.641960878001903 -2.12413786486019 1.48879454525155 -0.798370873593678 -2.02367258341682
0.794238856261288 -0.0539445280820576 -2.56671106053182 1.38425764461894 -0.0879391791363116 -2.59355134262093 1.50538640697398 -0.66951709046276 -2.16405535022393 0.822305496738044 -0.641960878001903 -2.12413786486019
1.38425764461894 -0.0879391791363116 -2.59355134262093 0.823516729818602 0.285380708282204 -2.71187451024881 1.24221940451266 0.840569807279268 -2.95008735382562 1.69395364620456 0.525393502062892 -2.8490548337252
0.928702554312103 1.50475718817063 -2.97930950814763 1.48005300549966 1.77777958200501 -2.98901395360884 1.78376035247728 1.13437376324701 -2.9607022599341 1.24221940451266 0.840569807279268 -2.95008735382562
1.48005300549966 1.77777958200501 -2.98901395360884 0.977076783599799 2.24174351414984 -2.8662583612913 1.52443522657812 2.73423261951175 -2.71728075104948 1.98307999474532 2.26030954834861 -2.8436197306442
1.07162501788789 3.23957737919195 -2.39489824265327 1.67487891257105 3.57503102142363 -2.10113843645497 2.13556584763712 3.0821477571896 -2.41389061780001 1.52443522657812 2.73423261951175 -2.71728075104948
1.67487891257105 3.57503102142363 -2.10113843645497 1.11573019346286 3.98355386185194 -1.57186077253405 1.67165273063968 4.2038617335023 -1.15320082817844 2.23540281997325 3.80363748792906 -1.66924439638213
1.17843704394569 4.3484110682163 -0.634833009313301 1.82435828030784 4.40287091865596 -0.000344844676000134 2.29630438441547 4.26870365120163 -0.474001107037245 1.67165273063968 4.2038617335023 -1.15320082817844
1.34332729330003 -1.49170621837464 -0.686495549149511 1.97164506332952 -1.60859696827023 -0.751214622092914 2.06702194125344 -1.71622465725818 -0.0826870584561939 1.43233737272716 -1.60048163075322 0.00062062494189753
1.97164506332952 -1.60859696827023 -0.751214622092914 1.35425708392394 -1.45055297576477 -0.851089290388795 1.54786796105727 -1.22887854678705 -1.48095961262482 2.14301043551563 -1.38545393501254 -1.37447373741236
1.48879454525155 -0.798370873593678 -2.02367258341682 2.16982140744262 -0.833626031088315 -2.14073187791806 2.17227972687208 -1.26182536747613 -1.58735264972832 1.54786796105727 -1.22887854678705 -1.48095961262482
2.16982140744262 -0.833626031088315 -2.14073187791806 1.50538640697398 -0.66951709046276 -2.16405535022393 1.81624830189739 -0.156050790267987 -2.59344496206322 2.38820855875396 -0.316841224937493 -2.55885428937769
1.69395364620456 0.525393502062892 -2.8490548337252 2.21677112953791 0.696007091375249 -2.95469649338612 2.48472682867339 0.0697622688812398 -2.7314389372594 1.81624830189739 -0.156050790267987 -2.59344496206322
2.21677112953791 0.696007091375249 -2.95469649338612 1.78376035247728 1.13437376324701 -2.9607022599341 2.34151645892384 1.6256208842924 -2.99230755826852 2.75420768756862 1.16935754341262 -2.98515572170036
1.98307999474532 2.26030954834861 -2.8436197306442 2.58070782506175 2.54381508012628 -2.72792502366445 2.93535818651179 1.9201775541366 -2.87385080305637 2.34151645892384 1.6256208842924 -2.99230755826852
2.58070782506175 2.54381508012628 -2.72792502366445 2.13556584763712 3.0821477571896 -2.41389061780001 2.72042403242601 3.42614706034277 -2.09706362779165 3.15350554335699 2.87900819017678 -2.41882428416149
2.23540281997325 3.80363748792906 -1.66924439638213 2.88429968156075 4.01780957365265 -1.14259666715221 3.34819615048248 3.64876567883696 -1.56399992105779 2.72042403242601 3.42614706034277 -2.09706362779165
2.88429968156075 4.01780957365265 -1.14259666715221 2.29630438441547 4.26870365120163 -0.474001107037245 2.88784187679654 4.23383221264885 5.41825185558808e-05 3.45466270984479 3.9828298056008 -0.692667261941475
2.68676097159881 -1.89603417046217 -0.000510340308940985 2.06702194125344 -1.71622465725818 -0.0826870584561939 2.17136682372119 -1.65188635833187 -0.750551211512787 2.77620499744181 -1.82806987668857 -0.664752073079639
2.14301043551563 -1.38545393501254 -1.37447373741236 2.74543703322759 -1.51154361458951 -1.48046312392108 2.7904290394455 -1.78220155411273 -0.858016798391052 2.17136682372119 -1.65188635833187 -0.750551211512787
2.74543703322759 -1.51154361458951 -1.48046312392108 2.17227972687208 -1.26182536747613 -1.58735264972832 2.37424699047976 -0.878895273135727 -2.13932730330826 2.99305770347249 -1.16103924896467 -2.00824193061343
2.38820855875396 -0.316841224937493 -2.55885428937769 2.96937867592156 -0.441606180487716 -2.58821728618556 3.03958176002184 -1.01860921650172 -2.17520142906028 2.37424699047976 -0.878895273135727 -2.13932730330826
2.96937867592156 -0.441606180487716 -2.58821728618556 2.48472682867339 0.0697622688812398 -2.7314389372594 2.99588402652415 0.505380661996725 -2.95333940338079 3.37384739142306 0.0909300295072715 -2.83570994043394
2.75420768756862 1.16935754341262 -2.98515572170036 3.32969565034763 1.38690802357776 -2.99032083155673 3.58240190511089 0.692628625616893 -2.95701156385115 2.99588402652415 0.505380661996725 -2.95333940338079
3.32969565034763 1.38690802357776 -2.99032083155673 2.93535818651179 1.9201775541366 -2.87385080305637 3.56017054202446 2.32166038448402 -2.72937227470734 3.92033963546945 1.80696388394434 -2.84305774971902
3.15350554335699 2.87900819017678 -2.41882428416149 3.79466549917074 3.15561492138141 -2.09811715176291 4.20624614808061 2.61513624590383 -2.39592619553195 3.56017054202446 2.32166038448402 -2.72937227470734
3.79466549917074 3.15561492138141 -2.09811715176291 3.34819615048248 3.64876567883696 -1.56399992105779 3.95751018592499 3.75664493787566 -1.17360123017922 4.42214594974017 3.25359855502107 -1.71487631253969
3.45466270984479 3.9828298056008 -0.692667261941475 4.07358064105138 3.95056720986592 0.000189726840485573 4.53960386440078 3.7408388761164 -0.446075389273118 3.95751018592499 3.75664493787566 -1.17360123017922
2.77620499744181 -1.82806987668857 -0.664752073079639 3.36912949419257 -2.03935818026227 -0.754359472908539 3.45313485235966 -2.1625044491768 -0.0997844806685521 2.85803538175609 -1.95189966188462 0.000767949183383407
3.36912949419257 -2.03935818026227 -0.754359472908539 2.7904290394455 -1.78220155411273 -0.858016798391052 3.0115834444499 -1.59449986458213 -1.47837698579305 3.56865007932165 -1.8477746406076 -1.36606042008158
2.99305770347249 -1.16103924896467 -2.00824193061343 3.65865686484586 -1.29970067902513 -2.14039817237557 3.62541729636897 -1.72133031816286 -1.60161660585959 3.0115834444499 -1.59449986458213 -1.47837698579305
3.65865686484586 -1.29970067902513 -2.14039817237557 3.03958176002184 -1.01860921650172 -2.17520142906028 3.40650924932505 -0.572426912015517 -2.58675256075375 3.94976890336862 -0.831835824854005 -2.54723714365239
3.37384739142306 0.0909300295072715 -2.83570994043394 3.92797513884017 0.183120531516112 -2.94931153969981 4.1060364348122 -0.466102845201354 -2.72629179933398 3.40650924932505 -0.572426912015517 -2.58675256075375
3.92797513884017 0.183120531516112 -2.94931153969981 3.58240190511089 0.692628625616893 -2.95701156385115 4.17640838937553 1.13043576204471 -2.99330667180036 4.49815991653053 0.603370039019088 -2.98415448742124
3.92033963546945 1.80696388394434 -2.84305774971902 4.52401260818109 1.9801526099425 -2.72841426722985 4.81926849530387 1.28883651365268 -2.8781006500884 4.17640838937553 1.13043576204471 -2.99330667180036
4.52401260818109 1.9801526099425 -2.72841426722985 4.20624614808061 2.61513624590383 -2.39592619553195 4.85113998698997 2.82115744379034 -2.1194873218785 5.18245203788232 2.22667201926525 -2.42315111338051
4.42214594974017 3.25359855502107 -1.71487631253969 5.06205277457138 3.40520302164764 -1.14089366514028 5.48912466399131 2.97110495856828 -1.54901075426638 4.85113998698997 2.82115744379034 -2.1194873218785
5.06205277457138 3.40520302164764 -1.14089366514028 4.53960386440078 3.7408388761164 -0.446075389273118 5.15273202798229 3.60160520650977 0.00028389783058097 5.64996809383161 3.26932977381574 -0.724618411593985
4.02296008489963 -2.43475755320205 -0.00086096686231395 3.45313485235966 -2.1625044491768 -0.0997844806685521 3.57405156810045 -2.1179704509344 -0.7552046398089 4.14335824650744 -2.39084652508201 -0.65068235090901
3.56865007932165 -1.8477746406076 -1.36606042008158 4.13852291309634 -2.07671706480665 -1.46564283188129 4.16293644807897 -2.35246512357795 -0.863314448517828 3.57405156810045 -2.1179704509344 -0.7552046398089
4.13852291309634 -2.07671706480665 -1.46564283188129 3.62541729636897 -1.72133031816286 -1.60161660585959 3.88793228433312 -1.3818481690174 -2.1390272872318 4.4346975649459 -1.77577860544695 -1.97667041989561
3.94976890336862 -0.831835824854005 -2.54723714365239 4.51288699382091 -1.04484163761211 -2.58611852911739 4.51045034340128 -1.639554175104 -2.16635166846893 3.88793228433312 -1.3818481690174 -2.1390272872318
4.51288699382091 -1.04484163761211 -2.58611852911739 4.1060364348122 -0.466102845201354 -2.72629179933398 4.66296097950759 -0.086675972715156 -2.95060938576252 4.98564633206804 -0.551604053501736 -2.83733208970278
4.49815991653053 0.603370039019088 -2.98415448742124 5.10912011469206 0.693245494500598 -2.9916339422763 5.28602448654376 -0.0474721594745109 -2.955529513989 4.66296097950759 -0.086675972715156 -2.95060938576252
5.10912011469206 0.693245494500598 -2.9916339422763 4.81926849530387 1.28883651365268 -2.8781006500884 5.46765032436104 1.61959333813037 -2.73845600668621 5.76457505737839 1.05369512602724 -2.84427027786855
5.18245203788232 2.22667201926525 -2.42315111338051 5.83416671571845 2.40083320810897 -2.10640502430456 6.16781707777024 1.7754507796019 -2.41893064101727 5.46765032436104 1.61959333813037 -2.73845600668621
5.83416671571845 2.40083320810897 -2.10640502430456 5.48912466399131 2.97110495856828 -1.54901075426638 6.11614791871784 2.96706495735638 -1.18805651694282 6.49869785061525 2.40820060094304 -1.7083572275764
5.64996809383161 3.26932977381574 -0.724618411593985 6.23811041246428 3.15551953034339 -0.000553573473969652 6.68161097409494 2.86827301844666 -0.439879178405057 6.11614791871784 2.96706495735638 -1.18805651694282
4.14335824650744 -2.39084652508201 -0.65068235090901 4.69474711946973 -2.6978168163821 -0.756682061775048 4.7559357537232 -2.83493151501368 -0.104708448335799 4.21092869297239 -2.53146655980649 -0.000199100659718912
4.69474711946973 -2.6978168163821 -0.756682061775048 4.16293644807897 -2.35246512357795 -0.863314448517828 4.40701385863732 -2.20244416613595 -1.46522942872552 4.92796238820348 -2.53947610250144 -1.36343812181233
4.4346975649459 -1.77577860544695 -1.97667041989561 5.06564882955152 -2.02021850407616 -2.12714527591156 4.99531941370385 -2.42247654599321 -1.61465005177902 4.40701385863732 -2.20244416613595 -1.46522942872552
5.06564882955152 -2.02021850407616 -2.12714527591156 4.51045034340128 -1.639554175104 -2.16635166846893 4.88917325535004 -1.20715844932111 -2.58281402844758 5.39048536806177 -1.60288697603173 -2.51408796516759
4.98564633206804 -0.551604053501736 -2.83733208970278 5.55070492705451 -0.61262745236953 -2.93783329221848 5.56060469813888 -1.35648059163559 -2.67485780232722 4.88917325535004 -1.20715844932111 -2.58281402844758
5.55070492705451 -0.61262745236953 -2.93783329221848 5.28602448654376 -0.0474721594745109 -2.955529513989 5.87368394756973 0.361301113150848 -2.99483627162009 6.1974682653473 -0.162741840877752 -2.98109545641953
5.76457505737839 1.05369512602724 -2.84427027786855 6.4020288410277 1.0970709043876 -2.73762662516502 6.5598418258048 0.352694470757053 -2.89337947016276 5.87368394756973 0.361301113150848 -2.99483627162009
6.4020288410277 1.0970709043876 -2.73762662516502 6.16781707777024 1.7754507796019 -2.41893064101727 6.82924973719677 1.91162484600395 -2.13413950764408 7.09128851362103 1.26894369781181 -2.42355510672047
6.49869785061525 2.40820060094304 -1.7083572275764 7.14336159930895 2.4538771646291 -1.15004823688878 7.50797451671011 1.93311341060071 -1.58276746732002 6.82924973719677 1.91162484600395 -2.13413950764408
7.14336159930895 2.4538771646291 -1.15004823688878 6.68161097409494 2.86827301844666 -0.439879178405057 7.26930842473825 2.63533090358831 -3.79005217841534e-06 7.71634512442796 2.23437330384962 -0.686484575512962
5.26916936836771 -3.18930875850263 0.000428832183105857 4.7559357537232 -2.83493151501368 -0.104708448335799 4.89159398887721 -2.81541772849331 -0.757383522179501 5.40006709779783 -3.16440443512945 -0.665899116025009
4.92796238820348 -2.53947610250144 -1.36343812181233 5.45858102284215 -2.853538504579 -1.48651539991213 5.42079682664375 -3.13066743474287 -0.876066462501485 4.89159398887721 -2.81541772849331 -0.757383522179501
5.45858102284215 -2.853538504579 -1.48651539991213 4.99531941370385 -2.42247654599321 -1.61465005177902 5.30483872655046 -2.13641497814245 -2.12793872144367 5.8152620433301 -2.60175509212407 -1.99667198488513
5.39048536806177 -1.60288697603173 -2.51408796516759 5.9425677537693 -1.9263979652975 -2.57051310755441 5.8983632463904 -2.47964981303209 -2.19154704789922 5.30483872655046 -2.13641497814245 -2.12793872144367
5.9425677537693 -1.9263979652975 -2.57051310755441 5.56060469813888 -1.35648059163559 -2.67485780232722 6.08572299061622 -0.897373330511405 -2.93515101408444 6.34807238370735 -1.44788057311351 -2.81185095158573
6.1974682653473 -0.162741840877752 -2.98109545641953 6.80017721050856 -0.289932138818601 -2.99560574723421 6.68601391579723 -1.04045851951437 -2.94867599841508 6.08572299061622 -0.897373330511405 -2.93515101408444
6.80017721050856 -0.289932138818601 -2.99560574723421 6.5598418258048 0.352694470757053 -2.89337947016276 7.21065140810051 0.63517889491577 -2.75152897232131 7.46646036371223 0.0429284734454409 -2.84134618232502
7.09128851362103 1.26894369781181 -2.42355510672047 7.78159147517451 1.3058830493439 -2.12761251388356 7.99575286182874 0.636752321894777 -2.43889426158211 7.21065140810051 0.63517889491577 -2.75152897232131
7.78159147517451 1.3058830493439 -2.12761251388356 7.50797451671011 1.93311341060071 -1.58276746732002 8.1365723698624 1.85760826101516 -1.18053426126617 8.41879543967273 1.24355561554723 -1.70266110344314
7.71634512442796 2.23437330384962 -0.686484575512962 8.27861024483697 2.02298201396105 -0.000163727580839637 8.69268322387162 1.64091350462357 -0.536789967203185 8.1365723698624 1.85760826101516 -1.18053426126617
5.40006709779783 -3.16440443512945 -0.665899116025009 5.88492559080392 -3.54061695602272 -0.775819173847989 5.91478448939084 -3.69190559128761 -0.0637855971781278 5.44002047628565 -3.31568679066472 -0.000193035052682591
5.88492559080392 -3.54061695602272 -0.775819173847989 5.42079682664375 -3.13066743474287 -0.876066462501485 5.69478240106086 -3.01829953693484 -1.48113518367188 6.16578738284267 -3.40506786179866 -1.43423751819029
5.8152620433301 -2.60175509212407 -1.99667198488513 6.41124358375222 -2.93788229984409 -2.15831609737585 6.21112236155638 -3.33459515360555 -1.59616848680879 5.69478240106086 -3.01829953693484 -1.48113518367188
6.41124358375222 -2.93788229984409 -2.15831609737585 5.8983632463904 -2.47964981303209 -2.19154704789922 6.30995068973722 -2.09008139117989 -2.57642634368255 6.82311515035062 -2.51307004426556 -2.56246441763622
6.34807238370735 -1.44788057311351 -2.81185095158573 6.93775502819481 -1.60386745141413 -2.93445078216063 7.02315773113733 -2.16488918434851 -2.76442106944639 6.30995068973722 -2.09008139117989 -2.57642634368255
6.93775502819481 -1.60386745141413 -2.93445078216063 6.68601391579723 -1.04045851951437 -2.94867599841508 7.34333154762233 -0.68102456113615 -2.99745515296317 7.45643113807937 -1.32024569256418 -2.97295868008415
7.46646036371223 0.0429284734454409 -2.84134618232502 8.09020908424723 -0.132687618106596 -2.77529797496981 8.03496979974958 -0.868667737818017 -2.92288352920677 7.34333154762233 -0.68102456113615 -2.99745515296317
8.09020908424723 -0.132687618106596 -2.77529797496981 7.99575286182874 0.636752321894777 -2.43889426158211 8.70149814149758 0.674940987495352 -2.13617230238232 8.77615300425671 -0.074778578766761 -2.47095106478985
8.41879543967273 1.24355561554723 -1.70266110344314 9.07789269871325 1.16437921577032 -1.1654006639246 9.34582311052472 0.548913451064848 -1.67133862126954 8.70149814149758 0.674940987495352 -2.13617230238232
9.07789269871325 1.16437921577032 -1.1654006639246 8.69268322387162 1.64091350462357 -0.536789967203185 9.25841181271305 1.31616146050879 0.000127536706749836 9.64075505709919 0.841267177430421 -0.631226001564535
6.35269721581796 -4.11044067184764 -0.000175373892847502 5.91478448939084 -3.69190559128761 -0.0637855971781278 6.01007370722554 -3.65537775131035 -0.776917478923433 6.43367709918115 -4.05195935075461 -0.762617679957477
6.16578738284267 -3.40506786179866 -1.43423751819029 6.63305012651196 -3.7815691298009 -1.55062964312326 6.44934233706221 -4.03629411287355 -0.841949472890152 6.01007370722554 -3.65537775131035 -0.776917478923433
6.63305012651196 -3.7815691298009 -1.55062964312326 6.21112236155638 -3.33459515360555 -1.59616848680879 6.61301281796116 -3.09380521605438 -2.16309023040646 7.00972209591249 -3.47591435402327 -2.15521911050708
6.82311515035062 -2.51307004426556 -2.56246441763622 7.39766793670386 -2.80372895854777 -2.72937326898863 7.17668494757527 -3.30895150236049 -2.3613102805947 6.61301281796116 -3.09380521605438 -2.16309023040646
7.39766793670386 -2.80372895854777 -2.72937326898863 7.02315773113733 -2.16488918434851 -2.76442106944639 7.41610552601857 -1.84357449754902 -2.91148336293325 7.96802828688684 -2.51760816304892 -2.90941736197505
7.45643113807937 -1.32024569256418 -2.97295868008415 8.04887151513308 -1.58225532842011 -3.0215439547149 7.97746030501575 -2.50817614492001 -2.91277141021905 7.41610552601857 -1.84357449754902 -2.91148336293325
8.04887151513308 -1.58225532842011 -3.0215439547149 8.03496979974958 -0.868667737818017 -2.92288352920677 8.91644785106843 -0.870192756674285 -2.83481357245908 8.9754136948745 -1.51022275506126 -2.91864990302691
8.77615300425671 -0.074778578766761 -2.47095106478985 9.53509935963334 -0.0701220075930973 -2.14891333513287 9.66418017433705 -0.821456275598711 -2.49404283574443 8.91644785106843 -0.870192756674285 -2.83481357245908
9.53509935963334 -0.0701220075930973 -2.14891333513287 9.34582311052472 0.548913451064848 -1.67133862126954 10.0073055310565 0.4053364486922 -1.21559197810536 10.2253122181331 -0.260324231802636 -1.71586654454961
9.64075505709919 0.841267177430421 -0.631226001564535 10.17121461091 0.539322146080575 -0.000543827849758064 10.5636505977622 0.0780141478264778 -0.601765448735191 10.0073055310565 0.4053364486922 -1.21559197810536
