-6.97249786445315 -0.0903093827289677 3.22272824962712 -6.20354726414845 -0.0903093827289677 3.22272824962482 -6.25260754001982 -0.0903093827289676 3.82983492122042 -6.97249786445332 -0.0903093827289676 3.8028285996856
-6.97249786445332 -0.0903093827289676 3.8028285996856 -6.25260754001982 -0.0903093827289676 3.82983492122042 -6.19901622466745 -0.0903093827289676 4.43873783890437 -6.97249786445342 -0.0903093827289676 4.38787642827458
-6.97249786445342 -0.0903093827289676 4.38787642827458 -6.19901622466745 -0.0903093827289676 4.43873783890437 -6.24597766118937 -0.0903093827289675 5.05329225848869 -6.97249786445777 -0.0903093827289676 4.93899261385967
-6.97249786445777 -0.0903093827289676 4.93899261385967 -6.24597766118937 -0.0903093827289675 5.05329225848869 -6.3243256631386 -0.0903093827289675 5.71383268835267 -6.97249786445567 -0.0903093827289675 5.57420541689983
-6.97249786445567 -0.0903093827289675 5.57420541689983 -6.3243256631386 -0.0903093827289675 5.71383268835267 -6.44402988606136 -0.0903093827289675 6.44545649925666 -6.97249786445766 -0.0903093827270924 6.44545649925666
-6.97249786445766 -0.0903093827270924 6.44545649925666 -6.44402988606136 -0.0903093827289675 6.44545649925666 -6.6526326295452 0.524897955129479 6.44545649925666 -7.58770520231422 0.524897955129406 6.44545649925666
-7.58770520231422 0.524897955129406 6.44545649925666 -6.6526326295452 0.524897955129479 6.44545649925666 -6.70463729970642 0.524897955129479 5.7268259462132 -7.58770520231426 0.524897955129479 5.79720553605031
-7.58770520231426 0.524897955129479 5.79720553605031 -6.70463729970642 0.524897955129479 5.7268259462132 -6.75391564482196 0.524897955129479 4.90384282860208 -7.5877052023143 0.524897955129479 4.97410510175534
-7.5877052023143 0.524897955129479 4.97410510175534 -6.75391564482196 0.524897955129479 4.90384282860208 -6.77180669507206 0.524897955129479 4.09961160484284 -7.58770520231419 0.524897955129479 4.11332207367363
-7.58770520231419 0.524897955129479 4.11332207367363 -6.77180669507206 0.524897955129479 4.09961160484284 -6.7344744301668 0.524897955129479 3.22272824962861 -7.58770520231467 0.524897955129479 3.2227282496284
-6.20354726414845 -0.0903093827289677 3.22272824962482 -5.5196999174845 -0.0903093827289677 3.22272824962643 -5.52425006381234 -0.0903093827289676 3.84617457568003 -6.25260754001982 -0.0903093827289676 3.82983492122042
-6.25260754001982 -0.0903093827289676 3.82983492122042 -5.52425006381234 -0.0903093827289676 3.84617457568003 -5.526264155826 -0.0903093827289676 4.47348594811351 -6.19901622466745 -0.0903093827289676 4.43873783890437
-6.19901622466745 -0.0903093827289676 4.43873783890437 -5.526264155826 -0.0903093827289676 4.47348594811351 -5.5400884365892 -0.0903093827289675 5.17641779509141 -6.24597766118937 -0.0903093827289675 5.05329225848869
-6.24597766118937 -0.0903093827289675 5.05329225848869 -5.5400884365892 -0.0903093827289675 5.17641779509141 -5.65407641803325 -0.0903093827289675 5.85548646319194 -6.3243256631386 -0.0903093827289675 5.71383268835267
-6.3243256631386 -0.0903093827289675 5.71383268835267 -5.65407641803325 -0.0903093827289675 5.85548646319194 -5.85162034651076 -0.0903093827289675 6.44545649925502 -6.44402988606136 -0.0903093827289675 6.44545649925666
-6.44402988606136 -0.0903093827289675 6.44545649925666 -5.85162034651076 -0.0903093827289675 6.44545649925502 -5.90187391917874 0.524897955129178 6.44545649925666 -6.6526326295452 0.524897955129479 6.44545649925666
-6.6526326295452 0.524897955129479 6.44545649925666 -5.90187391917874 0.524897955129178 6.44545649925666 -5.95518752258088 0.524897955129479 5.79628510298797 -6.70463729970642 0.524897955129479 5.7268259462132
-6.70463729970642 0.524897955129479 5.7268259462132 -5.95518752258088 0.524897955129479 5.79628510298797 -5.98653382530212 0.524897955129479 4.95180619141895 -6.75391564482196 0.524897955129479 4.90384282860208
-6.75391564482196 0.524897955129479 4.90384282860208 -5.98653382530212 0.524897955129479 4.95180619141895 -5.93123664940165 0.524897955129479 4.09959196099319 -6.77180669507206 0.524897955129479 4.09961160484284
-6.77180669507206 0.524897955129479 4.09961160484284 -5.93123664940165 0.524897955129479 4.09959196099319 -5.88961164793515 0.524897955129479 3.22272824962884 -6.7344744301668 0.524897955129479 3.22272824962861
-5.5196999174845 -0.0903093827289677 3.22272824962643 -4.84018004562609 -0.0903093827289677 3.2227282496248 -4.85739854272068 -0.0903093827289676 3.8549855527442 -5.52425006381234 -0.0903093827289676 3.84617457568003
-5.52425006381234 -0.0903093827289676 3.84617457568003 -4.85739854272068 -0.0903093827289676 3.8549855527442 -4.85486948686442 -0.0903093827289676 4.48374059423206 -5.526264155826 -0.0903093827289676 4.47348594811351
-5.526264155826 -0.0903093827289676 4.47348594811351 -4.85486948686442 -0.0903093827289676 4.48374059423206 -4.87763260868516 -0.0903093827289675 5.12897387806841 -5.5400884365892 -0.0903093827289675 5.17641779509141
-5.5400884365892 -0.0903093827289675 5.17641779509141 -4.87763260868516 -0.0903093827289675 5.12897387806841 -4.98860044537395 -0.0903093827289675 5.76168569114827 -5.65407641803325 -0.0903093827289675 5.85548646319194
-5.65407641803325 -0.0903093827289675 5.85548646319194 -4.98860044537395 -0.0903093827289675 5.76168569114827 -5.10711967502424 -0.0903093827280268 6.44545649925666 -5.85162034651076 -0.0903093827289675 6.44545649925502
-5.85162034651076 -0.0903093827289675 6.44545649925502 -5.10711967502424 -0.0903093827280268 6.44545649925666 -5.14126532392224 0.52489795512937 6.44545649925666 -5.90187391917874 0.524897955129178 6.44545649925666
-5.90187391917874 0.524897955129178 6.44545649925666 -5.14126532392224 0.52489795512937 6.44545649925666 -5.23269609472988 0.524897955129479 5.75783697979092 -5.95518752258088 0.524897955129479 5.79628510298797
-5.95518752258088 0.524897955129479 5.79628510298797 -5.23269609472988 0.524897955129479 5.75783697979092 -5.22000688127383 0.524897955129479 5.00597017699603 -5.98653382530212 0.524897955129479 4.95180619141895
-5.98653382530212 0.524897955129479 4.95180619141895 -5.22000688127383 0.524897955129479 5.00597017699603 -5.1818553130279 0.524897955129479 4.13207964196249 -5.93123664940165 0.524897955129479 4.09959196099319
-5.93123664940165 0.524897955129479 4.09959196099319 -5.1818553130279 0.524897955129479 4.13207964196249 -5.11153684208569 0.524897955129479 3.22272824962954 -5.88961164793515 0.524897955129479 3.22272824962884
-4.84018004562609 -0.0903093827289677 3.2227282496248 -4.17124945771609 -0.0903093827289677 3.22272824962505 -4.18840020766494 -0.0903093827289676 3.8624173597208 -4.85739854272068 -0.0903093827289676 3.8549855527442
-4.85739854272068 -0.0903093827289676 3.8549855527442 -4.18840020766494 -0.0903093827289676 3.8624173597208 -4.18860274152577 -0.0903093827289676 4.50542648365207 -4.85486948686442 -0.0903093827289676 4.48374059423206
-4.85486948686442 -0.0903093827289676 4.48374059423206 -4.18860274152577 -0.0903093827289676 4.50542648365207 -4.22594249038491 -0.0903093827289675 5.19759606298785 -4.87763260868516 -0.0903093827289675 5.12897387806841
-4.87763260868516 -0.0903093827289675 5.12897387806841 -4.22594249038491 -0.0903093827289675 5.19759606298785 -4.28696470539803 -0.0903093827289675 5.86913461153377 -4.98860044537395 -0.0903093827289675 5.76168569114827
-4.98860044537395 -0.0903093827289675 5.76168569114827 -4.28696470539803 -0.0903093827289675 5.86913461153377 -4.31808767735125 -0.0903093827284172 6.44545649925666 -5.10711967502424 -0.0903093827280268 6.44545649925666
-5.10711967502424 -0.0903093827280268 6.44545649925666 -4.31808767735125 -0.0903093827284172 6.44545649925666 -4.42433837421954 0.524897955129479 6.44545649925475 -5.14126532392224 0.52489795512937 6.44545649925666
-5.14126532392224 0.52489795512937 6.44545649925666 -4.42433837421954 0.524897955129479 6.44545649925475 -4.45706396851654 0.524897955129479 5.79851702661664 -5.23269609472988 0.524897955129479 5.75783697979092
-5.23269609472988 0.524897955129479 5.75783697979092 -4.45706396851654 0.524897955129479 5.79851702661664 -4.48714907085354 0.524897955129479 5.01384107006737 -5.22000688127383 0.524897955129479 5.00597017699603
-5.22000688127383 0.524897955129479 5.00597017699603 -4.48714907085354 0.524897955129479 5.01384107006737 -4.4134620377266 0.524897955129479 4.16298453582439 -5.1818553130279 0.524897955129479 4.13207964196249
-5.1818553130279 0.524897955129479 4.13207964196249 -4.4134620377266 0.524897955129479 4.16298453582439 -4.34138058373358 0.524897955129479 3.22272824962861 -5.11153684208569 0.524897955129479 3.22272824962954
-4.17124945771609 -0.0903093827289677 3.22272824962505 -3.50891148480692 -0.0903093827289677 3.22272824963213 -3.52043368497623 -0.0903093827289676 3.86184906298216 -4.18840020766494 -0.0903093827289676 3.8624173597208
-4.18840020766494 -0.0903093827289676 3.8624173597208 -3.52043368497623 -0.0903093827289676 3.86184906298216 -3.52605255278907 -0.0903093827289676 4.48398613202198 -4.18860274152577 -0.0903093827289676 4.50542648365207
-4.18860274152577 -0.0903093827289676 4.50542648365207 -3.52605255278907 -0.0903093827289676 4.48398613202198 -3.54231616036045 -0.0903093827289675 5.12257942117046 -4.22594249038491 -0.0903093827289675 5.19759606298785
-4.22594249038491 -0.0903093827289675 5.19759606298785 -3.54231616036045 -0.0903093827289675 5.12257942117046 -3.57342157902891 -0.0903093827289675 5.72508889420436 -4.28696470539803 -0.0903093827289675 5.86913461153377
-4.28696470539803 -0.0903093827289675 5.86913461153377 -3.57342157902891 -0.0903093827289675 5.72508889420436 -3.60784260206724 -0.0903093827299659 6.44545649925666 -4.31808767735125 -0.0903093827284172 6.44545649925666
-4.31808767735125 -0.0903093827284172 6.44545649925666 -3.60784260206724 -0.0903093827299659 6.44545649925666 -3.66193353011076 0.524897955126708 6.44545649925666 -4.42433837421954 0.524897955129479 6.44545649925475
-4.42433837421954 0.524897955129479 6.44545649925475 -3.66193353011076 0.524897955126708 6.44545649925666 -3.71627017075758 0.524897955129479 5.77562081526452 -4.45706396851654 0.524897955129479 5.79851702661664
-4.45706396851654 0.524897955129479 5.79851702661664 -3.71627017075758 0.524897955129479 5.77562081526452 -3.71266582976987 0.524897955129479 5.03038312446844 -4.48714907085354 0.524897955129479 5.01384107006737
-4.48714907085354 0.524897955129479 5.01384107006737 -3.71266582976987 0.524897955129479 5.03038312446844 -3.68995596843096 0.524897955129479 4.16180010336404 -4.4134620377266 0.524897955129479 4.16298453582439
-4.4134620377266 0.524897955129479 4.16298453582439 -3.68995596843096 0.524897955129479 4.16180010336404 -3.65420504633505 0.524897955129479 3.22272824962849 -4.34138058373358 0.524897955129479 3.22272824962861
-3.50891148480692 -0.0903093827289677 3.22272824963213 -2.82704132025123 -0.0903093827289677 3.22272824962933 -2.84910921514264 -0.0903093827289676 3.8581369894874 -3.52043368497623 -0.0903093827289676 3.86184906298216
-3.52043368497623 -0.0903093827289676 3.86184906298216 -2.84910921514264 -0.0903093827289676 3.8581369894874 -2.84140793644513 -0.0903093827289676 4.49978269472416 -3.52605255278907 -0.0903093827289676 4.48398613202198
-3.52605255278907 -0.0903093827289676 4.48398613202198 -2.84140793644513 -0.0903093827289676 4.49978269472416 -2.86090186027646 -0.0903093827289675 5.19212248318178 -3.54231616036045 -0.0903093827289675 5.12257942117046
-3.54231616036045 -0.0903093827289675 5.12257942117046 -2.86090186027646 -0.0903093827289675 5.19212248318178 -2.87965450574575 -0.0903093827289675 5.87265582603461 -3.57342157902891 -0.0903093827289675 5.72508889420436
-3.57342157902891 -0.0903093827289675 5.72508889420436 -2.87965450574575 -0.0903093827289675 5.87265582603461 -2.89866395884689 -0.0903093827283279 6.44545649925666 -3.60784260206724 -0.0903093827299659 6.44545649925666
-3.60784260206724 -0.0903093827299659 6.44545649925666 -2.89866395884689 -0.0903093827283279 6.44545649925666 -2.92312630689049 0.524897955129094 6.44545649925666 -3.66193353011076 0.524897955126708 6.44545649925666
-3.66193353011076 0.524897955126708 6.44545649925666 -2.92312630689049 0.524897955129094 6.44545649925666 -2.9504538033822 0.524897955129479 5.80763858242127 -3.71627017075758 0.524897955129479 5.77562081526452
-3.71627017075758 0.524897955129479 5.77562081526452 -2.9504538033822 0.524897955129479 5.80763858242127 -2.9814250795405 0.524897955129479 5.02420463842043 -3.71266582976987 0.524897955129479 5.03038312446844
-3.71266582976987 0.524897955129479 5.03038312446844 -2.9814250795405 0.524897955129479 5.02420463842043 -2.95695640629256 0.524897955129479 4.15166696169421 -3.68995596843096 0.524897955129479 4.16180010336404
-3.68995596843096 0.524897955129479 4.16180010336404 -2.95695640629256 0.524897955129479 4.15166696169421 -2.88313516030761 0.524897955129479 3.22272824962873 -3.65420504633505 0.524897955129479 3.22272824962849
-2.82704132025123 -0.0903093827289677 3.22272824962933 -2.15336766563383 -0.0903093827289677 3.22272824962921 -2.17025134460576 -0.0903093827289676 3.8730172499881 -2.84910921514264 -0.0903093827289676 3.8581369894874
-2.84910921514264 -0.0903093827289676 3.8581369894874 -2.17025134460576 -0.0903093827289676 3.8730172499881 -2.16117705717081 -0.0903093827289676 4.49749084519868 -2.84140793644513 -0.0903093827289676 4.49978269472416
-2.84140793644513 -0.0903093827289676 4.49978269472416 -2.16117705717081 -0.0903093827289676 4.49749084519868 -2.16200433871365 -0.0903093827289675 5.13175608152264 -2.86090186027646 -0.0903093827289675 5.19212248318178
-2.86090186027646 -0.0903093827289675 5.19212248318178 -2.16200433871365 -0.0903093827289675 5.13175608152264 -2.1817290913438 -0.0903093827289675 5.72656538356611 -2.87965450574575 -0.0903093827289675 5.87265582603461
-2.87965450574575 -0.0903093827289675 5.87265582603461 -2.1817290913438 -0.0903093827289675 5.72656538356611 -2.19135579099398 -0.0903093827283927 6.44545649925666 -2.89866395884689 -0.0903093827283279 6.44545649925666
-2.89866395884689 -0.0903093827283279 6.44545649925666 -2.19135579099398 -0.0903093827283927 6.44545649925666 -2.18353615031648 0.524897955129479 6.44545649925239 -2.92312630689049 0.524897955129094 6.44545649925666
-2.92312630689049 0.524897955129094 6.44545649925666 -2.18353615031648 0.524897955129479 6.44545649925239 -2.1946795872444 0.524897955129479 5.77216655458897 -2.9504538033822 0.524897955129479 5.80763858242127
-2.9504538033822 0.524897955129479 5.80763858242127 -2.1946795872444 0.524897955129479 5.77216655458897 -2.23991266882487 0.524897955129479 5.00509135227914 -2.9814250795405 0.524897955129479 5.02420463842043
-2.9814250795405 0.524897955129479 5.02420463842043 -2.23991266882487 0.524897955129479 5.00509135227914 -2.22530593881788 0.524897955129479 4.15209641845713 -2.95695640629256 0.524897955129479 4.15166696169421
-2.95695640629256 0.524897955129479 4.15166696169421 -2.22530593881788 0.524897955129479 4.15209641845713 -2.20466916248713 0.524897955129479 3.22272824962867 -2.88313516030761 0.524897955129479 3.22272824962873
-2.15336766563383 -0.0903093827289677 3.22272824962921 -1.45202358426367 -0.0903093827289677 3.22272824962676 -1.48648874972522 -0.0903093827289676 3.86416963203446 -2.17025134460576 -0.0903093827289676 3.8730172499881
-2.17025134460576 -0.0903093827289676 3.8730172499881 -1.48648874972522 -0.0903093827289676 3.86416963203446 -1.4660299312665 -0.0903093827289676 4.50891930711109 -2.16117705717081 -0.0903093827289676 4.49749084519868
-2.16117705717081 -0.0903093827289676 4.49749084519868 -1.4660299312665 -0.0903093827289676 4.50891930711109 -1.46571821079083 -0.0903093827289675 5.20083059547535 -2.16200433871365 -0.0903093827289675 5.13175608152264
-2.16200433871365 -0.0903093827289675 5.13175608152264 -1.46571821079083 -0.0903093827289675 5.20083059547535 -1.46106124851592 -0.0903093827289675 5.88561242882316 -2.1817290913438 -0.0903093827289675 5.72656538356611
-2.1817290913438 -0.0903093827289675 5.72656538356611 -1.46106124851592 -0.0903093827289675 5.88561242882316 -1.47453901413775 -0.0903093827251137 6.44545649925666 -2.19135579099398 -0.0903093827283927 6.44545649925666
-2.19135579099398 -0.0903093827283927 6.44545649925666 -1.47453901413775 -0.0903093827251137 6.44545649925666 -1.43961793614681 0.524897955129361 6.44545649925666 -2.18353615031648 0.524897955129479 6.44545649925239
-2.18353615031648 0.524897955129479 6.44545649925239 -1.43961793614681 0.524897955129361 6.44545649925666 -1.46256615849795 0.524897955129479 5.77434327250382 -2.1946795872444 0.524897955129479 5.77216655458897
-2.1946795872444 0.524897955129479 5.77216655458897 -1.46256615849795 0.524897955129479 5.77434327250382 -1.49107449369362 0.524897955129479 5.00899480793978 -2.23991266882487 0.524897955129479 5.00509135227914
-2.23991266882487 0.524897955129479 5.00509135227914 -1.49107449369362 0.524897955129479 5.00899480793978 -1.49802307432621 0.524897955129479 4.14629770266933 -2.22530593881788 0.524897955129479 4.15209641845713
-2.22530593881788 0.524897955129479 4.15209641845713 -1.49802307432621 0.524897955129479 4.14629770266933 -1.44581412395086 0.524897955129479 3.22272824962941 -2.20466916248713 0.524897955129479 3.22272824962867
-1.45202358426367 -0.0903093827289677 3.22272824962676 -0.756166646233423 -0.0903093827289677 3.22272824962758 -0.742353597948696 -0.0903093827289676 3.83916558839087 -1.48648874972522 -0.0903093827289676 3.86416963203446
-1.48648874972522 -0.0903093827289676 3.86416963203446 -0.742353597948696 -0.0903093827289676 3.83916558839087 -0.78061131028671 -0.0903093827289676 4.50287778944072 -1.4660299312665 -0.0903093827289676 4.50891930711109
-1.4660299312665 -0.0903093827289676 4.50891930711109 -0.78061131028671 -0.0903093827289676 4.50287778944072 -0.729874615256216 -0.0903093827289675 5.16996022510104 -1.46571821079083 -0.0903093827289675 5.20083059547535
-1.46571821079083 -0.0903093827289675 5.20083059547535 -0.729874615256216 -0.0903093827289675 5.16996022510104 -0.738589462853724 -0.0903093827289675 5.76149967544263 -1.46106124851592 -0.0903093827289675 5.88561242882316
-1.46106124851592 -0.0903093827289675 5.88561242882316 -0.738589462853724 -0.0903093827289675 5.76149967544263 -0.739493814827462 -0.0903093827290141 6.44545649925666 -1.47453901413775 -0.0903093827251137 6.44545649925666
-1.47453901413775 -0.0903093827251137 6.44545649925666 -0.739493814827462 -0.0903093827290141 6.44545649925666 -0.727571182019478 0.524897955129493 6.44545649925666 -1.43961793614681 0.524897955129361 6.44545649925666
-1.43961793614681 0.524897955129361 6.44545649925666 -0.727571182019478 0.524897955129493 6.44545649925666 -0.71172070658486 0.524897955129479 5.75042756287116 -1.46256615849795 0.524897955129479 5.77434327250382
-1.46256615849795 0.524897955129479 5.77434327250382 -0.71172070658486 0.524897955129479 5.75042756287116 -0.747489755476193 0.524897955129479 5.00112145921267 -1.49107449369362 0.524897955129479 5.00899480793978
-1.49107449369362 0.524897955129479 5.00899480793978 -0.747489755476193 0.524897955129479 5.00112145921267 -0.768236495361534 0.524897955129479 4.12977617495861 -1.49802307432621 0.524897955129479 4.14629770266933
-1.49802307432621 0.524897955129479 4.14629770266933 -0.768236495361534 0.524897955129479 4.12977617495861 -0.763843282985813 0.524897955129479 3.22272824962854 -1.44581412395086 0.524897955129479 3.22272824962941
-0.756166646233423 -0.0903093827289677 3.22272824962758 0 -0.0903093827289677 3.22272824962767 0 -0.0903093827289676 3.85677988968606 -0.742353597948696 -0.0903093827289676 3.83916558839087
-0.742353597948696 -0.0903093827289676 3.83916558839087 0 -0.0903093827289676 3.85677988968606 0 -0.0903093827289676 4.48899485985133 -0.78061131028671 -0.0903093827289676 4.50287778944072
-0.78061131028671 -0.0903093827289676 4.50287778944072 0 -0.0903093827289676 4.48899485985133 0 -0.0903093827289675 5.18628613541532 -0.729874615256216 -0.0903093827289675 5.16996022510104
-0.729874615256216 -0.0903093827289675 5.16996022510104 0 -0.0903093827289675 5.18628613541532 0 -0.0903093827289675 5.88757536088533 -0.738589462853724 -0.0903093827289675 5.76149967544263
-0.738589462853724 -0.0903093827289675 5.76149967544263 0 -0.0903093827289675 5.88757536088533 0 -0.0903093827297852 6.44545649925666 -0.739493814827462 -0.0903093827290141 6.44545649925666
-0.739493814827462 -0.0903093827290141 6.44545649925666 0 -0.0903093827297852 6.44545649925666 0 0.524897955129766 6.44545649925666 -0.727571182019478 0.524897955129493 6.44545649925666
-0.727571182019478 0.524897955129493 6.44545649925666 0 0.524897955129766 6.44545649925666 0 0.524897955129479 5.71790916045282 -0.71172070658486 0.524897955129479 5.75042756287116
-0.71172070658486 0.524897955129479 5.75042756287116 0 0.524897955129479 5.71790916045282 0 0.524897955129479 4.9476303917019 -0.747489755476193 0.524897955129479 5.00112145921267
-0.747489755476193 0.524897955129479 5.00112145921267 0 0.524897955129479 4.9476303917019 0 0.524897955129479 4.07078025178326 -0.768236495361534 0.524897955129479 4.12977617495861
-0.768236495361534 0.524897955129479 4.12977617495861 0 0.524897955129479 4.07078025178326 0 0.524897955129479 3.2227282496282 -0.763843282985813 0.524897955129479 3.22272824962854
0 -0.0903093827289677 3.22272824962767 0.756166646233423 -0.0903093827289677 3.22272824962758 0.742353597948696 -0.0903093827289676 3.83916558839087 0 -0.0903093827289676 3.85677988968606
0 -0.0903093827289676 3.85677988968606 0.742353597948696 -0.0903093827289676 3.83916558839087 0.78061131028671 -0.0903093827289676 4.50287778944072 0 -0.0903093827289676 4.48899485985133
0 -0.0903093827289676 4.48899485985133 0.78061131028671 -0.0903093827289676 4.50287778944072 0.729874615256216 -0.0903093827289675 5.16996022510104 0 -0.0903093827289675 5.18628613541532
0 -0.0903093827289675 5.18628613541532 0.729874615256216 -0.0903093827289675 5.16996022510104 0.738589462853724 -0.0903093827289675 5.76149967544263 0 -0.0903093827289675 5.88757536088533
0 -0.0903093827289675 5.88757536088533 0.738589462853724 -0.0903093827289675 5.76149967544263 0.739493814827462 -0.0903093827290141 6.44545649925666 0 -0.0903093827297852 6.44545649925666
0 -0.0903093827297852 6.44545649925666 0.739493814827462 -0.0903093827290141 6.44545649925666 0.727571182019478 0.524897955129493 6.44545649925666 0 0.524897955129766 6.44545649925666
0 0.524897955129766 6.44545649925666 0.727571182019478 0.524897955129493 6.44545649925666 0.71172070658486 0.524897955129479 5.75042756287116 0 0.524897955129479 5.71790916045282
0 0.524897955129479 5.71790916045282 0.71172070658486 0.524897955129479 5.75042756287116 0.747489755476193 0.524897955129479 5.00112145921267 0 0.524897955129479 4.9476303917019
0 0.524897955129479 4.9476303917019 0.747489755476193 0.524897955129479 5.00112145921267 0.768236495361534 0.524897955129479 4.12977617495861 0 0.524897955129479 4.07078025178326
0 0.524897955129479 4.07078025178326 0.768236495361534 0.524897955129479 4.12977617495861 0.763843282985813 0.524897955129479 3.22272824962854 0 0.524897955129479 3.2227282496282
0.756166646233423 -0.0903093827289677 3.22272824962758 1.45202358426367 -0.0903093827289677 3.22272824962676 1.48648874972522 -0.0903093827289676 3.86416963203446 0.742353597948696 -0.0903093827289676 3.83916558839087
0.742353597948696 -0.0903093827289676 3.83916558839087 1.48648874972522 -0.0903093827289676 3.86416963203446 1.4660299312665 -0.0903093827289676 4.50891930711109 0.78061131028671 -0.0903093827289676 4.50287778944072
0.78061131028671 -0.0903093827289676 4.50287778944072 1.4660299312665 -0.0903093827289676 4.50891930711109 1.46571821079083 -0.0903093827289675 5.20083059547535 0.729874615256216 -0.0903093827289675 5.16996022510104
0.729874615256216 -0.0903093827289675 5.16996022510104 1.46571821079083 -0.0903093827289675 5.20083059547535 1.46106124851592 -0.0903093827289675 5.88561242882316 0.738589462853724 -0.0903093827289675 5.76149967544263
0.738589462853724 -0.0903093827289675 5.76149967544263 1.46106124851592 -0.0903093827289675 5.88561242882316 1.47453901413775 -0.0903093827251137 6.44545649925666 0.739493814827462 -0.0903093827290141 6.44545649925666
0.739493814827462 -0.0903093827290141 6.44545649925666 1.47453901413775 -0.0903093827251137 6.44545649925666 1.43961793614681 0.524897955129361 6.44545649925666 0.727571182019478 0.524897955129493 6.44545649925666
0.727571182019478 0.524897955129493 6.44545649925666 1.43961793614681 0.524897955129361 6.44545649925666 1.46256615849795 0.524897955129479 5.77434327250382 0.71172070658486 0.524897955129479 5.75042756287116
0.71172070658486 0.524897955129479 5.75042756287116 1.46256615849795 0.524897955129479 5.77434327250382 1.49107449369362 0.524897955129479 5.00899480793978 0.747489755476193 0.524897955129479 5.00112145921267
0.747489755476193 0.524897955129479 5.00112145921267 1.49107449369362 0.524897955129479 5.00899480793978 1.49802307432621 0.524897955129479 4.14629770266933 0.768236495361534 0.524897955129479 4.12977617495861
0.768236495361534 0.524897955129479 4.12977617495861 1.49802307432621 0.524897955129479 4.14629770266933 1.44581412395086 0.524897955129479 3.22272824962941 0.763843282985813 0.524897955129479 3.22272824962854
1.45202358426367 -0.0903093827289677 3.22272824962676 2.15336766563383 -0.0903093827289677 3.22272824962921 2.17025134460576 -0.0903093827289676 3.8730172499881 1.48648874972522 -0.0903093827289676 3.86416963203446
1.48648874972522 -0.0903093827289676 3.86416963203446 2.17025134460576 -0.0903093827289676 3.8730172499881 2.16117705717081 -0.0903093827289676 4.49749084519868 1.4660299312665 -0.0903093827289676 4.50891930711109
1.4660299312665 -0.0903093827289676 4.50891930711109 2.16117705717081 -0.0903093827289676 4.49749084519868 2.16200433871365 -0.0903093827289675 5.13175608152264 1.46571821079083 -0.0903093827289675 5.20083059547535
1.46571821079083 -0.0903093827289675 5.20083059547535 2.16200433871365 -0.0903093827289675 5.13175608152264 2.1817290913438 -0.0903093827289675 5.72656538356611 1.46106124851592 -0.0903093827289675 5.88561242882316
1.46106124851592 -0.0903093827289675 5.88561242882316 2.1817290913438 -0.0903093827289675 5.72656538356611 2.19135579099398 -0.0903093827283927 6.44545649925666 1.47453901413775 -0.0903093827251137 6.44545649925666
1.47453901413775 -0.0903093827251137 6.44545649925666 2.19135579099398 -0.0903093827283927 6.44545649925666 2.18353615031648 0.524897955129479 6.44545649925239 1.43961793614681 0.524897955129361 6.44545649925666
1.43961793614681 0.524897955129361 6.44545649925666 2.18353615031648 0.524897955129479 6.44545649925239 2.1946795872444 0.524897955129479 5.77216655458897 1.46256615849795 0.524897955129479 5.77434327250382
1.46256615849795 0.524897955129479 5.77434327250382 2.1946795872444 0.524897955129479 5.77216655458897 2.23991266882487 0.524897955129479 5.00509135227914 1.49107449369362 0.524897955129479 5.00899480793978
1.49107449369362 0.524897955129479 5.00899480793978 2.23991266882487 0.524897955129479 5.00509135227914 2.22530593881788 0.524897955129479 4.15209641845713 1.49802307432621 0.524897955129479 4.14629770266933
1.49802307432621 0.524897955129479 4.14629770266933 2.22530593881788 0.524897955129479 4.15209641845713 2.20466916248713 0.524897955129479 3.22272824962867 1.44581412395086 0.524897955129479 3.22272824962941
2.15336766563383 -0.0903093827289677 3.22272824962921 2.82704132025123 -0.0903093827289677 3.22272824962933 2.84910921514264 -0.0903093827289676 3.8581369894874 2.17025134460576 -0.0903093827289676 3.8730172499881
2.17025134460576 -0.0903093827289676 3.8730172499881 2.84910921514264 -0.0903093827289676 3.8581369894874 2.84140793644513 -0.0903093827289676 4.49978269472416 2.16117705717081 -0.0903093827289676 4.49749084519868
2.16117705717081 -0.0903093827289676 4.49749084519868 2.84140793644513 -0.0903093827289676 4.49978269472416 2.86090186027646 -0.0903093827289675 5.19212248318178 2.16200433871365 -0.0903093827289675 5.13175608152264
2.16200433871365 -0.0903093827289675 5.13175608152264 2.86090186027646 -0.0903093827289675 5.19212248318178 2.87965450574575 -0.0903093827289675 5.87265582603461 2.1817290913438 -0.0903093827289675 5.72656538356611
2.1817290913438 -0.0903093827289675 5.72656538356611 2.87965450574575 -0.0903093827289675 5.87265582603461 2.89866395884689 -0.0903093827283279 6.44545649925666 2.19135579099398 -0.0903093827283927 6.44545649925666
2.19135579099398 -0.0903093827283927 6.44545649925666 2.89866395884689 -0.0903093827283279 6.44545649925666 2.92312630689049 0.524897955129094 6.44545649925666 2.18353615031648 0.524897955129479 6.44545649925239
2.18353615031648 0.524897955129479 6.44545649925239 2.92312630689049 0.524897955129094 6.44545649925666 2.9504538033822 0.524897955129479 5.80763858242127 2.1946795872444 0.524897955129479 5.77216655458897
2.1946795872444 0.524897955129479 5.77216655458897 2.9504538033822 0.524897955129479 5.80763858242127 2.9814250795405 0.524897955129479 5.02420463842043 2.23991266882487 0.524897955129479 5.00509135227914
2.23991266882487 0.524897955129479 5.00509135227914 2.9814250795405 0.524897955129479 5.02420463842043 2.95695640629256 0.524897955129479 4.15166696169421 2.22530593881788 0.524897955129479 4.15209641845713
2.22530593881788 0.524897955129479 4.15209641845713 2.95695640629256 0.524897955129479 4.15166696169421 2.88313516030761 0.524897955129479 3.22272824962873 2.20466916248713 0.524897955129479 3.22272824962867
2.82704132025123 -0.0903093827289677 3.22272824962933 3.50891148480692 -0.0903093827289677 3.22272824963213 3.52043368497623 -0.0903093827289676 3.86184906298216 2.84910921514264 -0.0903093827289676 3.8581369894874
2.84910921514264 -0.0903093827289676 3.8581369894874 3.52043368497623 -0.0903093827289676 3.86184906298216 3.52605255278907 -0.0903093827289676 4.48398613202198 2.84140793644513 -0.0903093827289676 4.49978269472416
2.84140793644513 -0.0903093827289676 4.49978269472416 3.52605255278907 -0.0903093827289676 4.48398613202198 3.54231616036045 -0.0903093827289675 5.12257942117046 2.86090186027646 -0.0903093827289675 5.19212248318178
2.86090186027646 -0.0903093827289675 5.19212248318178 3.54231616036045 -0.0903093827289675 5.12257942117046 3.57342157902891 -0.0903093827289675 5.72508889420436 2.87965450574575 -0.0903093827289675 5.87265582603461
2.87965450574575 -0.0903093827289675 5.87265582603461 3.57342157902891 -0.0903093827289675 5.72508889420436 3.60784260206724 -0.0903093827299659 6.44545649925666 2.89866395884689 -0.0903093827283279 6.44545649925666
2.89866395884689 -0.0903093827283279 6.44545649925666 3.60784260206724 -0.0903093827299659 6.44545649925666 3.66193353011076 0.524897955126708 6.44545649925666 2.92312630689049 0.524897955129094 6.44545649925666
2.92312630689049 0.524897955129094 6.44545649925666 3.66193353011076 0.524897955126708 6.44545649925666 3.71627017075758 0.524897955129479 5.77562081526452 2.9504538033822 0.524897955129479 5.80763858242127
2.9504538033822 0.524897955129479 5.80763858242127 3.71627017075758 0.524897955129479 5.77562081526452 3.71266582976987 0.524897955129479 5.03038312446844 2.9814250795405 0.524897955129479 5.02420463842043
2.9814250795405 0.524897955129479 5.02420463842043 3.71266582976987 0.524897955129479 5.03038312446844 3.68995596843096 0.524897955129479 4.16180010336404 2.95695640629256 0.524897955129479 4.15166696169421
2.95695640629256 0.524897955129479 4.15166696169421 3.68995596843096 0.524897955129479 4.16180010336404 3.65420504633505 0.524897955129479 3.22272824962849 2.88313516030761 0.524897955129479 3.22272824962873
3.50891148480692 -0.0903093827289677 3.22272824963213 4.17124945771609 -0.0903093827289677 3.22272824962505 4.18840020766494 -0.0903093827289676 3.8624173597208 3.52043368497623 -0.0903093827289676 3.86184906298216
3.52043368497623 -0.0903093827289676 3.86184906298216 4.18840020766494 -0.0903093827289676 3.8624173597208 4.18860274152577 -0.0903093827289676 4.50542648365207 3.52605255278907 -0.0903093827289676 4.48398613202198
3.52605255278907 -0.0903093827289676 4.48398613202198 4.18860274152577 -0.0903093827289676 4.50542648365207 4.22594249038491 -0.0903093827289675 5.19759606298785 3.54231616036045 -0.0903093827289675 5.12257942117046
3.54231616036045 -0.0903093827289675 5.12257942117046 4.22594249038491 -0.0903093827289675 5.19759606298785 4.28696470539803 -0.0903093827289675 5.86913461153377 3.57342157902891 -0.0903093827289675 5.72508889420436
3.57342157902891 -0.0903093827289675 5.72508889420436 4.28696470539803 -0.0903093827289675 5.86913461153377 4.31808767735125 -0.0903093827284172 6.44545649925666 3.60784260206724 -0.0903093827299659 6.44545649925666
3.60784260206724 -0.0903093827299659 6.44545649925666 4.31808767735125 -0.0903093827284172 6.44545649925666 4.42433837421954 0.524897955129479 6.44545649925475 3.66193353011076 0.524897955126708 6.44545649925666
3.66193353011076 0.524897955126708 6.44545649925666 4.42433837421954 0.524897955129479 6.44545649925475 4.45706396851654 0.524897955129479 5.79851702661664 3.71627017075758 0.524897955129479 5.77562081526452
3.71627017075758 0.524897955129479 5.77562081526452 4.45706396851654 0.524897955129479 5.79851702661664 4.48714907085354 0.524897955129479 5.01384107006737 3.71266582976987 0.524897955129479 5.03038312446844
3.71266582976987 0.524897955129479 5.03038312446844 4.48714907085354 0.524897955129479 5.01384107006737 4.4134620377266 0.524897955129479 4.16298453582439 3.68995596843096 0.524897955129479 4.16180010336404
3.68995596843096 0.524897955129479 4.16180010336404 4.4134620377266 0.524897955129479 4.16298453582439 4.34138058373358 0.524897955129479 3.22272824962861 3.65420504633505 0.524897955129479 3.22272824962849
4.17124945771609 -0.0903093827289677 3.22272824962505 4.84018004562609 -0.0903093827289677 3.2227282496248 4.85739854272068 -0.0903093827289676 3.8549855527442 4.18840020766494 -0.0903093827289676 3.8624173597208
4.18840020766494 -0.0903093827289676 3.8624173597208 4.85739854272068 -0.0903093827289676 3.8549855527442 4.85486948686442 -0.0903093827289676 4.48374059423206 4.18860274152577 -0.0903093827289676 4.50542648365207
4.18860274152577 -0.0903093827289676 4.50542648365207 4.85486948686442 -0.0903093827289676 4.48374059423206 4.87763260868516 -0.0903093827289675 5.12897387806841 4.22594249038491 -0.0903093827289675 5.19759606298785
4.22594249038491 -0.0903093827289675 5.19759606298785 4.87763260868516 -0.0903093827289675 5.12897387806841 4.98860044537395 -0.0903093827289675 5.76168569114827 4.28696470539803 -0.0903093827289675 5.86913461153377
4.28696470539803 -0.0903093827289675 5.86913461153377 4.98860044537395 -0.0903093827289675 5.76168569114827 5.10711967502424 -0.0903093827280268 6.44545649925666 4.31808767735125 -0.0903093827284172 6.44545649925666
4.31808767735125 -0.0903093827284172 6.44545649925666 5.10711967502424 -0.0903093827280268 6.44545649925666 5.14126532392224 0.52489795512937 6.44545649925666 4.42433837421954 0.524897955129479 6.44545649925475
4.42433837421954 0.524897955129479 6.44545649925475 5.14126532392224 0.52489795512937 6.44545649925666 5.23269609472988 0.524897955129479 5.75783697979092 4.45706396851654 0.524897955129479 5.79851702661664
4.45706396851654 0.524897955129479 5.79851702661664 5.23269609472988 0.524897955129479 5.75783697979092 5.22000688127383 0.524897955129479 5.00597017699603 4.48714907085354 0.524897955129479 5.01384107006737
4.48714907085354 0.524897955129479 5.01384107006737 5.22000688127383 0.524897955129479 5.00597017699603 5.1818553130279 0.524897955129479 4.13207964196249 4.4134620377266 0.524897955129479 4.16298453582439
4.4134620377266 0.524897955129479 4.16298453582439 5.1818553130279 0.524897955129479 4.13207964196249 5.11153684208569 0.524897955129479 3.22272824962954 4.34138058373358 0.524897955129479 3.22272824962861
4.84018004562609 -0.0903093827289677 3.2227282496248 5.5196999174845 -0.0903093827289677 3.22272824962643 5.52425006381234 -0.0903093827289676 3.84617457568003 4.85739854272068 -0.0903093827289676 3.8549855527442
4.85739854272068 -0.0903093827289676 3.8549855527442 5.52425006381234 -0.0903093827289676 3.84617457568003 5.526264155826 -0.0903093827289676 4.47348594811351 4.85486948686442 -0.0903093827289676 4.48374059423206
4.85486948686442 -0.0903093827289676 4.48374059423206 5.526264155826 -0.0903093827289676 4.47348594811351 5.5400884365892 -0.0903093827289675 5.17641779509141 4.87763260868516 -0.0903093827289675 5.12897387806841
4.87763260868516 -0.0903093827289675 5.12897387806841 5.5400884365892 -0.0903093827289675 5.17641779509141 5.65407641803325 -0.0903093827289675 5.85548646319194 4.98860044537395 -0.0903093827289675 5.76168569114827
4.98860044537395 -0.0903093827289675 5.76168569114827 5.65407641803325 -0.0903093827289675 5.85548646319194 5.85162034651076 -0.0903093827289675 6.44545649925502 5.10711967502424 -0.0903093827280268 6.44545649925666
5.10711967502424 -0.0903093827280268 6.44545649925666 5.85162034651076 -0.0903093827289675 6.44545649925502 5.90187391917874 0.524897955129178 6.44545649925666 5.14126532392224 0.52489795512937 6.44545649925666
5.14126532392224 0.52489795512937 6.44545649925666 5.90187391917874 0.524897955129178 6.44545649925666 5.95518752258088 0.524897955129479 5.79628510298797 5.23269609472988 0.524897955129479 5.75783697979092
5.23269609472988 0.524897955129479 5.75783697979092 5.95518752258088 0.524897955129479 5.79628510298797 5.98653382530212 0.524897955129479 4.95180619141895 5.22000688127383 0.524897955129479 5.00597017699603
5.22000688127383 0.524897955129479 5.00597017699603 5.98653382530212 0.524897955129479 4.95180619141895 5.93123664940165 0.524897955129479 4.09959196099319 5.1818553130279 0.524897955129479 4.13207964196249
5.1818553130279 0.524897955129479 4.13207964196249 5.93123664940165 0.524897955129479 4.09959196099319 5.88961164793515 0.524897955129479 3.22272824962884 5.11153684208569 0.524897955129479 3.22272824962954
5.5196999174845 -0.0903093827289677 3.22272824962643 6.20354726414845 -0.0903093827289677 3.22272824962482 6.25260754001982 -0.0903093827289676 3.82983492122042 5.52425006381234 -0.0903093827289676 3.84617457568003
5.52425006381234 -0.0903093827289676 3.84617457568003 6.25260754001982 -0.0903093827289676 3.82983492122042 6.19901622466745 -0.0903093827289676 4.43873783890437 5.526264155826 -0.0903093827289676 4.47348594811351
5.526264155826 -0.0903093827289676 4.47348594811351 6.19901622466745 -0.0903093827289676 4.43873783890437 6.24597766118937 -0.0903093827289675 5.05329225848869 5.5400884365892 -0.0903093827289675 5.17641779509141
5.5400884365892 -0.0903093827289675 5.17641779509141 6.24597766118937 -0.0903093827289675 5.05329225848869 6.3243256631386 -0.0903093827289675 5.71383268835267 5.65407641803325 -0.0903093827289675 5.85548646319194
5.65407641803325 -0.0903093827289675 5.85548646319194 6.3243256631386 -0.0903093827289675 5.71383268835267 6.44402988606136 -0.0903093827289675 6.44545649925666 5.85162034651076 -0.0903093827289675 6.44545649925502
5.85162034651076 -0.0903093827289675 6.44545649925502 6.44402988606136 -0.0903093827289675 6.44545649925666 6.6526326295452 0.524897955129479 6.44545649925666 5.90187391917874 0.524897955129178 6.44545649925666
5.90187391917874 0.524897955129178 6.44545649925666 6.6526326295452 0.524897955129479 6.44545649925666 6.70463729970642 0.524897955129479 5.7268259462132 5.95518752258088 0.524897955129479 5.79628510298797
5.95518752258088 0.524897955129479 5.79628510298797 6.70463729970642 0.524897955129479 5.7268259462132 6.75391564482196 0.524897955129479 4.90384282860208 5.98653382530212 0.524897955129479 4.95180619141895
5.98653382530212 0.524897955129479 4.95180619141895 6.75391564482196 0.524897955129479 4.90384282860208 6.77180669507206 0.524897955129479 4.09961160484284 5.93123664940165 0.524897955129479 4.09959196099319
5.93123664940165 0.524897955129479 4.09959196099319 6.77180669507206 0.524897955129479 4.09961160484284 6.7344744301668 0.524897955129479 3.22272824962861 5.88961164793515 0.524897955129479 3.22272824962884
6.20354726414845 -0.0903093827289677 3.22272824962482 6.97249786445315 -0.0903093827289677 3.22272824962712 6.97249786445332 -0.0903093827289676 3.8028285996856 6.25260754001982 -0.0903093827289676 3.82983492122042
6.25260754001982 -0.0903093827289676 3.82983492122042 6.97249786445332 -0.0903093827289676 3.8028285996856 6.97249786445342 -0.0903093827289676 4.38787642827458 6.19901622466745 -0.0903093827289676 4.43873783890437
6.19901622466745 -0.0903093827289676 4.43873783890437 6.97249786445342 -0.0903093827289676 4.38787642827458 6.97249786445777 -0.0903093827289676 4.93899261385967 6.24597766118937 -0.0903093827289675 5.05329225848869
6.24597766118937 -0.0903093827289675 5.05329225848869 6.97249786445777 -0.0903093827289676 4.93899261385967 6.97249786445567 -0.0903093827289675 5.57420541689983 6.3243256631386 -0.0903093827289675 5.71383268835267
6.3243256631386 -0.0903093827289675 5.71383268835267 6.97249786445567 -0.0903093827289675 5.57420541689983 6.97249786445766 -0.0903093827270924 6.44545649925666 6.44402988606136 -0.0903093827289675 6.44545649925666
6.44402988606136 -0.0903093827289675 6.44545649925666 6.97249786445766 -0.0903093827270924 6.44545649925666 7.58770520231422 0.524897955129406 6.44545649925666 6.6526326295452 0.524897955129479 6.44545649925666
6.6526326295452 0.524897955129479 6.44545649925666 7.58770520231422 0.524897955129406 6.44545649925666 7.58770520231426 0.524897955129479 5.79720553605031 6.70463729970642 0.524897955129479 5.7268259462132
6.70463729970642 0.524897955129479 5.7268259462132 7.58770520231426 0.524897955129479 5.79720553605031 7.5877052023143 0.524897955129479 4.97410510175534 6.75391564482196 0.524897955129479 4.90384282860208
6.75391564482196 0.524897955129479 4.90384282860208 7.5877052023143 0.524897955129479 4.97410510175534 7.58770520231419 0.524897955129479 4.11332207367363 6.77180669507206 0.524897955129479 4.09961160484284
6.77180669507206 0.524897955129479 4.09961160484284 7.58770520231419 0.524897955129479 4.11332207367363 7.58770520231467 0.524897955129479 3.2227282496284 6.7344744301668 0.524897955129479 3.22272824962861
-6.97249786445315 -0.0903093827289677 3.22272824962953 -6.97249786445332 -0.0903093827289676 2.64262789957105 -6.25260754001982 -0.0903093827289676 2.61562157803624 -6.20354726414845 -0.0903093827289677 3.22272824963183
-6.97249786445332 -0.0903093827289676 2.64262789957105 -6.97249786445342 -0.0903093827289676 2.05758007098208 -6.19901622466745 -0.0903093827289676 2.00671866035229 -6.25260754001982 -0.0903093827289676 2.61562157803624
-6.97249786445342 -0.0903093827289676 2.05758007098208 -6.97249786445777 -0.0903093827289676 1.50646388539699 -6.24597766118937 -0.0903093827289675 1.39216424076796 -6.19901622466745 -0.0903093827289676 2.00671866035229
-6.97249786445777 -0.0903093827289676 1.50646388539699 -6.97249786445567 -0.0903093827289675 0.871251082356823 -6.3243256631386 -0.0903093827289675 0.731623810903983 -6.24597766118937 -0.0903093827289675 1.39216424076796
-6.97249786445567 -0.0903093827289675 0.871251082356823 -6.97249786445766 -0.0903093827270924 0 -6.44402988606136 -0.0903093827289675 0 -6.3243256631386 -0.0903093827289675 0.731623810903983
-6.97249786445766 -0.0903093827270924 0 -7.58770520231422 0.524897955129406 0 -6.6526326295452 0.524897955129479 0 -6.44402988606136 -0.0903093827289675 0
-7.58770520231422 0.524897955129406 0 -7.58770520231426 0.524897955129479 0.64825096320635 -6.70463729970642 0.524897955129479 0.718630553043453 -6.6526326295452 0.524897955129479 0
-7.58770520231426 0.524897955129479 0.64825096320635 -7.5877052023143 0.524897955129479 1.47135139750131 -6.75391564482196 0.524897955129479 1.54161367065458 -6.70463729970642 0.524897955129479 0.718630553043453
-7.5877052023143 0.524897955129479 1.47135139750131 -7.58770520231419 0.524897955129479 2.33213442558303 -6.77180669507206 0.524897955129479 2.34584489441381 -6.75391564482196 0.524897955129479 1.54161367065458
-7.58770520231419 0.524897955129479 2.33213442558303 -7.58770520231467 0.524897955129479 3.22272824962826 -6.7344744301668 0.524897955129479 3.22272824962805 -6.77180669507206 0.524897955129479 2.34584489441381
-6.20354726414845 -0.0903093827289677 3.22272824963183 -6.25260754001982 -0.0903093827289676 2.61562157803624 -5.52425006381234 -0.0903093827289676 2.59928192357663 -5.5196999174845 -0.0903093827289677 3.22272824963023
-6.25260754001982 -0.0903093827289676 2.61562157803624 -6.19901622466745 -0.0903093827289676 2.00671866035229 -5.526264155826 -0.0903093827289676 1.97197055114315 -5.52425006381234 -0.0903093827289676 2.59928192357663
-6.19901622466745 -0.0903093827289676 2.00671866035229 -6.24597766118937 -0.0903093827289675 1.39216424076796 -5.5400884365892 -0.0903093827289675 1.26903870416524 -5.526264155826 -0.0903093827289676 1.97197055114315
-6.24597766118937 -0.0903093827289675 1.39216424076796 -6.3243256631386 -0.0903093827289675 0.731623810903983 -5.65407641803325 -0.0903093827289675 0.589970036064717 -5.5400884365892 -0.0903093827289675 1.26903870416524
-6.3243256631386 -0.0903093827289675 0.731623810903983 -6.44402988606136 -0.0903093827289675 0 -5.85162034651076 -0.0903093827289675 1.63877245107358e-12 -5.65407641803325 -0.0903093827289675 0.589970036064717
-6.44402988606136 -0.0903093827289675 0 -6.6526326295452 0.524897955129479 0 -5.90187391917874 0.524897955129178 0 -5.85162034651076 -0.0903093827289675 1.63877245107358e-12
-6.6526326295452 0.524897955129479 0 -6.70463729970642 0.524897955129479 0.718630553043453 -5.95518752258088 0.524897955129479 0.649171396268691 -5.90187391917874 0.524897955129178 0
-6.70463729970642 0.524897955129479 0.718630553043453 -6.75391564482196 0.524897955129479 1.54161367065458 -5.98653382530212 0.524897955129479 1.49365030783771 -5.95518752258088 0.524897955129479 0.649171396268691
-6.75391564482196 0.524897955129479 1.54161367065458 -6.77180669507206 0.524897955129479 2.34584489441381 -5.93123664940165 0.524897955129479 2.34586453826347 -5.98653382530212 0.524897955129479 1.49365030783771
-6.77180669507206 0.524897955129479 2.34584489441381 -6.7344744301668 0.524897955129479 3.22272824962805 -5.88961164793515 0.524897955129479 3.22272824962781 -5.93123664940165 0.524897955129479 2.34586453826347
-5.5196999174845 -0.0903093827289677 3.22272824963023 -5.52425006381234 -0.0903093827289676 2.59928192357663 -4.85739854272068 -0.0903093827289676 2.59047094651246 -4.84018004562609 -0.0903093827289677 3.22272824963186
-5.52425006381234 -0.0903093827289676 2.59928192357663 -5.526264155826 -0.0903093827289676 1.97197055114315 -4.85486948686442 -0.0903093827289676 1.96171590502459 -4.85739854272068 -0.0903093827289676 2.59047094651246
-5.526264155826 -0.0903093827289676 1.97197055114315 -5.5400884365892 -0.0903093827289675 1.26903870416524 -4.87763260868516 -0.0903093827289675 1.31648262118824 -4.85486948686442 -0.0903093827289676 1.96171590502459
-5.5400884365892 -0.0903093827289675 1.26903870416524 -5.65407641803325 -0.0903093827289675 0.589970036064717 -4.98860044537395 -0.0903093827289675 0.683770808108383 -4.87763260868516 -0.0903093827289675 1.31648262118824
-5.65407641803325 -0.0903093827289675 0.589970036064717 -5.85162034651076 -0.0903093827289675 1.63877245107358e-12 -5.10711967502424 -0.0903093827280268 0 -4.98860044537395 -0.0903093827289675 0.683770808108383
-5.85162034651076 -0.0903093827289675 1.63877245107358e-12 -5.90187391917874 0.524897955129178 0 -5.14126532392224 0.52489795512937 0 -5.10711967502424 -0.0903093827280268 0
-5.90187391917874 0.524897955129178 0 -5.95518752258088 0.524897955129479 0.649171396268691 -5.23269609472988 0.524897955129479 0.687619519465733 -5.14126532392224 0.52489795512937 0
-5.95518752258088 0.524897955129479 0.649171396268691 -5.98653382530212 0.524897955129479 1.49365030783771 -5.22000688127383 0.524897955129479 1.43948632226063 -5.23269609472988 0.524897955129479 0.687619519465733
-5.98653382530212 0.524897955129479 1.49365030783771 -5.93123664940165 0.524897955129479 2.34586453826347 -5.1818553130279 0.524897955129479 2.31337685729417 -5.22000688127383 0.524897955129479 1.43948632226063
-5.93123664940165 0.524897955129479 2.34586453826347 -5.88961164793515 0.524897955129479 3.22272824962781 -5.11153684208569 0.524897955129479 3.22272824962712 -5.1818553130279 0.524897955129479 2.31337685729417
-4.84018004562609 -0.0903093827289677 3.22272824963186 -4.85739854272068 -0.0903093827289676 2.59047094651246 -4.18840020766494 -0.0903093827289676 2.58303913953586 -4.17124945771609 -0.0903093827289677 3.2227282496316
-4.85739854272068 -0.0903093827289676 2.59047094651246 -4.85486948686442 -0.0903093827289676 1.96171590502459 -4.18860274152577 -0.0903093827289676 1.94003001560459 -4.18840020766494 -0.0903093827289676 2.58303913953586
-4.85486948686442 -0.0903093827289676 1.96171590502459 -4.87763260868516 -0.0903093827289675 1.31648262118824 -4.22594249038491 -0.0903093827289675 1.2478604362688 -4.18860274152577 -0.0903093827289676 1.94003001560459
-4.87763260868516 -0.0903093827289675 1.31648262118824 -4.98860044537395 -0.0903093827289675 0.683770808108383 -4.28696470539803 -0.0903093827289675 0.576321887722882 -4.22594249038491 -0.0903093827289675 1.2478604362688
-4.98860044537395 -0.0903093827289675 0.683770808108383 -5.10711967502424 -0.0903093827280268 0 -4.31808767735125 -0.0903093827284172 0 -4.28696470539803 -0.0903093827289675 0.576321887722882
-5.10711967502424 -0.0903093827280268 0 -5.14126532392224 0.52489795512937 0 -4.42433837421954 0.524897955129479 1.91169302610206e-12 -4.31808767735125 -0.0903093827284172 0
-5.14126532392224 0.52489795512937 0 -5.23269609472988 0.524897955129479 0.687619519465733 -4.45706396851654 0.524897955129479 0.646939472640017 -4.42433837421954 0.524897955129479 1.91169302610206e-12
-5.23269609472988 0.524897955129479 0.687619519465733 -5.22000688127383 0.524897955129479 1.43948632226063 -4.48714907085354 0.524897955129479 1.43161542918929 -4.45706396851654 0.524897955129479 0.646939472640017
-5.22000688127383 0.524897955129479 1.43948632226063 -5.1818553130279 0.524897955129479 2.31337685729417 -4.4134620377266 0.524897955129479 2.28247196343226 -4.48714907085354 0.524897955129479 1.43161542918929
-5.1818553130279 0.524897955129479 2.31337685729417 -5.11153684208569 0.524897955129479 3.22272824962712 -4.34138058373358 0.524897955129479 3.22272824962804 -4.4134620377266 0.524897955129479 2.28247196343226
-4.17124945771609 -0.0903093827289677 3.2227282496316 -4.18840020766494 -0.0903093827289676 2.58303913953586 -3.52043368497623 -0.0903093827289676 2.5836074362745 -3.50891148480692 -0.0903093827289677 3.22272824962453
-4.18840020766494 -0.0903093827289676 2.58303913953586 -4.18860274152577 -0.0903093827289676 1.94003001560459 -3.52605255278907 -0.0903093827289676 1.96147036723468 -3.52043368497623 -0.0903093827289676 2.5836074362745
-4.18860274152577 -0.0903093827289676 1.94003001560459 -4.22594249038491 -0.0903093827289675 1.2478604362688 -3.54231616036045 -0.0903093827289675 1.3228770780862 -3.52605255278907 -0.0903093827289676 1.96147036723468
-4.22594249038491 -0.0903093827289675 1.2478604362688 -4.28696470539803 -0.0903093827289675 0.576321887722882 -3.57342157902891 -0.0903093827289675 0.720367605052299 -3.54231616036045 -0.0903093827289675 1.3228770780862
-4.28696470539803 -0.0903093827289675 0.576321887722882 -4.31808767735125 -0.0903093827284172 0 -3.60784260206724 -0.0903093827299659 0 -3.57342157902891 -0.0903093827289675 0.720367605052299
-4.31808767735125 -0.0903093827284172 0 -4.42433837421954 0.524897955129479 1.91169302610206e-12 -3.66193353011076 0.524897955126708 0 -3.60784260206724 -0.0903093827299659 0
-4.42433837421954 0.524897955129479 1.91169302610206e-12 -4.45706396851654 0.524897955129479 0.646939472640017 -3.71627017075758 0.524897955129479 0.669835683992137 -3.66193353011076 0.524897955126708 0
-4.45706396851654 0.524897955129479 0.646939472640017 -4.48714907085354 0.524897955129479 1.43161542918929 -3.71266582976987 0.524897955129479 1.41507337478821 -3.71627017075758 0.524897955129479 0.669835683992137
-4.48714907085354 0.524897955129479 1.43161542918929 -4.4134620377266 0.524897955129479 2.28247196343226 -3.68995596843096 0.524897955129479 2.28365639589262 -3.71266582976987 0.524897955129479 1.41507337478821
-4.4134620377266 0.524897955129479 2.28247196343226 -4.34138058373358 0.524897955129479 3.22272824962804 -3.65420504633505 0.524897955129479 3.22272824962817 -3.68995596843096 0.524897955129479 2.28365639589262
-3.50891148480692 -0.0903093827289677 3.22272824962453 -3.52043368497623 -0.0903093827289676 2.5836074362745 -2.84910921514264 -0.0903093827289676 2.58731950976925 -2.82704132025123 -0.0903093827289677 3.22272824962733
-3.52043368497623 -0.0903093827289676 2.5836074362745 -3.52605255278907 -0.0903093827289676 1.96147036723468 -2.84140793644513 -0.0903093827289676 1.9456738045325 -2.84910921514264 -0.0903093827289676 2.58731950976925
-3.52605255278907 -0.0903093827289676 1.96147036723468 -3.54231616036045 -0.0903093827289675 1.3228770780862 -2.86090186027646 -0.0903093827289675 1.25333401607488 -2.84140793644513 -0.0903093827289676 1.9456738045325
-3.54231616036045 -0.0903093827289675 1.3228770780862 -3.57342157902891 -0.0903093827289675 0.720367605052299 -2.87965450574575 -0.0903093827289675 0.572800673222046 -2.86090186027646 -0.0903093827289675 1.25333401607488
-3.57342157902891 -0.0903093827289675 0.720367605052299 -3.60784260206724 -0.0903093827299659 0 -2.89866395884689 -0.0903093827283279 0 -2.87965450574575 -0.0903093827289675 0.572800673222046
-3.60784260206724 -0.0903093827299659 0 -3.66193353011076 0.524897955126708 0 -2.92312630689049 0.524897955129094 0 -2.89866395884689 -0.0903093827283279 0
-3.66193353011076 0.524897955126708 0 -3.71627017075758 0.524897955129479 0.669835683992137 -2.9504538033822 0.524897955129479 0.637817916835382 -2.92312630689049 0.524897955129094 0
-3.71627017075758 0.524897955129479 0.669835683992137 -3.71266582976987 0.524897955129479 1.41507337478821 -2.9814250795405 0.524897955129479 1.42125186083622 -2.9504538033822 0.524897955129479 0.637817916835382
-3.71266582976987 0.524897955129479 1.41507337478821 -3.68995596843096 0.524897955129479 2.28365639589262 -2.95695640629256 0.524897955129479 2.29378953756244 -2.9814250795405 0.524897955129479 1.42125186083622
-3.68995596843096 0.524897955129479 2.28365639589262 -3.65420504633505 0.524897955129479 3.22272824962817 -2.88313516030761 0.524897955129479 3.22272824962793 -2.95695640629256 0.524897955129479 2.29378953756244
-2.82704132025123 -0.0903093827289677 3.22272824962733 -2.84910921514264 -0.0903093827289676 2.58731950976925 -2.17025134460576 -0.0903093827289676 2.57243924926856 -2.15336766563383 -0.0903093827289677 3.22272824962745
-2.84910921514264 -0.0903093827289676 2.58731950976925 -2.84140793644513 -0.0903093827289676 1.9456738045325 -2.16117705717081 -0.0903093827289676 1.94796565405798 -2.17025134460576 -0.0903093827289676 2.57243924926856
-2.84140793644513 -0.0903093827289676 1.9456738045325 -2.86090186027646 -0.0903093827289675 1.25333401607488 -2.16200433871365 -0.0903093827289675 1.31370041773401 -2.16117705717081 -0.0903093827289676 1.94796565405798
-2.86090186027646 -0.0903093827289675 1.25333401607488 -2.87965450574575 -0.0903093827289675 0.572800673222046 -2.1817290913438 -0.0903093827289675 0.718891115690549 -2.16200433871365 -0.0903093827289675 1.31370041773401
-2.87965450574575 -0.0903093827289675 0.572800673222046 -2.89866395884689 -0.0903093827283279 0 -2.19135579099398 -0.0903093827283927 0 -2.1817290913438 -0.0903093827289675 0.718891115690549
-2.89866395884689 -0.0903093827283279 0 -2.92312630689049 0.524897955129094 0 -2.18353615031648 0.524897955129479 4.2623682361409e-12 -2.19135579099398 -0.0903093827283927 0
-2.92312630689049 0.524897955129094 0 -2.9504538033822 0.524897955129479 0.637817916835382 -2.1946795872444 0.524897955129479 0.67328994466769 -2.18353615031648 0.524897955129479 4.2623682361409e-12
-2.9504538033822 0.524897955129479 0.637817916835382 -2.9814250795405 0.524897955129479 1.42125186083622 -2.23991266882487 0.524897955129479 1.44036514697751 -2.1946795872444 0.524897955129479 0.67328994466769
-2.9814250795405 0.524897955129479 1.42125186083622 -2.95695640629256 0.524897955129479 2.29378953756244 -2.22530593881788 0.524897955129479 2.29336008079953 -2.23991266882487 0.524897955129479 1.44036514697751
-2.95695640629256 0.524897955129479 2.29378953756244 -2.88313516030761 0.524897955129479 3.22272824962793 -2.20466916248713 0.524897955129479 3.22272824962799 -2.22530593881788 0.524897955129479 2.29336008079953
-2.15336766563383 -0.0903093827289677 3.22272824962745 -2.17025134460576 -0.0903093827289676 2.57243924926856 -1.48648874972522 -0.0903093827289676 2.5812868672222 -1.45202358426367 -0.0903093827289677 3.22272824962989
-2.17025134460576 -0.0903093827289676 2.57243924926856 -2.16117705717081 -0.0903093827289676 1.94796565405798 -1.4660299312665 -0.0903093827289676 1.93653719214557 -1.48648874972522 -0.0903093827289676 2.5812868672222
-2.16117705717081 -0.0903093827289676 1.94796565405798 -2.16200433871365 -0.0903093827289675 1.31370041773401 -1.46571821079083 -0.0903093827289675 1.24462590378131 -1.4660299312665 -0.0903093827289676 1.93653719214557
-2.16200433871365 -0.0903093827289675 1.31370041773401 -2.1817290913438 -0.0903093827289675 0.718891115690549 -1.46106124851592 -0.0903093827289675 0.559844070433492 -1.46571821079083 -0.0903093827289675 1.24462590378131
-2.1817290913438 -0.0903093827289675 0.718891115690549 -2.19135579099398 -0.0903093827283927 0 -1.47453901413775 -0.0903093827251137 0 -1.46106124851592 -0.0903093827289675 0.559844070433492
-2.19135579099398 -0.0903093827283927 0 -2.18353615031648 0.524897955129479 4.2623682361409e-12 -1.43961793614681 0.524897955129361 0 -1.47453901413775 -0.0903093827251137 0
-2.18353615031648 0.524897955129479 4.2623682361409e-12 -2.1946795872444 0.524897955129479 0.67328994466769 -1.46256615849795 0.524897955129479 0.671113226752837 -1.43961793614681 0.524897955129361 0
-2.1946795872444 0.524897955129479 0.67328994466769 -2.23991266882487 0.524897955129479 1.44036514697751 -1.49107449369362 0.524897955129479 1.43646169131688 -1.46256615849795 0.524897955129479 0.671113226752837
-2.23991266882487 0.524897955129479 1.44036514697751 -2.22530593881788 0.524897955129479 2.29336008079953 -1.49802307432621 0.524897955129479 2.29915879658732 -1.49107449369362 0.524897955129479 1.43646169131688
-2.22530593881788 0.524897955129479 2.29336008079953 -2.20466916248713 0.524897955129479 3.22272824962799 -1.44581412395086 0.524897955129479 3.22272824962725 -1.49802307432621 0.524897955129479 2.29915879658732
-1.45202358426367 -0.0903093827289677 3.22272824962989 -1.48648874972522 -0.0903093827289676 2.5812868672222 -0.742353597948696 -0.0903093827289676 2.60629091086579 -0.756166646233423 -0.0903093827289677 3.22272824962908
-1.48648874972522 -0.0903093827289676 2.5812868672222 -1.4660299312665 -0.0903093827289676 1.93653719214557 -0.78061131028671 -0.0903093827289676 1.94257870981594 -0.742353597948696 -0.0903093827289676 2.60629091086579
-1.4660299312665 -0.0903093827289676 1.93653719214557 -1.46571821079083 -0.0903093827289675 1.24462590378131 -0.729874615256216 -0.0903093827289675 1.27549627415562 -0.78061131028671 -0.0903093827289676 1.94257870981594
-1.46571821079083 -0.0903093827289675 1.24462590378131 -1.46106124851592 -0.0903093827289675 0.559844070433492 -0.738589462853724 -0.0903093827289675 0.683956823814027 -0.729874615256216 -0.0903093827289675 1.27549627415562
-1.46106124851592 -0.0903093827289675 0.559844070433492 -1.47453901413775 -0.0903093827251137 0 -0.739493814827462 -0.0903093827290141 0 -0.738589462853724 -0.0903093827289675 0.683956823814027
-1.47453901413775 -0.0903093827251137 0 -1.43961793614681 0.524897955129361 0 -0.727571182019478 0.524897955129493 0 -0.739493814827462 -0.0903093827290141 0
-1.43961793614681 0.524897955129361 0 -1.46256615849795 0.524897955129479 0.671113226752837 -0.71172070658486 0.524897955129479 0.695028936385492 -0.727571182019478 0.524897955129493 0
-1.46256615849795 0.524897955129479 0.671113226752837 -1.49107449369362 0.524897955129479 1.43646169131688 -0.747489755476193 0.524897955129479 1.44433504004399 -0.71172070658486 0.524897955129479 0.695028936385492
-1.49107449369362 0.524897955129479 1.43646169131688 -1.49802307432621 0.524897955129479 2.29915879658732 -0.768236495361534 0.524897955129479 2.31568032429805 -0.747489755476193 0.524897955129479 1.44433504004399
-1.49802307432621 0.524897955129479 2.29915879658732 -1.44581412395086 0.524897955129479 3.22272824962725 -0.763843282985813 0.524897955129479 3.22272824962812 -0.768236495361534 0.524897955129479 2.31568032429805
-0.756166646233423 -0.0903093827289677 3.22272824962908 -0.742353597948696 -0.0903093827289676 2.60629091086579 0 -0.0903093827289676 2.5886766095706 0 -0.0903093827289677 3.22272824962898
-0.742353597948696 -0.0903093827289676 2.60629091086579 -0.78061131028671 -0.0903093827289676 1.94257870981594 0 -0.0903093827289676 1.95646163940533 0 -0.0903093827289676 2.5886766095706
-0.78061131028671 -0.0903093827289676 1.94257870981594 -0.729874615256216 -0.0903093827289675 1.27549627415562 0 -0.0903093827289675 1.25917036384134 0 -0.0903093827289676 1.95646163940533
-0.729874615256216 -0.0903093827289675 1.27549627415562 -0.738589462853724 -0.0903093827289675 0.683956823814027 0 -0.0903093827289675 0.557881138371326 0 -0.0903093827289675 1.25917036384134
-0.738589462853724 -0.0903093827289675 0.683956823814027 -0.739493814827462 -0.0903093827290141 0 0 -0.0903093827297852 0 0 -0.0903093827289675 0.557881138371326
-0.739493814827462 -0.0903093827290141 0 -0.727571182019478 0.524897955129493 0 0 0.524897955129766 0 0 -0.0903093827297852 0
-0.727571182019478 0.524897955129493 0 -0.71172070658486 0.524897955129479 0.695028936385492 0 0.524897955129479 0.727547338803837 0 0.524897955129766 0
-0.71172070658486 0.524897955129479 0.695028936385492 -0.747489755476193 0.524897955129479 1.44433504004399 0 0.524897955129479 1.49782610755475 0 0.524897955129479 0.727547338803837
-0.747489755476193 0.524897955129479 1.44433504004399 -0.768236495361534 0.524897955129479 2.31568032429805 0 0.524897955129479 2.37467624747339 0 0.524897955129479 1.49782610755475
-0.768236495361534 0.524897955129479 2.31568032429805 -0.763843282985813 0.524897955129479 3.22272824962812 0 0.524897955129479 3.22272824962845 0 0.524897955129479 2.37467624747339
0 -0.0903093827289677 3.22272824962898 0 -0.0903093827289676 2.5886766095706 0.742353597948696 -0.0903093827289676 2.60629091086579 0.756166646233423 -0.0903093827289677 3.22272824962908
0 -0.0903093827289676 2.5886766095706 0 -0.0903093827289676 1.95646163940533 0.78061131028671 -0.0903093827289676 1.94257870981594 0.742353597948696 -0.0903093827289676 2.60629091086579
0 -0.0903093827289676 1.95646163940533 0 -0.0903093827289675 1.25917036384134 0.729874615256216 -0.0903093827289675 1.27549627415562 0.78061131028671 -0.0903093827289676 1.94257870981594
0 -0.0903093827289675 1.25917036384134 0 -0.0903093827289675 0.557881138371326 0.738589462853724 -0.0903093827289675 0.683956823814027 0.729874615256216 -0.0903093827289675 1.27549627415562
0 -0.0903093827289675 0.557881138371326 0 -0.0903093827297852 0 0.739493814827462 -0.0903093827290141 0 0.738589462853724 -0.0903093827289675 0.683956823814027
0 -0.0903093827297852 0 0 0.524897955129766 0 0.727571182019478 0.524897955129493 0 0.739493814827462 -0.0903093827290141 0
0 0.524897955129766 0 0 0.524897955129479 0.727547338803837 0.71172070658486 0.524897955129479 0.695028936385492 0.727571182019478 0.524897955129493 0
0 0.524897955129479 0.727547338803837 0 0.524897955129479 1.49782610755475 0.747489755476193 0.524897955129479 1.44433504004399 0.71172070658486 0.524897955129479 0.695028936385492
0 0.524897955129479 1.49782610755475 0 0.524897955129479 2.37467624747339 0.768236495361534 0.524897955129479 2.31568032429805 0.747489755476193 0.524897955129479 1.44433504004399
0 0.524897955129479 2.37467624747339 0 0.524897955129479 3.22272824962845 0.763843282985813 0.524897955129479 3.22272824962812 0.768236495361534 0.524897955129479 2.31568032429805
0.756166646233423 -0.0903093827289677 3.22272824962908 0.742353597948696 -0.0903093827289676 2.60629091086579 1.48648874972522 -0.0903093827289676 2.5812868672222 1.45202358426367 -0.0903093827289677 3.22272824962989
0.742353597948696 -0.0903093827289676 2.60629091086579 0.78061131028671 -0.0903093827289676 1.94257870981594 1.4660299312665 -0.0903093827289676 1.93653719214557 1.48648874972522 -0.0903093827289676 2.5812868672222
0.78061131028671 -0.0903093827289676 1.94257870981594 0.729874615256216 -0.0903093827289675 1.27549627415562 1.46571821079083 -0.0903093827289675 1.24462590378131 1.4660299312665 -0.0903093827289676 1.93653719214557
0.729874615256216 -0.0903093827289675 1.27549627415562 0.738589462853724 -0.0903093827289675 0.683956823814027 1.46106124851592 -0.0903093827289675 0.559844070433492 1.46571821079083 -0.0903093827289675 1.24462590378131
0.738589462853724 -0.0903093827289675 0.683956823814027 0.739493814827462 -0.0903093827290141 0 1.47453901413775 -0.0903093827251137 0 1.46106124851592 -0.0903093827289675 0.559844070433492
0.739493814827462 -0.0903093827290141 0 0.727571182019478 0.524897955129493 0 1.43961793614681 0.524897955129361 0 1.47453901413775 -0.0903093827251137 0
0.727571182019478 0.524897955129493 0 0.71172070658486 0.524897955129479 0.695028936385492 1.46256615849795 0.524897955129479 0.671113226752837 1.43961793614681 0.524897955129361 0
0.71172070658486 0.524897955129479 0.695028936385492 0.747489755476193 0.524897955129479 1.44433504004399 1.49107449369362 0.524897955129479 1.43646169131688 1.46256615849795 0.524897955129479 0.671113226752837
0.747489755476193 0.524897955129479 1.44433504004399 0.768236495361534 0.524897955129479 2.31568032429805 1.49802307432621 0.524897955129479 2.29915879658732 1.49107449369362 0.524897955129479 1.43646169131688
0.768236495361534 0.524897955129479 2.31568032429805 0.763843282985813 0.524897955129479 3.22272824962812 1.44581412395086 0.524897955129479 3.22272824962725 1.49802307432621 0.524897955129479 2.29915879658732
1.45202358426367 -0.0903093827289677 3.22272824962989 1.48648874972522 -0.0903093827289676 2.5812868672222 2.17025134460576 -0.0903093827289676 2.57243924926856 2.15336766563383 -0.0903093827289677 3.22272824962745
1.48648874972522 -0.0903093827289676 2.5812868672222 1.4660299312665 -0.0903093827289676 1.93653719214557 2.16117705717081 -0.0903093827289676 1.94796565405798 2.17025134460576 -0.0903093827289676 2.57243924926856
1.4660299312665 -0.0903093827289676 1.93653719214557 1.46571821079083 -0.0903093827289675 1.24462590378131 2.16200433871365 -0.0903093827289675 1.31370041773401 2.16117705717081 -0.0903093827289676 1.94796565405798
1.46571821079083 -0.0903093827289675 1.24462590378131 1.46106124851592 -0.0903093827289675 0.559844070433492 2.1817290913438 -0.0903093827289675 0.718891115690549 2.16200433871365 -0.0903093827289675 1.31370041773401
1.46106124851592 -0.0903093827289675 0.559844070433492 1.47453901413775 -0.0903093827251137 0 2.19135579099398 -0.0903093827283927 0 2.1817290913438 -0.0903093827289675 0.718891115690549
1.47453901413775 -0.0903093827251137 0 1.43961793614681 0.524897955129361 0 2.18353615031648 0.524897955129479 4.2623682361409e-12 2.19135579099398 -0.0903093827283927 0
1.43961793614681 0.524897955129361 0 1.46256615849795 0.524897955129479 0.671113226752837 2.1946795872444 0.524897955129479 0.67328994466769 2.18353615031648 0.524897955129479 4.2623682361409e-12
1.46256615849795 0.524897955129479 0.671113226752837 1.49107449369362 0.524897955129479 1.43646169131688 2.23991266882487 0.524897955129479 1.44036514697751 2.1946795872444 0.524897955129479 0.67328994466769
1.49107449369362 0.524897955129479 1.43646169131688 1.49802307432621 0.524897955129479 2.29915879658732 2.22530593881788 0.524897955129479 2.29336008079953 2.23991266882487 0.524897955129479 1.44036514697751
1.49802307432621 0.524897955129479 2.29915879658732 1.44581412395086 0.524897955129479 3.22272824962725 2.20466916248713 0.524897955129479 3.22272824962799 2.22530593881788 0.524897955129479 2.29336008079953
2.15336766563383 -0.0903093827289677 3.22272824962745 2.17025134460576 -0.0903093827289676 2.57243924926856 2.84910921514264 -0.0903093827289676 2.58731950976925 2.82704132025123 -0.0903093827289677 3.22272824962733
2.17025134460576 -0.0903093827289676 2.57243924926856 2.16117705717081 -0.0903093827289676 1.94796565405798 2.84140793644513 -0.0903093827289676 1.9456738045325 2.84910921514264 -0.0903093827289676 2.58731950976925
2.16117705717081 -0.0903093827289676 1.94796565405798 2.16200433871365 -0.0903093827289675 1.31370041773401 2.86090186027646 -0.0903093827289675 1.25333401607488 2.84140793644513 -0.0903093827289676 1.9456738045325
2.16200433871365 -0.0903093827289675 1.31370041773401 2.1817290913438 -0.0903093827289675 0.718891115690549 2.87965450574575 -0.0903093827289675 0.572800673222046 2.86090186027646 -0.0903093827289675 1.25333401607488
2.1817290913438 -0.0903093827289675 0.718891115690549 2.19135579099398 -0.0903093827283927 0 2.89866395884689 -0.0903093827283279 0 2.87965450574575 -0.0903093827289675 0.572800673222046
2.19135579099398 -0.0903093827283927 0 2.18353615031648 0.524897955129479 4.2623682361409e-12 2.92312630689049 0.524897955129094 0 2.89866395884689 -0.0903093827283279 0
2.18353615031648 0.524897955129479 4.2623682361409e-12 2.1946795872444 0.524897955129479 0.67328994466769 2.9504538033822 0.524897955129479 0.637817916835382 2.92312630689049 0.524897955129094 0
2.1946795872444 0.524897955129479 0.67328994466769 2.23991266882487 0.524897955129479 1.44036514697751 2.9814250795405 0.524897955129479 1.42125186083622 2.9504538033822 0.524897955129479 0.637817916835382
2.23991266882487 0.524897955129479 1.44036514697751 2.22530593881788 0.524897955129479 2.29336008079953 2.95695640629256 0.524897955129479 2.29378953756244 2.9814250795405 0.524897955129479 1.42125186083622
2.22530593881788 0.524897955129479 2.29336008079953 2.20466916248713 0.524897955129479 3.22272824962799 2.88313516030761 0.524897955129479 3.22272824962793 2.95695640629256 0.524897955129479 2.29378953756244
2.82704132025123 -0.0903093827289677 3.22272824962733 2.84910921514264 -0.0903093827289676 2.58731950976925 3.52043368497623 -0.0903093827289676 2.5836074362745 3.50891148480692 -0.0903093827289677 3.22272824962453
2.84910921514264 -0.0903093827289676 2.58731950976925 2.84140793644513 -0.0903093827289676 1.9456738045325 3.52605255278907 -0.0903093827289676 1.96147036723468 3.52043368497623 -0.0903093827289676 2.5836074362745
2.84140793644513 -0.0903093827289676 1.9456738045325 2.86090186027646 -0.0903093827289675 1.25333401607488 3.54231616036045 -0.0903093827289675 1.3228770780862 3.52605255278907 -0.0903093827289676 1.96147036723468
2.86090186027646 -0.0903093827289675 1.25333401607488 2.87965450574575 -0.0903093827289675 0.572800673222046 3.57342157902891 -0.0903093827289675 0.720367605052299 3.54231616036045 -0.0903093827289675 1.3228770780862
2.87965450574575 -0.0903093827289675 0.572800673222046 2.89866395884689 -0.0903093827283279 0 3.60784260206724 -0.0903093827299659 0 3.57342157902891 -0.0903093827289675 0.720367605052299
2.89866395884689 -0.0903093827283279 0 2.92312630689049 0.524897955129094 0 3.66193353011076 0.524897955126708 0 3.60784260206724 -0.0903093827299659 0
2.92312630689049 0.524897955129094 0 2.9504538033822 0.524897955129479 0.637817916835382 3.71627017075758 0.524897955129479 0.669835683992137 3.66193353011076 0.524897955126708 0
2.9504538033822 0.524897955129479 0.637817916835382 2.9814250795405 0.524897955129479 1.42125186083622 3.71266582976987 0.524897955129479 1.41507337478821 3.71627017075758 0.524897955129479 0.669835683992137
2.9814250795405 0.524897955129479 1.42125186083622 2.95695640629256 0.524897955129479 2.29378953756244 3.68995596843096 0.524897955129479 2.28365639589262 3.71266582976987 0.524897955129479 1.41507337478821
2.95695640629256 0.524897955129479 2.29378953756244 2.88313516030761 0.524897955129479 3.22272824962793 3.65420504633505 0.524897955129479 3.22272824962817 3.68995596843096 0.524897955129479 2.28365639589262
3.50891148480692 -0.0903093827289677 3.22272824962453 3.52043368497623 -0.0903093827289676 2.5836074362745 4.18840020766494 -0.0903093827289676 2.58303913953586 4.17124945771609 -0.0903093827289677 3.2227282496316
3.52043368497623 -0.0903093827289676 2.5836074362745 3.52605255278907 -0.0903093827289676 1.96147036723468 4.18860274152577 -0.0903093827289676 1.94003001560459 4.18840020766494 -0.0903093827289676 2.58303913953586
3.52605255278907 -0.0903093827289676 1.96147036723468 3.54231616036045 -0.0903093827289675 1.3228770780862 4.22594249038491 -0.0903093827289675 1.2478604362688 4.18860274152577 -0.0903093827289676 1.94003001560459
3.54231616036045 -0.0903093827289675 1.3228770780862 3.57342157902891 -0.0903093827289675 0.720367605052299 4.28696470539803 -0.0903093827289675 0.576321887722882 4.22594249038491 -0.0903093827289675 1.2478604362688
3.57342157902891 -0.0903093827289675 0.720367605052299 3.60784260206724 -0.0903093827299659 0 4.31808767735125 -0.0903093827284172 0 4.28696470539803 -0.0903093827289675 0.576321887722882
3.60784260206724 -0.0903093827299659 0 3.66193353011076 0.524897955126708 0 4.42433837421954 0.524897955129479 1.91169302610206e-12 4.31808767735125 -0.0903093827284172 0
3.66193353011076 0.524897955126708 0 3.71627017075758 0.524897955129479 0.669835683992137 4.45706396851654 0.524897955129479 0.646939472640017 4.42433837421954 0.524897955129479 1.91169302610206e-12
3.71627017075758 0.524897955129479 0.669835683992137 3.71266582976987 0.524897955129479 1.41507337478821 4.48714907085354 0.524897955129479 1.43161542918929 4.45706396851654 0.524897955129479 0.646939472640017
3.71266582976987 0.524897955129479 1.41507337478821 3.68995596843096 0.524897955129479 2.28365639589262 4.4134620377266 0.524897955129479 2.28247196343226 4.48714907085354 0.524897955129479 1.43161542918929
3.68995596843096 0.524897955129479 2.28365639589262 3.65420504633505 0.524897955129479 3.22272824962817 4.34138058373358 0.524897955129479 3.22272824962804 4.4134620377266 0.524897955129479 2.28247196343226
4.17124945771609 -0.0903093827289677 3.2227282496316 4.18840020766494 -0.0903093827289676 2.58303913953586 4.85739854272068 -0.0903093827289676 2.59047094651246 4.84018004562609 -0.0903093827289677 3.22272824963186
4.18840020766494 -0.0903093827289676 2.58303913953586 4.18860274152577 -0.0903093827289676 1.94003001560459 4.85486948686442 -0.0903093827289676 1.96171590502459 4.85739854272068 -0.0903093827289676 2.59047094651246
4.18860274152577 -0.0903093827289676 1.94003001560459 4.22594249038491 -0.0903093827289675 1.2478604362688 4.87763260868516 -0.0903093827289675 1.31648262118824 4.85486948686442 -0.0903093827289676 1.96171590502459
4.22594249038491 -0.0903093827289675 1.2478604362688 4.28696470539803 -0.0903093827289675 0.576321887722882 4.98860044537395 -0.0903093827289675 0.683770808108383 4.87763260868516 -0.0903093827289675 1.31648262118824
4.28696470539803 -0.0903093827289675 0.576321887722882 4.31808767735125 -0.0903093827284172 0 5.10711967502424 -0.0903093827280268 0 4.98860044537395 -0.0903093827289675 0.683770808108383
4.31808767735125 -0.0903093827284172 0 4.42433837421954 0.524897955129479 1.91169302610206e-12 5.14126532392224 0.52489795512937 0 5.10711967502424 -0.0903093827280268 0
4.42433837421954 0.524897955129479 1.91169302610206e-12 4.45706396851654 0.524897955129479 0.646939472640017 5.23269609472988 0.524897955129479 0.687619519465733 5.14126532392224 0.52489795512937 0
4.45706396851654 0.524897955129479 0.646939472640017 4.48714907085354 0.524897955129479 1.43161542918929 5.22000688127383 0.524897955129479 1.43948632226063 5.23269609472988 0.524897955129479 0.687619519465733
4.48714907085354 0.524897955129479 1.43161542918929 4.4134620377266 0.524897955129479 2.28247196343226 5.1818553130279 0.524897955129479 2.31337685729417 5.22000688127383 0.524897955129479 1.43948632226063
4.4134620377266 0.524897955129479 2.28247196343226 4.34138058373358 0.524897955129479 3.22272824962804 5.11153684208569 0.524897955129479 3.22272824962712 5.1818553130279 0.524897955129479 2.31337685729417
4.84018004562609 -0.0903093827289677 3.22272824963186 4.85739854272068 -0.0903093827289676 2.59047094651246 5.52425006381234 -0.0903093827289676 2.59928192357663 5.5196999174845 -0.0903093827289677 3.22272824963023
4.85739854272068 -0.0903093827289676 2.59047094651246 4.85486948686442 -0.0903093827289676 1.96171590502459 5.526264155826 -0.0903093827289676 1.97197055114315 5.52425006381234 -0.0903093827289676 2.59928192357663
4.85486948686442 -0.0903093827289676 1.96171590502459 4.87763260868516 -0.0903093827289675 1.31648262118824 5.5400884365892 -0.0903093827289675 1.26903870416524 5.526264155826 -0.0903093827289676 1.97197055114315
4.87763260868516 -0.0903093827289675 1.31648262118824 4.98860044537395 -0.0903093827289675 0.683770808108383 5.65407641803325 -0.0903093827289675 0.589970036064717 5.5400884365892 -0.0903093827289675 1.26903870416524
4.98860044537395 -0.0903093827289675 0.683770808108383 5.10711967502424 -0.0903093827280268 0 5.85162034651076 -0.0903093827289675 1.63877245107358e-12 5.65407641803325 -0.0903093827289675 0.589970036064717
5.10711967502424 -0.0903093827280268 0 5.14126532392224 0.52489795512937 0 5.90187391917874 0.524897955129178 0 5.85162034651076 -0.0903093827289675 1.63877245107358e-12
5.14126532392224 0.52489795512937 0 5.23269609472988 0.524897955129479 0.687619519465733 5.95518752258088 0.524897955129479 0.649171396268691 5.90187391917874 0.524897955129178 0
5.23269609472988 0.524897955129479 0.687619519465733 5.22000688127383 0.524897955129479 1.43948632226063 5.98653382530212 0.524897955129479 1.49365030783771 5.95518752258088 0.524897955129479 0.649171396268691
5.22000688127383 0.524897955129479 1.43948632226063 5.1818553130279 0.524897955129479 2.31337685729417 5.93123664940165 0.524897955129479 2.34586453826347 5.98653382530212 0.524897955129479 1.49365030783771
5.1818553130279 0.524897955129479 2.31337685729417 5.11153684208569 0.524897955129479 3.22272824962712 5.88961164793515 0.524897955129479 3.22272824962781 5.93123664940165 0.524897955129479 2.34586453826347
5.5196999174845 -0.0903093827289677 3.22272824963023 5.52425006381234 -0.0903093827289676 2.59928192357663 6.25260754001982 -0.0903093827289676 2.61562157803624 6.20354726414845 -0.0903093827289677 3.22272824963183
5.52425006381234 -0.0903093827289676 2.59928192357663 5.526264155826 -0.0903093827289676 1.97197055114315 6.19901622466745 -0.0903093827289676 2.00671866035229 6.25260754001982 -0.0903093827289676 2.61562157803624
5.526264155826 -0.0903093827289676 1.97197055114315 5.5400884365892 -0.0903093827289675 1.26903870416524 6.24597766118937 -0.0903093827289675 1.39216424076796 6.19901622466745 -0.0903093827289676 2.00671866035229
5.5400884365892 -0.0903093827289675 1.26903870416524 5.65407641803325 -0.0903093827289675 0.589970036064717 6.3243256631386 -0.0903093827289675 0.731623810903983 6.24597766118937 -0.0903093827289675 1.39216424076796
5.65407641803325 -0.0903093827289675 0.589970036064717 5.85162034651076 -0.0903093827289675 1.63877245107358e-12 6.44402988606136 -0.0903093827289675 0 6.3243256631386 -0.0903093827289675 0.731623810903983
5.85162034651076 -0.0903093827289675 1.63877245107358e-12 5.90187391917874 0.524897955129178 0 6.6526326295452 0.524897955129479 0 6.44402988606136 -0.0903093827289675 0
5.90187391917874 0.524897955129178 0 5.95518752258088 0.524897955129479 0.649171396268691 6.70463729970642 0.524897955129479 0.718630553043453 6.6526326295452 0.524897955129479 0
5.95518752258088 0.524897955129479 0.649171396268691 5.98653382530212 0.524897955129479 1.49365030783771 6.75391564482196 0.524897955129479 1.54161367065458 6.70463729970642 0.524897955129479 0.718630553043453
5.98653382530212 0.524897955129479 1.49365030783771 5.93123664940165 0.524897955129479 2.34586453826347 6.77180669507206 0.524897955129479 2.34584489441381 6.75391564482196 0.524897955129479 1.54161367065458
5.93123664940165 0.524897955129479 2.34586453826347 5.88961164793515 0.524897955129479 3.22272824962781 6.7344744301668 0.524897955129479 3.22272824962805 6.77180669507206 0.524897955129479 2.34584489441381
6.20354726414845 -0.0903093827289677 3.22272824963183 6.25260754001982 -0.0903093827289676 2.61562157803624 6.97249786445332 -0.0903093827289676 2.64262789957105 6.97249786445315 -0.0903093827289677 3.22272824962953
6.25260754001982 -0.0903093827289676 2.61562157803624 6.19901622466745 -0.0903093827289676 2.00671866035229 6.97249786445342 -0.0903093827289676 2.05758007098208 6.97249786445332 -0.0903093827289676 2.64262789957105
6.19901622466745 -0.0903093827289676 2.00671866035229 6.24597766118937 -0.0903093827289675 1.39216424076796 6.97249786445777 -0.0903093827289676 1.50646388539699 6.97249786445342 -0.0903093827289676 2.05758007098208
6.24597766118937 -0.0903093827289675 1.39216424076796 6.3243256631386 -0.0903093827289675 0.731623810903983 6.97249786445567 -0.0903093827289675 0.871251082356823 6.97249786445777 -0.0903093827289676 1.50646388539699
6.3243256631386 -0.0903093827289675 0.731623810903983 6.44402988606136 -0.0903093827289675 0 6.97249786445766 -0.0903093827270924 0 6.97249786445567 -0.0903093827289675 0.871251082356823
6.44402988606136 -0.0903093827289675 0 6.6526326295452 0.524897955129479 0 7.58770520231422 0.524897955129406 0 6.97249786445766 -0.0903093827270924 0
6.6526326295452 0.524897955129479 0 6.70463729970642 0.524897955129479 0.718630553043453 7.58770520231426 0.524897955129479 0.64825096320635 7.58770520231422 0.524897955129406 0
6.70463729970642 0.524897955129479 0.718630553043453 6.75391564482196 0.524897955129479 1.54161367065458 7.5877052023143 0.524897955129479 1.47135139750131 7.58770520231426 0.524897955129479 0.64825096320635
6.75391564482196 0.524897955129479 1.54161367065458 6.77180669507206 0.524897955129479 2.34584489441381 7.58770520231419 0.524897955129479 2.33213442558303 7.5877052023143 0.524897955129479 1.47135139750131
6.77180669507206 0.524897955129479 2.34584489441381 6.7344744301668 0.524897955129479 3.22272824962805 7.58770520231467 0.524897955129479 3.22272824962826 7.58770520231419 0.524897955129479 2.33213442558303
