-0.799999999999999 1.10958333333333 0 -1.6 0.959583333333333 0 -0.662499999999999 0.545 0 -0.399999999999999 0.859583333333333 0
-0.399999999999999 0.859583333333333 0 -0.662499999999999 0.545 0 5.80091530366644e-16 0.545 0 5.80091530366644e-16 0.609583333333333 0
5.80091530366644e-16 0.609583333333333 0 5.80091530366644e-16 0.545 0 0.662500000000001 0.544999999999999 0 0.400000000000001 0.859583333333333 0
0.400000000000001 0.859583333333333 0 0.6625 0.544999999999999 0 1.6 0.959583333333332 0 0.800000000000001 1.10958333333333 0
-1.6 0.959583333333333 0 -1.85 0.559583333333333 0 -0.924999999999999 0.230416666666667 0 -0.662499999999999 0.545 0
-0.662499999999999 0.545 0 -0.924999999999999 0.230416666666667 0 3.58046925441613e-16 -0.098750000000001 0 5.80091530366644e-16 0.545 0
5.80091530366644e-16 0.545 0 -1.08524300657109e-15 -0.098750000000001 0 0.925 0.230416666666666 0 0.662500000000001 0.544999999999999 0
0.6625 0.544999999999999 0 0.925 0.230416666666666 0 1.85 0.559583333333333 0 1.6 0.959583333333332 0
-1.85 0.559583333333333 0 -2.1 0.159583333333333 0 -0.8375 -0.7425 0 -0.924999999999999 0.230416666666667 0
-0.924999999999999 0.230416666666667 0 -0.8375 -0.7425 0 -3.08086889333481e-16 -0.742500000000001 0 3.58046925441613e-16 -0.098750000000001 0
-1.08524300657109e-15 -0.098750000000001 0 -3.08086889333481e-16 -0.742500000000001 0 0.8375 -0.7425 0 0.924999999999999 0.230416666666667 0
0.924999999999999 0.230416666666667 0 0.837499999999999 -0.7425 0 2.1 0.159583333333333 0 1.85 0.559583333333333 0
-2.1 0.159583333333335 0 -1.5 -1.09041666666667 0 -0.749999999999999 -1.71541666666667 0 -0.8375 -0.7425 0
-0.8375 -0.7425 0 -0.749999999999999 -1.71541666666667 0 1.46826995006677e-15 -2.34041666666667 0 -3.08086889333481e-16 -0.7425 0
-3.08086889333481e-16 -0.7425 0 -3.08086889333483e-16 -2.34041666666667 0 0.749999999999999 -1.71541666666667 0 0.8375 -0.7425 0
0.837499999999999 -0.7425 0 0.749999999999999 -1.71541666666667 0 1.5 -1.09041666666667 0 2.1 0.159583333333335 0
