0 2 20 3 3
1 0 0 3 3
21 0 1 1 3
2 1 1 2 3
2 2 22 3 3
3 0 2 3 3
23 0 3 1 3
4 1 3 2 3
4 2 24 3 3
5 0 4 3 3
25 0 5 1 3
6 1 5 2 3
6 2 26 3 3
7 0 6 3 3
27 0 7 1 3
8 1 7 2 3
8 2 28 3 3
9 0 8 3 3
29 0 9 1 3
10 1 9 2 3
10 2 30 3 3
11 0 10 3 3
31 0 11 1 3
12 1 11 2 3
12 2 32 3 3
13 0 12 3 3
33 0 13 1 3
14 1 13 2 3
14 2 34 3 3
15 0 14 3 3
35 0 15 1 3
16 1 15 2 3
16 2 36 3 3
17 0 16 3 3
37 0 17 1 3
18 1 17 2 3
18 2 38 3 3
19 0 18 3 3
39 0 19 1 3
40 0 20 1 3
21 1 20 2 3
21 2 41 3 3
22 0 21 3 3
42 0 22 1 3
23 1 22 2 3
23 2 43 3 3
24 0 23 3 3
44 0 24 1 3
25 1 24 2 3
25 2 45 3 3
26 0 25 3 3
46 0 26 1 3
27 1 26 2 3
27 2 47 3 3
28 0 27 3 3
48 0 28 1 3
29 1 28 2 3
29 2 49 3 3
30 0 29 3 3
50 0 30 1 3
31 1 30 2 3
31 2 51 3 3
32 0 31 3 3
52 0 32 1 3
33 1 32 2 3
33 2 53 3 3
34 0 33 3 3
54 0 34 1 3
35 1 34 2 3
35 2 55 3 3
36 0 35 3 3
56 0 36 1 3
37 1 36 2 3
37 2 57 3 3
38 0 37 3 3
58 0 38 1 3
39 1 38 2 3
39 2 59 3 3
40 2 60 3 3
41 0 40 3 3
61 0 41 1 3
42 1 41 2 3
42 2 62 3 3
43 0 42 3 3
63 0 43 1 3
44 1 43 2 3
44 2 64 3 3
45 0 44 3 3
65 0 45 1 3
46 1 45 2 3
46 2 66 3 3
47 0 46 3 3
67 0 47 1 3
48 1 47 2 3
48 2 68 3 3
49 0 48 3 3
69 0 49 1 3
50 1 49 2 3
50 2 70 3 3
51 0 50 3 3
71 0 51 1 3
52 1 51 2 3
52 2 72 3 3
53 0 52 3 3
73 0 53 1 3
54 1 53 2 3
54 2 74 3 3
55 0 54 3 3
75 0 55 1 3
56 1 55 2 3
56 2 76 3 3
57 0 56 3 3
77 0 57 1 3
58 1 57 2 3
58 2 78 3 3
59 0 58 3 3
79 0 59 1 3
80 0 60 1 3
61 1 60 2 3
61 2 81 3 3
62 0 61 3 3
82 0 62 1 3
63 1 62 2 3
63 2 83 3 3
64 0 63 3 3
84 0 64 1 3
65 1 64 2 3
65 2 85 3 3
66 0 65 3 3
86 0 66 1 3
67 1 66 2 3
67 2 87 3 3
68 0 67 3 3
88 0 68 1 3
69 1 68 2 3
69 2 89 3 3
70 0 69 3 3
90 0 70 1 3
71 1 70 2 3
71 2 91 3 3
72 0 71 3 3
92 0 72 1 3
73 1 72 2 3
73 2 93 3 3
74 0 73 3 3
94 0 74 1 3
75 1 74 2 3
75 2 95 3 3
76 0 75 3 3
96 0 76 1 3
77 1 76 2 3
77 2 97 3 3
78 0 77 3 3
98 0 78 1 3
79 1 78 2 3
79 2 99 3 3
80 2 100 3 3
81 0 80 3 3
101 0 81 1 3
82 1 81 2 3
82 2 102 3 3
83 0 82 3 3
103 0 83 1 3
84 1 83 2 3
84 2 104 3 3
85 0 84 3 3
105 0 85 1 3
86 1 85 2 3
86 2 106 3 3
87 0 86 3 3
107 0 87 1 3
88 1 87 2 3
88 2 108 3 3
89 0 88 3 3
109 0 89 1 3
90 1 89 2 3
90 2 110 3 3
91 0 90 3 3
111 0 91 1 3
92 1 91 2 3
92 2 112 3 3
93 0 92 3 3
113 0 93 1 3
94 1 93 2 3
94 2 114 3 3
95 0 94 3 3
115 0 95 1 3
96 1 95 2 3
96 2 116 3 3
97 0 96 3 3
117 0 97 1 3
98 1 97 2 3
98 2 118 3 3
99 0 98 3 3
119 0 99 1 3
120 0 100 1 3
101 1 100 2 3
101 2 121 3 3
102 0 101 3 3
122 0 102 1 3
103 1 102 2 3
103 2 123 3 3
104 0 103 3 3
124 0 104 1 3
105 1 104 2 3
105 2 125 3 3
106 0 105 3 3
126 0 106 1 3
107 1 106 2 3
107 2 127 3 3
108 0 107 3 3
128 0 108 1 3
109 1 108 2 3
109 2 129 3 3
110 0 109 3 3
130 0 110 1 3
111 1 110 2 3
111 2 131 3 3
112 0 111 3 3
132 0 112 1 3
113 1 112 2 3
113 2 133 3 3
114 0 113 3 3
134 0 114 1 3
115 1 114 2 3
115 2 135 3 3
116 0 115 3 3
136 0 116 1 3
117 1 116 2 3
117 2 137 3 3
118 0 117 3 3
138 0 118 1 3
119 1 118 2 3
119 2 139 3 3
120 2 140 3 3
121 0 120 3 3
141 0 121 1 3
122 1 121 2 3
122 2 142 3 3
123 0 122 3 3
143 0 123 1 3
124 1 123 2 3
124 2 144 3 3
125 0 124 3 3
145 0 125 1 3
126 1 125 2 3
126 2 146 3 3
127 0 126 3 3
147 0 127 1 3
128 1 127 2 3
128 2 148 3 3
129 0 128 3 3
149 0 129 1 3
130 1 129 2 3
130 2 150 3 3
131 0 130 3 3
151 0 131 1 3
132 1 131 2 3
132 2 152 3 3
133 0 132 3 3
153 0 133 1 3
134 1 133 2 3
134 2 154 3 3
135 0 134 3 3
155 0 135 1 3
136 1 135 2 3
136 2 156 3 3
137 0 136 3 3
157 0 137 1 3
138 1 137 2 3
138 2 158 3 3
139 0 138 3 3
159 0 139 1 3
160 0 140 1 3
141 1 140 2 3
141 2 161 3 3
142 0 141 3 3
162 0 142 1 3
143 1 142 2 3
143 2 163 3 3
144 0 143 3 3
164 0 144 1 3
145 1 144 2 3
145 2 165 3 3
146 0 145 3 3
166 0 146 1 3
147 1 146 2 3
147 2 167 3 3
148 0 147 3 3
168 0 148 1 3
149 1 148 2 3
149 2 169 3 3
150 0 149 3 3
170 0 150 1 3
151 1 150 2 3
151 2 171 3 3
152 0 151 3 3
172 0 152 1 3
153 1 152 2 3
153 2 173 3 3
154 0 153 3 3
174 0 154 1 3
155 1 154 2 3
155 2 175 3 3
156 0 155 3 3
176 0 156 1 3
157 1 156 2 3
157 2 177 3 3
158 0 157 3 3
178 0 158 1 3
159 1 158 2 3
159 2 179 3 3
160 2 180 3 3
161 0 160 3 3
181 0 161 1 3
162 1 161 2 3
162 2 182 3 3
163 0 162 3 3
183 0 163 1 3
164 1 163 2 3
164 2 184 3 3
165 0 164 3 3
185 0 165 1 3
166 1 165 2 3
166 2 186 3 3
167 0 166 3 3
187 0 167 1 3
168 1 167 2 3
168 2 188 3 3
169 0 168 3 3
189 0 169 1 3
170 1 169 2 3
170 2 190 3 3
171 0 170 3 3
191 0 171 1 3
172 1 171 2 3
172 2 192 3 3
173 0 172 3 3
193 0 173 1 3
174 1 173 2 3
174 2 194 3 3
175 0 174 3 3
195 0 175 1 3
176 1 175 2 3
176 2 196 3 3
177 0 176 3 3
197 0 177 1 3
178 1 177 2 3
178 2 198 3 3
179 0 178 3 3
199 0 179 1 3
200 0 180 1 3
181 1 180 2 3
181 2 201 3 3
182 0 181 3 3
202 0 182 1 3
183 1 182 2 3
183 2 203 3 3
184 0 183 3 3
204 0 184 1 3
185 1 184 2 3
185 2 205 3 3
186 0 185 3 3
206 0 186 1 3
187 1 186 2 3
187 2 207 3 3
188 0 187 3 3
208 0 188 1 3
189 1 188 2 3
189 2 209 3 3
190 0 189 3 3
210 0 190 1 3
191 1 190 2 3
191 2 211 3 3
192 0 191 3 3
212 0 192 1 3
193 1 192 2 3
193 2 213 3 3
194 0 193 3 3
214 0 194 1 3
195 1 194 2 3
195 2 215 3 3
196 0 195 3 3
216 0 196 1 3
197 1 196 2 3
197 2 217 3 3
198 0 197 3 3
218 0 198 1 3
199 1 198 2 3
199 2 219 3 3
200 2 220 3 3
201 0 200 3 3
221 0 201 1 3
202 1 201 2 3
202 2 222 3 3
203 0 202 3 3
223 0 203 1 3
204 1 203 2 3
204 2 224 3 3
205 0 204 3 3
225 0 205 1 3
206 1 205 2 3
206 2 226 3 3
207 0 206 3 3
227 0 207 1 3
208 1 207 2 3
208 2 228 3 3
209 0 208 3 3
229 0 209 1 3
210 1 209 2 3
210 2 230 3 3
211 0 210 3 3
231 0 211 1 3
212 1 211 2 3
212 2 232 3 3
213 0 212 3 3
233 0 213 1 3
214 1 213 2 3
214 2 234 3 3
215 0 214 3 3
235 0 215 1 3
216 1 215 2 3
216 2 236 3 3
217 0 216 3 3
237 0 217 1 3
218 1 217 2 3
218 2 238 3 3
219 0 218 3 3
239 0 219 1 3
240 0 220 1 3
221 1 220 2 3
221 2 241 3 3
222 0 221 3 3
242 0 222 1 3
223 1 222 2 3
223 2 243 3 3
224 0 223 3 3
244 0 224 1 3
225 1 224 2 3
225 2 245 3 3
226 0 225 3 3
246 0 226 1 3
227 1 226 2 3
227 2 247 3 3
228 0 227 3 3
248 0 228 1 3
229 1 228 2 3
229 2 249 3 3
230 0 229 3 3
250 0 230 1 3
231 1 230 2 3
231 2 251 3 3
232 0 231 3 3
252 0 232 1 3
233 1 232 2 3
233 2 253 3 3
234 0 233 3 3
254 0 234 1 3
235 1 234 2 3
235 2 255 3 3
236 0 235 3 3
256 0 236 1 3
237 1 236 2 3
237 2 257 3 3
238 0 237 3 3
258 0 238 1 3
239 1 238 2 3
239 2 259 3 3
240 2 260 3 3
241 0 240 3 3
261 0 241 1 3
242 1 241 2 3
242 2 262 3 3
243 0 242 3 3
263 0 243 1 3
244 1 243 2 3
244 2 264 3 3
245 0 244 3 3
265 0 245 1 3
246 1 245 2 3
246 2 266 3 3
247 0 246 3 3
267 0 247 1 3
248 1 247 2 3
248 2 268 3 3
249 0 248 3 3
269 0 249 1 3
250 1 249 2 3
250 2 270 3 3
251 0 250 3 3
271 0 251 1 3
252 1 251 2 3
252 2 272 3 3
253 0 252 3 3
273 0 253 1 3
254 1 253 2 3
254 2 274 3 3
255 0 254 3 3
275 0 255 1 3
256 1 255 2 3
256 2 276 3 3
257 0 256 3 3
277 0 257 1 3
258 1 257 2 3
258 2 278 3 3
259 0 258 3 3
279 0 259 1 3
280 0 260 1 3
261 1 260 2 3
261 2 281 3 3
262 0 261 3 3
282 0 262 1 3
263 1 262 2 3
263 2 283 3 3
264 0 263 3 3
284 0 264 1 3
265 1 264 2 3
265 2 285 3 3
266 0 265 3 3
286 0 266 1 3
267 1 266 2 3
267 2 287 3 3
268 0 267 3 3
288 0 268 1 3
269 1 268 2 3
269 2 289 3 3
270 0 269 3 3
290 0 270 1 3
271 1 270 2 3
271 2 291 3 3
272 0 271 3 3
292 0 272 1 3
273 1 272 2 3
273 2 293 3 3
274 0 273 3 3
294 0 274 1 3
275 1 274 2 3
275 2 295 3 3
276 0 275 3 3
296 0 276 1 3
277 1 276 2 3
277 2 297 3 3
278 0 277 3 3
298 0 278 1 3
279 1 278 2 3
279 2 299 3 3
280 2 300 3 3
281 0 280 3 3
301 0 281 1 3
282 1 281 2 3
282 2 302 3 3
283 0 282 3 3
303 0 283 1 3
284 1 283 2 3
284 2 304 3 3
285 0 284 3 3
305 0 285 1 3
286 1 285 2 3
286 2 306 3 3
287 0 286 3 3
307 0 287 1 3
288 1 287 2 3
288 2 308 3 3
289 0 288 3 3
309 0 289 1 3
290 1 289 2 3
290 2 310 3 3
291 0 290 3 3
311 0 291 1 3
292 1 291 2 3
292 2 312 3 3
293 0 292 3 3
313 0 293 1 3
294 1 293 2 3
294 2 314 3 3
295 0 294 3 3
315 0 295 1 3
296 1 295 2 3
296 2 316 3 3
297 0 296 3 3
317 0 297 1 3
298 1 297 2 3
298 2 318 3 3
299 0 298 3 3
319 0 299 1 3
320 0 300 1 3
301 1 300 2 3
301 2 321 3 3
302 0 301 3 3
322 0 302 1 3
303 1 302 2 3
303 2 323 3 3
304 0 303 3 3
324 0 304 1 3
305 1 304 2 3
305 2 325 3 3
306 0 305 3 3
326 0 306 1 3
307 1 306 2 3
307 2 327 3 3
308 0 307 3 3
328 0 308 1 3
309 1 308 2 3
309 2 329 3 3
310 0 309 3 3
330 0 310 1 3
311 1 310 2 3
311 2 331 3 3
312 0 311 3 3
332 0 312 1 3
313 1 312 2 3
313 2 333 3 3
314 0 313 3 3
334 0 314 1 3
315 1 314 2 3
315 2 335 3 3
316 0 315 3 3
336 0 316 1 3
317 1 316 2 3
317 2 337 3 3
318 0 317 3 3
338 0 318 1 3
319 1 318 2 3
319 2 339 3 3
320 2 340 3 3
321 0 320 3 3
341 0 321 1 3
322 1 321 2 3
322 2 342 3 3
323 0 322 3 3
343 0 323 1 3
324 1 323 2 3
324 2 344 3 3
325 0 324 3 3
345 0 325 1 3
326 1 325 2 3
326 2 346 3 3
327 0 326 3 3
347 0 327 1 3
328 1 327 2 3
328 2 348 3 3
329 0 328 3 3
349 0 329 1 3
330 1 329 2 3
330 2 350 3 3
331 0 330 3 3
351 0 331 1 3
332 1 331 2 3
332 2 352 3 3
333 0 332 3 3
353 0 333 1 3
334 1 333 2 3
334 2 354 3 3
335 0 334 3 3
355 0 335 1 3
336 1 335 2 3
336 2 356 3 3
337 0 336 3 3
357 0 337 1 3
338 1 337 2 3
338 2 358 3 3
339 0 338 3 3
359 0 339 1 3
360 0 340 1 3
341 1 340 2 3
341 2 361 3 3
342 0 341 3 3
362 0 342 1 3
343 1 342 2 3
343 2 363 3 3
344 0 343 3 3
364 0 344 1 3
345 1 344 2 3
345 2 365 3 3
346 0 345 3 3
366 0 346 1 3
347 1 346 2 3
347 2 367 3 3
348 0 347 3 3
368 0 348 1 3
349 1 348 2 3
349 2 369 3 3
350 0 349 3 3
370 0 350 1 3
351 1 350 2 3
351 2 371 3 3
352 0 351 3 3
372 0 352 1 3
353 1 352 2 3
353 2 373 3 3
354 0 353 3 3
374 0 354 1 3
355 1 354 2 3
355 2 375 3 3
356 0 355 3 3
376 0 356 1 3
357 1 356 2 3
357 2 377 3 3
358 0 357 3 3
378 0 358 1 3
359 1 358 2 3
359 2 379 3 3
360 2 380 3 3
361 0 360 3 3
381 0 361 1 3
362 1 361 2 3
362 2 382 3 3
363 0 362 3 3
383 0 363 1 3
364 1 363 2 3
364 2 384 3 3
365 0 364 3 3
385 0 365 1 3
366 1 365 2 3
366 2 386 3 3
367 0 366 3 3
387 0 367 1 3
368 1 367 2 3
368 2 388 3 3
369 0 368 3 3
389 0 369 1 3
370 1 369 2 3
370 2 390 3 3
371 0 370 3 3
391 0 371 1 3
372 1 371 2 3
372 2 392 3 3
373 0 372 3 3
393 0 373 1 3
374 1 373 2 3
374 2 394 3 3
375 0 374 3 3
395 0 375 1 3
376 1 375 2 3
376 2 396 3 3
377 0 376 3 3
397 0 377 1 3
378 1 377 2 3
378 2 398 3 3
379 0 378 3 3
399 0 379 1 3
381 1 380 2 3
382 0 381 3 3
383 1 382 2 3
384 0 383 3 3
385 1 384 2 3
386 0 385 3 3
387 1 386 2 3
388 0 387 3 3
389 1 388 2 3
390 0 389 3 3
391 1 390 2 3
392 0 391 3 3
393 1 392 2 3
394 0 393 3 3
395 1 394 2 3
396 0 395 3 3
397 1 396 2 3
398 0 397 3 3
399 1 398 2 3
