-14.1421356237309 -13.4350288425444 0 -13.4350288425444 -14.1421356237309 0 -12.7279220613579 -13.4350288425444 0 -13.4350288425444 -12.7279220613579 0
-13.4350288425444 -12.7279220613579 0 -12.7279220613579 -12.0208152801713 0 -13.4350288425444 -11.3137084989848 0 -14.1421356237309 -12.0208152801713 0
-14.1421356237309 -10.6066017177982 0 -13.4350288425444 -11.3137084989848 0 -12.7279220613579 -10.6066017177982 0 -13.4350288425444 -9.89949493661166 0
-13.4350288425444 -9.89949493661166 0 -12.7279220613579 -9.19238815542512 0 -13.4350288425444 -8.48528137423857 0 -14.1421356237309 -9.19238815542512 0
-14.1421356237309 -7.77817459305202 0 -13.4350288425444 -8.48528137423857 0 -12.7279220613579 -7.77817459305202 0 -13.4350288425444 -7.07106781186547 0
-13.4350288425444 -7.07106781186547 0 -12.7279220613579 -6.36396103067893 0 -13.4350288425444 -5.65685424949238 0 -14.1421356237309 -6.36396103067893 0
-14.1421356237309 -4.94974746830583 0 -13.4350288425444 -5.65685424949238 0 -12.7279220613579 -4.94974746830583 0 -13.4350288425444 -4.24264068711928 0
-13.4350288425444 -4.24264068711928 0 -12.7279220613579 -3.53553390593274 0 -13.4350288425444 -2.82842712474619 0 -14.1421356237309 -3.53553390593274 0
-14.1421356237309 -2.12132034355964 0 -13.4350288425444 -2.82842712474619 0 -12.7279220613579 -2.12132034355964 0 -13.4350288425444 -1.41421356237309 0
-13.4350288425444 -1.41421356237309 0 -12.7279220613579 -0.707106781186544 0 -13.4350288425444 1.77635683940025e-15 0 -14.1421356237309 -0.707106781186546 0
-14.1421356237309 0.70710678118655 0 -13.4350288425444 1.77635683940025e-15 0 -12.7279220613579 0.707106781186548 0 -13.4350288425444 1.4142135623731 0
-13.4350288425444 1.4142135623731 0 -12.7279220613579 2.12132034355964 0 -13.4350288425444 2.82842712474619 0 -14.1421356237309 2.12132034355965 0
-14.1421356237309 3.53553390593274 0 -13.4350288425444 2.82842712474619 0 -12.7279220613579 3.53553390593274 0 -13.4350288425444 4.24264068711929 0
-13.4350288425444 4.24264068711929 0 -12.7279220613579 4.94974746830583 0 -13.4350288425444 5.65685424949238 0 -14.1421356237309 4.94974746830583 0
-14.1421356237309 6.36396103067893 0 -13.4350288425444 5.65685424949238 0 -12.7279220613579 6.36396103067893 0 -13.4350288425444 7.07106781186548 0
-13.4350288425444 7.07106781186548 0 -12.7279220613579 7.77817459305202 0 -13.4350288425444 8.48528137423857 0 -14.1421356237309 7.77817459305203 0
-14.1421356237309 9.19238815542512 0 -13.4350288425444 8.48528137423857 0 -12.7279220613579 9.19238815542512 0 -13.4350288425444 9.89949493661167 0
-13.4350288425444 9.89949493661167 0 -12.7279220613579 10.6066017177982 0 -13.4350288425444 11.3137084989848 0 -14.1421356237309 10.6066017177982 0
-14.1421356237309 12.0208152801713 0 -13.4350288425444 11.3137084989848 0 -12.7279220613579 12.0208152801713 0 -13.4350288425444 12.7279220613579 0
-13.4350288425444 12.7279220613579 0 -12.7279220613579 13.4350288425444 0 -13.4350288425444 14.142135623731 0 -14.1421356237309 13.4350288425444 0
-12.0208152801713 -14.1421356237309 0 -11.3137084989848 -13.4350288425444 0 -12.0208152801713 -12.7279220613579 0 -12.7279220613579 -13.4350288425444 0
-12.7279220613579 -12.0208152801713 0 -12.0208152801713 -12.7279220613579 0 -11.3137084989848 -12.0208152801713 0 -12.0208152801713 -11.3137084989848 0
-12.0208152801713 -11.3137084989848 0 -11.3137084989848 -10.6066017177982 0 -12.0208152801713 -9.89949493661166 0 -12.7279220613579 -10.6066017177982 0
-12.7279220613579 -9.19238815542512 0 -12.0208152801713 -9.89949493661166 0 -11.3137084989848 -9.19238815542512 0 -12.0208152801713 -8.48528137423857 0
-12.0208152801713 -8.48528137423857 0 -11.3137084989848 -7.77817459305202 0 -12.0208152801713 -7.07106781186547 0 -12.7279220613579 -7.77817459305202 0
-12.7279220613579 -6.36396103067893 0 -12.0208152801713 -7.07106781186547 0 -11.3137084989848 -6.36396103067893 0 -12.0208152801713 -5.65685424949238 0
-12.0208152801713 -5.65685424949238 0 -11.3137084989848 -4.94974746830583 0 -12.0208152801713 -4.24264068711928 0 -12.7279220613579 -4.94974746830583 0
-12.7279220613579 -3.53553390593274 0 -12.0208152801713 -4.24264068711928 0 -11.3137084989848 -3.53553390593274 0 -12.0208152801713 -2.82842712474619 0
-12.0208152801713 -2.82842712474619 0 -11.3137084989848 -2.12132034355964 0 -12.0208152801713 -1.41421356237309 0 -12.7279220613579 -2.12132034355964 0
-12.7279220613579 -0.707106781186544 0 -12.0208152801713 -1.41421356237309 0 -11.3137084989848 -0.707106781186546 0 -12.0208152801713 1.77635683940025e-15 0
-12.0208152801713 1.77635683940025e-15 0 -11.3137084989848 0.70710678118655 0 -12.0208152801713 1.4142135623731 0 -12.7279220613579 0.707106781186548 0
-12.7279220613579 2.12132034355964 0 -12.0208152801713 1.4142135623731 0 -11.3137084989848 2.12132034355965 0 -12.0208152801713 2.82842712474619 0
-12.0208152801713 2.82842712474619 0 -11.3137084989848 3.53553390593274 0 -12.0208152801713 4.24264068711929 0 -12.7279220613579 3.53553390593274 0
-12.7279220613579 4.94974746830583 0 -12.0208152801713 4.24264068711929 0 -11.3137084989848 4.94974746830583 0 -12.0208152801713 5.65685424949238 0
-12.0208152801713 5.65685424949238 0 -11.3137084989848 6.36396103067893 0 -12.0208152801713 7.07106781186548 0 -12.7279220613579 6.36396103067893 0
-12.7279220613579 7.77817459305202 0 -12.0208152801713 7.07106781186548 0 -11.3137084989848 7.77817459305203 0 -12.0208152801713 8.48528137423857 0
-12.0208152801713 8.48528137423857 0 -11.3137084989848 9.19238815542512 0 -12.0208152801713 9.89949493661167 0 -12.7279220613579 9.19238815542512 0
-12.7279220613579 10.6066017177982 0 -12.0208152801713 9.89949493661167 0 -11.3137084989848 10.6066017177982 0 -12.0208152801713 11.3137084989848 0
-12.0208152801713 11.3137084989848 0 -11.3137084989848 12.0208152801713 0 -12.0208152801713 12.7279220613579 0 -12.7279220613579 12.0208152801713 0
-12.7279220613579 13.4350288425444 0 -12.0208152801713 12.7279220613579 0 -11.3137084989848 13.4350288425444 0 -12.0208152801713 14.142135623731 0
-11.3137084989848 -13.4350288425444 0 -10.6066017177982 -14.1421356237309 0 -9.89949493661166 -13.4350288425444 0 -10.6066017177982 -12.7279220613579 0
-10.6066017177982 -12.7279220613579 0 -9.89949493661166 -12.0208152801713 0 -10.6066017177982 -11.3137084989848 0 -11.3137084989848 -12.0208152801713 0
-11.3137084989848 -10.6066017177982 0 -10.6066017177982 -11.3137084989848 0 -9.89949493661166 -10.6066017177982 0 -10.6066017177982 -9.89949493661166 0
-10.6066017177982 -9.89949493661166 0 -9.89949493661166 -9.19238815542512 0 -10.6066017177982 -8.48528137423857 0 -11.3137084989848 -9.19238815542512 0
-11.3137084989848 -7.77817459305202 0 -10.6066017177982 -8.48528137423857 0 -9.89949493661166 -7.77817459305202 0 -10.6066017177982 -7.07106781186547 0
-10.6066017177982 -7.07106781186547 0 -9.89949493661166 -6.36396103067893 0 -10.6066017177982 -5.65685424949238 0 -11.3137084989848 -6.36396103067893 0
-11.3137084989848 -4.94974746830583 0 -10.6066017177982 -5.65685424949238 0 -9.89949493661166 -4.94974746830583 0 -10.6066017177982 -4.24264068711928 0
-10.6066017177982 -4.24264068711928 0 -9.89949493661166 -3.53553390593274 0 -10.6066017177982 -2.82842712474619 0 -11.3137084989848 -3.53553390593274 0
-11.3137084989848 -2.12132034355964 0 -10.6066017177982 -2.82842712474619 0 -9.89949493661166 -2.12132034355964 0 -10.6066017177982 -1.41421356237309 0
-10.6066017177982 -1.41421356237309 0 -9.89949493661166 -0.707106781186544 0 -10.6066017177982 1.77635683940025e-15 0 -11.3137084989848 -0.707106781186546 0
-11.3137084989848 0.70710678118655 0 -10.6066017177982 1.77635683940025e-15 0 -9.89949493661166 0.707106781186548 0 -10.6066017177982 1.4142135623731 0
-10.6066017177982 1.4142135623731 0 -9.89949493661166 2.12132034355964 0 -10.6066017177982 2.82842712474619 0 -11.3137084989848 2.12132034355965 0
-11.3137084989848 3.53553390593274 0 -10.6066017177982 2.82842712474619 0 -9.89949493661166 3.53553390593274 0 -10.6066017177982 4.24264068711929 0
-10.6066017177982 4.24264068711929 0 -9.89949493661166 4.94974746830583 0 -10.6066017177982 5.65685424949238 0 -11.3137084989848 4.94974746830583 0
-11.3137084989848 6.36396103067893 0 -10.6066017177982 5.65685424949238 0 -9.89949493661166 6.36396103067893 0 -10.6066017177982 7.07106781186548 0
-10.6066017177982 7.07106781186548 0 -9.89949493661166 7.77817459305202 0 -10.6066017177982 8.48528137423857 0 -11.3137084989848 7.77817459305203 0
-11.3137084989848 9.19238815542512 0 -10.6066017177982 8.48528137423857 0 -9.89949493661166 9.19238815542512 0 -10.6066017177982 9.89949493661167 0
-10.6066017177982 9.89949493661167 0 -9.89949493661166 10.6066017177982 0 -10.6066017177982 11.3137084989848 0 -11.3137084989848 10.6066017177982 0
-11.3137084989848 12.0208152801713 0 -10.6066017177982 11.3137084989848 0 -9.89949493661166 12.0208152801713 0 -10.6066017177982 12.7279220613579 0
-10.6066017177982 12.7279220613579 0 -9.89949493661166 13.4350288425444 0 -10.6066017177982 14.142135623731 0 -11.3137084989848 13.4350288425444 0
-9.19238815542512 -14.1421356237309 0 -8.48528137423857 -13.4350288425444 0 -9.19238815542512 -12.7279220613579 0 -9.89949493661166 -13.4350288425444 0
-9.89949493661166 -12.0208152801713 0 -9.19238815542512 -12.7279220613579 0 -8.48528137423857 -12.0208152801713 0 -9.19238815542512 -11.3137084989848 0
-9.19238815542512 -11.3137084989848 0 -8.48528137423857 -10.6066017177982 0 -9.19238815542512 -9.89949493661166 0 -9.89949493661166 -10.6066017177982 0
-9.89949493661166 -9.19238815542512 0 -9.19238815542512 -9.89949493661166 0 -8.48528137423857 -9.19238815542512 0 -9.19238815542512 -8.48528137423857 0
-9.19238815542512 -8.48528137423857 0 -8.48528137423857 -7.77817459305202 0 -9.19238815542512 -7.07106781186547 0 -9.89949493661166 -7.77817459305202 0
-9.89949493661166 -6.36396103067893 0 -9.19238815542512 -7.07106781186547 0 -8.48528137423857 -6.36396103067893 0 -9.19238815542512 -5.65685424949238 0
-9.19238815542512 -5.65685424949238 0 -8.48528137423857 -4.94974746830583 0 -9.19238815542512 -4.24264068711928 0 -9.89949493661166 -4.94974746830583 0
-9.89949493661166 -3.53553390593274 0 -9.19238815542512 -4.24264068711928 0 -8.48528137423857 -3.53553390593274 0 -9.19238815542512 -2.82842712474619 0
-9.19238815542512 -2.82842712474619 0 -8.48528137423857 -2.12132034355964 0 -9.19238815542512 -1.41421356237309 0 -9.89949493661166 -2.12132034355964 0
-9.89949493661166 -0.707106781186544 0 -9.19238815542512 -1.41421356237309 0 -8.48528137423857 -0.707106781186546 0 -9.19238815542512 1.77635683940025e-15 0
-9.19238815542512 1.77635683940025e-15 0 -8.48528137423857 0.70710678118655 0 -9.19238815542512 1.4142135623731 0 -9.89949493661166 0.707106781186548 0
-9.89949493661166 2.12132034355964 0 -9.19238815542512 1.4142135623731 0 -8.48528137423857 2.12132034355965 0 -9.19238815542512 2.82842712474619 0
-9.19238815542512 2.82842712474619 0 -8.48528137423857 3.53553390593274 0 -9.19238815542512 4.24264068711929 0 -9.89949493661166 3.53553390593274 0
-9.89949493661166 4.94974746830583 0 -9.19238815542512 4.24264068711929 0 -8.48528137423857 4.94974746830583 0 -9.19238815542512 5.65685424949238 0
-9.19238815542512 5.65685424949238 0 -8.48528137423857 6.36396103067893 0 -9.19238815542512 7.07106781186548 0 -9.89949493661166 6.36396103067893 0
-9.89949493661166 7.77817459305202 0 -9.19238815542512 7.07106781186548 0 -8.48528137423857 7.77817459305203 0 -9.19238815542512 8.48528137423857 0
-9.19238815542512 8.48528137423857 0 -8.48528137423857 9.19238815542512 0 -9.19238815542512 9.89949493661167 0 -9.89949493661166 9.19238815542512 0
-9.89949493661166 10.6066017177982 0 -9.19238815542512 9.89949493661167 0 -8.48528137423857 10.6066017177982 0 -9.19238815542512 11.3137084989848 0
-9.19238815542512 11.3137084989848 0 -8.48528137423857 12.0208152801713 0 -9.19238815542512 12.7279220613579 0 -9.89949493661166 12.0208152801713 0
-9.89949493661166 13.4350288425444 0 -9.19238815542512 12.7279220613579 0 -8.48528137423857 13.4350288425444 0 -9.19238815542512 14.142135623731 0
-8.48528137423857 -13.4350288425444 0 -7.77817459305202 -14.1421356237309 0 -7.07106781186547 -13.4350288425444 0 -7.77817459305202 -12.7279220613579 0
-7.77817459305202 -12.7279220613579 0 -7.07106781186547 -12.0208152801713 0 -7.77817459305202 -11.3137084989848 0 -8.48528137423857 -12.0208152801713 0
-8.48528137423857 -10.6066017177982 0 -7.77817459305202 -11.3137084989848 0 -7.07106781186547 -10.6066017177982 0 -7.77817459305202 -9.89949493661166 0
-7.77817459305202 -9.89949493661166 0 -7.07106781186547 -9.19238815542512 0 -7.77817459305202 -8.48528137423857 0 -8.48528137423857 -9.19238815542512 0
-8.48528137423857 -7.77817459305202 0 -7.77817459305202 -8.48528137423857 0 -7.07106781186547 -7.77817459305202 0 -7.77817459305202 -7.07106781186547 0
-7.77817459305202 -7.07106781186547 0 -7.07106781186547 -6.36396103067893 0 -7.77817459305202 -5.65685424949238 0 -8.48528137423857 -6.36396103067893 0
-8.48528137423857 -4.94974746830583 0 -7.77817459305202 -5.65685424949238 0 -7.07106781186547 -4.94974746830583 0 -7.77817459305202 -4.24264068711928 0
-7.77817459305202 -4.24264068711928 0 -7.07106781186547 -3.53553390593274 0 -7.77817459305202 -2.82842712474619 0 -8.48528137423857 -3.53553390593274 0
-8.48528137423857 -2.12132034355964 0 -7.77817459305202 -2.82842712474619 0 -7.07106781186547 -2.12132034355964 0 -7.77817459305202 -1.41421356237309 0
-7.77817459305202 -1.41421356237309 0 -7.07106781186547 -0.707106781186544 0 -7.77817459305202 1.77635683940025e-15 0 -8.48528137423857 -0.707106781186546 0
-8.48528137423857 0.70710678118655 0 -7.77817459305202 1.77635683940025e-15 0 -7.07106781186547 0.707106781186548 0 -7.77817459305202 1.4142135623731 0
-7.77817459305202 1.4142135623731 0 -7.07106781186547 2.12132034355964 0 -7.77817459305202 2.82842712474619 0 -8.48528137423857 2.12132034355965 0
-8.48528137423857 3.53553390593274 0 -7.77817459305202 2.82842712474619 0 -7.07106781186547 3.53553390593274 0 -7.77817459305202 4.24264068711929 0
-7.77817459305202 4.24264068711929 0 -7.07106781186547 4.94974746830583 0 -7.77817459305202 5.65685424949238 0 -8.48528137423857 4.94974746830583 0
-8.48528137423857 6.36396103067893 0 -7.77817459305202 5.65685424949238 0 -7.07106781186547 6.36396103067893 0 -7.77817459305202 7.07106781186548 0
-7.77817459305202 7.07106781186548 0 -7.07106781186547 7.77817459305202 0 -7.77817459305202 8.48528137423857 0 -8.48528137423857 7.77817459305203 0
-8.48528137423857 9.19238815542512 0 -7.77817459305202 8.48528137423857 0 -7.07106781186547 9.19238815542512 0 -7.77817459305202 9.89949493661167 0
-7.77817459305202 9.89949493661167 0 -7.07106781186547 10.6066017177982 0 -7.77817459305202 11.3137084989848 0 -8.48528137423857 10.6066017177982 0
-8.48528137423857 12.0208152801713 0 -7.77817459305202 11.3137084989848 0 -7.07106781186547 12.0208152801713 0 -7.77817459305202 12.7279220613579 0
-7.77817459305202 12.7279220613579 0 -7.07106781186547 13.4350288425444 0 -7.77817459305202 14.142135623731 0 -8.48528137423857 13.4350288425444 0
-6.36396103067893 -14.1421356237309 0 -5.65685424949238 -13.4350288425444 0 -6.36396103067893 -12.7279220613579 0 -7.07106781186547 -13.4350288425444 0
-7.07106781186547 -12.0208152801713 0 -6.36396103067893 -12.7279220613579 0 -5.65685424949238 -12.0208152801713 0 -6.36396103067893 -11.3137084989848 0
-6.36396103067893 -11.3137084989848 0 -5.65685424949238 -10.6066017177982 0 -6.36396103067893 -9.89949493661166 0 -7.07106781186547 -10.6066017177982 0
-7.07106781186547 -9.19238815542512 0 -6.36396103067893 -9.89949493661166 0 -5.65685424949238 -9.19238815542512 0 -6.36396103067893 -8.48528137423857 0
-6.36396103067893 -8.48528137423857 0 -5.65685424949238 -7.77817459305202 0 -6.36396103067893 -7.07106781186547 0 -7.07106781186547 -7.77817459305202 0
-7.07106781186547 -6.36396103067893 0 -6.36396103067893 -7.07106781186547 0 -5.65685424949238 -6.36396103067893 0 -6.36396103067893 -5.65685424949238 0
-6.36396103067893 -5.65685424949238 0 -5.65685424949238 -4.94974746830583 0 -6.36396103067893 -4.24264068711928 0 -7.07106781186547 -4.94974746830583 0
-7.07106781186547 -3.53553390593274 0 -6.36396103067893 -4.24264068711928 0 -5.65685424949238 -3.53553390593274 0 -6.36396103067893 -2.82842712474619 0
-6.36396103067893 -2.82842712474619 0 -5.65685424949238 -2.12132034355964 0 -6.36396103067893 -1.41421356237309 0 -7.07106781186547 -2.12132034355964 0
-7.07106781186547 -0.707106781186544 0 -6.36396103067893 -1.41421356237309 0 -5.65685424949238 -0.707106781186546 0 -6.36396103067893 1.77635683940025e-15 0
-6.36396103067893 1.77635683940025e-15 0 -5.65685424949238 0.70710678118655 0 -6.36396103067893 1.4142135623731 0 -7.07106781186547 0.707106781186548 0
-7.07106781186547 2.12132034355964 0 -6.36396103067893 1.4142135623731 0 -5.65685424949238 2.12132034355965 0 -6.36396103067893 2.82842712474619 0
-6.36396103067893 2.82842712474619 0 -5.65685424949238 3.53553390593274 0 -6.36396103067893 4.24264068711929 0 -7.07106781186547 3.53553390593274 0
-7.07106781186547 4.94974746830583 0 -6.36396103067893 4.24264068711929 0 -5.65685424949238 4.94974746830583 0 -6.36396103067893 5.65685424949238 0
-6.36396103067893 5.65685424949238 0 -5.65685424949238 6.36396103067893 0 -6.36396103067893 7.07106781186548 0 -7.07106781186547 6.36396103067893 0
-7.07106781186547 7.77817459305202 0 -6.36396103067893 7.07106781186548 0 -5.65685424949238 7.77817459305203 0 -6.36396103067893 8.48528137423857 0
-6.36396103067893 8.48528137423857 0 -5.65685424949238 9.19238815542512 0 -6.36396103067893 9.89949493661167 0 -7.07106781186547 9.19238815542512 0
-7.07106781186547 10.6066017177982 0 -6.36396103067893 9.89949493661167 0 -5.65685424949238 10.6066017177982 0 -6.36396103067893 11.3137084989848 0
-6.36396103067893 11.3137084989848 0 -5.65685424949238 12.0208152801713 0 -6.36396103067893 12.7279220613579 0 -7.07106781186547 12.0208152801713 0
-7.07106781186547 13.4350288425444 0 -6.36396103067893 12.7279220613579 0 -5.65685424949238 13.4350288425444 0 -6.36396103067893 14.142135623731 0
-5.65685424949238 -13.4350288425444 0 -4.94974746830583 -14.1421356237309 0 -4.24264068711928 -13.4350288425444 0 -4.94974746830583 -12.7279220613579 0
-4.94974746830583 -12.7279220613579 0 -4.24264068711928 -12.0208152801713 0 -4.94974746830583 -11.3137084989848 0 -5.65685424949238 -12.0208152801713 0
-5.65685424949238 -10.6066017177982 0 -4.94974746830583 -11.3137084989848 0 -4.24264068711928 -10.6066017177982 0 -4.94974746830583 -9.89949493661166 0
-4.94974746830583 -9.89949493661166 0 -4.24264068711928 -9.19238815542512 0 -4.94974746830583 -8.48528137423857 0 -5.65685424949238 -9.19238815542512 0
-5.65685424949238 -7.77817459305202 0 -4.94974746830583 -8.48528137423857 0 -4.24264068711928 -7.77817459305202 0 -4.94974746830583 -7.07106781186547 0
-4.94974746830583 -7.07106781186547 0 -4.24264068711928 -6.36396103067893 0 -4.94974746830583 -5.65685424949238 0 -5.65685424949238 -6.36396103067893 0
-5.65685424949238 -4.94974746830583 0 -4.94974746830583 -5.65685424949238 0 -4.24264068711928 -4.94974746830583 0 -4.94974746830583 -4.24264068711928 0
-4.94974746830583 -4.24264068711928 0 -4.24264068711928 -3.53553390593274 0 -4.94974746830583 -2.82842712474619 0 -5.65685424949238 -3.53553390593274 0
-5.65685424949238 -2.12132034355964 0 -4.94974746830583 -2.82842712474619 0 -4.24264068711928 -2.12132034355964 0 -4.94974746830583 -1.41421356237309 0
-4.94974746830583 -1.41421356237309 0 -4.24264068711928 -0.707106781186544 0 -4.94974746830583 1.77635683940025e-15 0 -5.65685424949238 -0.707106781186546 0
-5.65685424949238 0.70710678118655 0 -4.94974746830583 1.77635683940025e-15 0 -4.24264068711928 0.707106781186548 0 -4.94974746830583 1.4142135623731 0
-4.94974746830583 1.4142135623731 0 -4.24264068711928 2.12132034355964 0 -4.94974746830583 2.82842712474619 0 -5.65685424949238 2.12132034355965 0
-5.65685424949238 3.53553390593274 0 -4.94974746830583 2.82842712474619 0 -4.24264068711928 3.53553390593274 0 -4.94974746830583 4.24264068711929 0
-4.94974746830583 4.24264068711929 0 -4.24264068711928 4.94974746830583 0 -4.94974746830583 5.65685424949238 0 -5.65685424949238 4.94974746830583 0
-5.65685424949238 6.36396103067893 0 -4.94974746830583 5.65685424949238 0 -4.24264068711928 6.36396103067893 0 -4.94974746830583 7.07106781186548 0
-4.94974746830583 7.07106781186548 0 -4.24264068711928 7.77817459305202 0 -4.94974746830583 8.48528137423857 0 -5.65685424949238 7.77817459305203 0
-5.65685424949238 9.19238815542512 0 -4.94974746830583 8.48528137423857 0 -4.24264068711928 9.19238815542512 0 -4.94974746830583 9.89949493661167 0
-4.94974746830583 9.89949493661167 0 -4.24264068711928 10.6066017177982 0 -4.94974746830583 11.3137084989848 0 -5.65685424949238 10.6066017177982 0
-5.65685424949238 12.0208152801713 0 -4.94974746830583 11.3137084989848 0 -4.24264068711928 12.0208152801713 0 -4.94974746830583 12.7279220613579 0
-4.94974746830583 12.7279220613579 0 -4.24264068711928 13.4350288425444 0 -4.94974746830583 14.142135623731 0 -5.65685424949238 13.4350288425444 0
-3.53553390593274 -14.1421356237309 0 -2.82842712474619 -13.4350288425444 0 -3.53553390593274 -12.7279220613579 0 -4.24264068711928 -13.4350288425444 0
-4.24264068711928 -12.0208152801713 0 -3.53553390593274 -12.7279220613579 0 -2.82842712474619 -12.0208152801713 0 -3.53553390593274 -11.3137084989848 0
-3.53553390593274 -11.3137084989848 0 -2.82842712474619 -10.6066017177982 0 -3.53553390593274 -9.89949493661166 0 -4.24264068711928 -10.6066017177982 0
-4.24264068711928 -9.19238815542512 0 -3.53553390593274 -9.89949493661166 0 -2.82842712474619 -9.19238815542512 0 -3.53553390593274 -8.48528137423857 0
-3.53553390593274 -8.48528137423857 0 -2.82842712474619 -7.77817459305202 0 -3.53553390593274 -7.07106781186547 0 -4.24264068711928 -7.77817459305202 0
-4.24264068711928 -6.36396103067893 0 -3.53553390593274 -7.07106781186547 0 -2.82842712474619 -6.36396103067893 0 -3.53553390593274 -5.65685424949238 0
-3.53553390593274 -5.65685424949238 0 -2.82842712474619 -4.94974746830583 0 -3.53553390593274 -4.24264068711928 0 -4.24264068711928 -4.94974746830583 0
-4.24264068711928 -3.53553390593274 0 -3.53553390593274 -4.24264068711928 0 -2.82842712474619 -3.53553390593274 0 -3.53553390593274 -2.82842712474619 0
-3.53553390593274 -2.82842712474619 0 -2.82842712474619 -2.12132034355964 0 -3.53553390593274 -1.41421356237309 0 -4.24264068711928 -2.12132034355964 0
-4.24264068711928 -0.707106781186544 0 -3.53553390593274 -1.41421356237309 0 -2.82842712474619 -0.707106781186546 0 -3.53553390593274 1.77635683940025e-15 0
-3.53553390593274 1.77635683940025e-15 0 -2.82842712474619 0.70710678118655 0 -3.53553390593274 1.4142135623731 0 -4.24264068711928 0.707106781186548 0
-4.24264068711928 2.12132034355964 0 -3.53553390593274 1.4142135623731 0 -2.82842712474619 2.12132034355965 0 -3.53553390593274 2.82842712474619 0
-3.53553390593274 2.82842712474619 0 -2.82842712474619 3.53553390593274 0 -3.53553390593274 4.24264068711929 0 -4.24264068711928 3.53553390593274 0
-4.24264068711928 4.94974746830583 0 -3.53553390593274 4.24264068711929 0 -2.82842712474619 4.94974746830583 0 -3.53553390593274 5.65685424949238 0
-3.53553390593274 5.65685424949238 0 -2.82842712474619 6.36396103067893 0 -3.53553390593274 7.07106781186548 0 -4.24264068711928 6.36396103067893 0
-4.24264068711928 7.77817459305202 0 -3.53553390593274 7.07106781186548 0 -2.82842712474619 7.77817459305203 0 -3.53553390593274 8.48528137423857 0
-3.53553390593274 8.48528137423857 0 -2.82842712474619 9.19238815542512 0 -3.53553390593274 9.89949493661167 0 -4.24264068711928 9.19238815542512 0
-4.24264068711928 10.6066017177982 0 -3.53553390593274 9.89949493661167 0 -2.82842712474619 10.6066017177982 0 -3.53553390593274 11.3137084989848 0
-3.53553390593274 11.3137084989848 0 -2.82842712474619 12.0208152801713 0 -3.53553390593274 12.7279220613579 0 -4.24264068711928 12.0208152801713 0
-4.24264068711928 13.4350288425444 0 -3.53553390593274 12.7279220613579 0 -2.82842712474619 13.4350288425444 0 -3.53553390593274 14.142135623731 0
-2.82842712474619 -13.4350288425444 0 -2.12132034355964 -14.1421356237309 0 -1.41421356237309 -13.4350288425444 0 -2.12132034355964 -12.7279220613579 0
-2.12132034355964 -12.7279220613579 0 -1.41421356237309 -12.0208152801713 0 -2.12132034355964 -11.3137084989848 0 -2.82842712474619 -12.0208152801713 0
-2.82842712474619 -10.6066017177982 0 -2.12132034355964 -11.3137084989848 0 -1.41421356237309 -10.6066017177982 0 -2.12132034355964 -9.89949493661166 0
-2.12132034355964 -9.89949493661166 0 -1.41421356237309 -9.19238815542512 0 -2.12132034355964 -8.48528137423857 0 -2.82842712474619 -9.19238815542512 0
-2.82842712474619 -7.77817459305202 0 -2.12132034355964 -8.48528137423857 0 -1.41421356237309 -7.77817459305202 0 -2.12132034355964 -7.07106781186547 0
-2.12132034355964 -7.07106781186547 0 -1.41421356237309 -6.36396103067893 0 -2.12132034355964 -5.65685424949238 0 -2.82842712474619 -6.36396103067893 0
-2.82842712474619 -4.94974746830583 0 -2.12132034355964 -5.65685424949238 0 -1.41421356237309 -4.94974746830583 0 -2.12132034355964 -4.24264068711928 0
-2.12132034355964 -4.24264068711928 0 -1.41421356237309 -3.53553390593274 0 -2.12132034355964 -2.82842712474619 0 -2.82842712474619 -3.53553390593274 0
-2.82842712474619 -2.12132034355964 0 -2.12132034355964 -2.82842712474619 0 -1.41421356237309 -2.12132034355964 0 -2.12132034355964 -1.41421356237309 0
-2.12132034355964 -1.41421356237309 0 -1.41421356237309 -0.707106781186544 0 -2.12132034355964 1.77635683940025e-15 0 -2.82842712474619 -0.707106781186546 0
-2.82842712474619 0.70710678118655 0 -2.12132034355964 1.77635683940025e-15 0 -1.41421356237309 0.707106781186548 0 -2.12132034355964 1.4142135623731 0
-2.12132034355964 1.4142135623731 0 -1.41421356237309 2.12132034355964 0 -2.12132034355964 2.82842712474619 0 -2.82842712474619 2.12132034355965 0
-2.82842712474619 3.53553390593274 0 -2.12132034355964 2.82842712474619 0 -1.41421356237309 3.53553390593274 0 -2.12132034355964 4.24264068711929 0
-2.12132034355964 4.24264068711929 0 -1.41421356237309 4.94974746830583 0 -2.12132034355964 5.65685424949238 0 -2.82842712474619 4.94974746830583 0
-2.82842712474619 6.36396103067893 0 -2.12132034355964 5.65685424949238 0 -1.41421356237309 6.36396103067893 0 -2.12132034355964 7.07106781186548 0
-2.12132034355964 7.07106781186548 0 -1.41421356237309 7.77817459305202 0 -2.12132034355964 8.48528137423857 0 -2.82842712474619 7.77817459305203 0
-2.82842712474619 9.19238815542512 0 -2.12132034355964 8.48528137423857 0 -1.41421356237309 9.19238815542512 0 -2.12132034355964 9.89949493661167 0
-2.12132034355964 9.89949493661167 0 -1.41421356237309 10.6066017177982 0 -2.12132034355964 11.3137084989848 0 -2.82842712474619 10.6066017177982 0
-2.82842712474619 12.0208152801713 0 -2.12132034355964 11.3137084989848 0 -1.41421356237309 12.0208152801713 0 -2.12132034355964 12.7279220613579 0
-2.12132034355964 12.7279220613579 0 -1.41421356237309 13.4350288425444 0 -2.12132034355964 14.142135623731 0 -2.82842712474619 13.4350288425444 0
-0.707106781186544 -14.1421356237309 0 1.77635683940025e-15 -13.4350288425444 0 -0.707106781186546 -12.7279220613579 0 -1.41421356237309 -13.4350288425444 0
-1.41421356237309 -12.0208152801713 0 -0.707106781186546 -12.7279220613579 0 1.77635683940025e-15 -12.0208152801713 0 -0.707106781186544 -11.3137084989848 0
-0.707106781186544 -11.3137084989848 0 1.77635683940025e-15 -10.6066017177982 0 -0.707106781186546 -9.89949493661166 0 -1.41421356237309 -10.6066017177982 0
-1.41421356237309 -9.19238815542512 0 -0.707106781186546 -9.89949493661166 0 1.77635683940025e-15 -9.19238815542512 0 -0.707106781186544 -8.48528137423857 0
-0.707106781186544 -8.48528137423857 0 1.77635683940025e-15 -7.77817459305202 0 -0.707106781186546 -7.07106781186547 0 -1.41421356237309 -7.77817459305202 0
-1.41421356237309 -6.36396103067893 0 -0.707106781186546 -7.07106781186547 0 1.77635683940025e-15 -6.36396103067893 0 -0.707106781186544 -5.65685424949238 0
-0.707106781186544 -5.65685424949238 0 1.77635683940025e-15 -4.94974746830583 0 -0.707106781186546 -4.24264068711928 0 -1.41421356237309 -4.94974746830583 0
-1.41421356237309 -3.53553390593274 0 -0.707106781186546 -4.24264068711928 0 1.77635683940025e-15 -3.53553390593274 0 -0.707106781186544 -2.82842712474619 0
-0.707106781186544 -2.82842712474619 0 1.77635683940025e-15 -2.12132034355964 0 -0.707106781186546 -1.41421356237309 0 -1.41421356237309 -2.12132034355964 0
-1.41421356237309 -0.707106781186544 0 -0.707106781186546 -1.41421356237309 0 1.77635683940025e-15 -0.707106781186546 0 -0.707106781186544 1.77635683940025e-15 0
-0.707106781186544 1.77635683940025e-15 0 1.77635683940025e-15 0.70710678118655 0 -0.707106781186546 1.4142135623731 0 -1.41421356237309 0.707106781186548 0
-1.41421356237309 2.12132034355964 0 -0.707106781186546 1.4142135623731 0 1.77635683940025e-15 2.12132034355965 0 -0.707106781186544 2.82842712474619 0
-0.707106781186544 2.82842712474619 0 1.77635683940025e-15 3.53553390593274 0 -0.707106781186546 4.24264068711929 0 -1.41421356237309 3.53553390593274 0
-1.41421356237309 4.94974746830583 0 -0.707106781186546 4.24264068711929 0 1.77635683940025e-15 4.94974746830583 0 -0.707106781186544 5.65685424949238 0
-0.707106781186544 5.65685424949238 0 1.77635683940025e-15 6.36396103067893 0 -0.707106781186546 7.07106781186548 0 -1.41421356237309 6.36396103067893 0
-1.41421356237309 7.77817459305202 0 -0.707106781186546 7.07106781186548 0 1.77635683940025e-15 7.77817459305203 0 -0.707106781186544 8.48528137423857 0
-0.707106781186544 8.48528137423857 0 1.77635683940025e-15 9.19238815542512 0 -0.707106781186546 9.89949493661167 0 -1.41421356237309 9.19238815542512 0
-1.41421356237309 10.6066017177982 0 -0.707106781186546 9.89949493661167 0 1.77635683940025e-15 10.6066017177982 0 -0.707106781186544 11.3137084989848 0
-0.707106781186544 11.3137084989848 0 1.77635683940025e-15 12.0208152801713 0 -0.707106781186546 12.7279220613579 0 -1.41421356237309 12.0208152801713 0
-1.41421356237309 13.4350288425444 0 -0.707106781186546 12.7279220613579 0 1.77635683940025e-15 13.4350288425444 0 -0.707106781186544 14.142135623731 0
1.77635683940025e-15 -13.4350288425444 0 0.707106781186548 -14.1421356237309 0 1.4142135623731 -13.4350288425444 0 0.70710678118655 -12.7279220613579 0
0.70710678118655 -12.7279220613579 0 1.4142135623731 -12.0208152801713 0 0.707106781186548 -11.3137084989848 0 1.77635683940025e-15 -12.0208152801713 0
1.77635683940025e-15 -10.6066017177982 0 0.707106781186548 -11.3137084989848 0 1.4142135623731 -10.6066017177982 0 0.70710678118655 -9.89949493661166 0
0.70710678118655 -9.89949493661166 0 1.4142135623731 -9.19238815542512 0 0.707106781186548 -8.48528137423857 0 1.77635683940025e-15 -9.19238815542512 0
1.77635683940025e-15 -7.77817459305202 0 0.707106781186548 -8.48528137423857 0 1.4142135623731 -7.77817459305202 0 0.70710678118655 -7.07106781186547 0
0.70710678118655 -7.07106781186547 0 1.4142135623731 -6.36396103067893 0 0.707106781186548 -5.65685424949238 0 1.77635683940025e-15 -6.36396103067893 0
1.77635683940025e-15 -4.94974746830583 0 0.707106781186548 -5.65685424949238 0 1.4142135623731 -4.94974746830583 0 0.70710678118655 -4.24264068711928 0
0.70710678118655 -4.24264068711928 0 1.4142135623731 -3.53553390593274 0 0.707106781186548 -2.82842712474619 0 1.77635683940025e-15 -3.53553390593274 0
1.77635683940025e-15 -2.12132034355964 0 0.707106781186548 -2.82842712474619 0 1.4142135623731 -2.12132034355964 0 0.70710678118655 -1.41421356237309 0
0.70710678118655 -1.41421356237309 0 1.4142135623731 -0.707106781186544 0 0.707106781186548 1.77635683940025e-15 0 1.77635683940025e-15 -0.707106781186546 0
1.77635683940025e-15 0.70710678118655 0 0.707106781186548 1.77635683940025e-15 0 1.4142135623731 0.707106781186548 0 0.70710678118655 1.4142135623731 0
0.70710678118655 1.4142135623731 0 1.4142135623731 2.12132034355964 0 0.707106781186548 2.82842712474619 0 1.77635683940025e-15 2.12132034355965 0
1.77635683940025e-15 3.53553390593274 0 0.707106781186548 2.82842712474619 0 1.4142135623731 3.53553390593274 0 0.70710678118655 4.24264068711929 0
0.70710678118655 4.24264068711929 0 1.4142135623731 4.94974746830583 0 0.707106781186548 5.65685424949238 0 1.77635683940025e-15 4.94974746830583 0
1.77635683940025e-15 6.36396103067893 0 0.707106781186548 5.65685424949238 0 1.4142135623731 6.36396103067893 0 0.70710678118655 7.07106781186548 0
0.70710678118655 7.07106781186548 0 1.4142135623731 7.77817459305202 0 0.707106781186548 8.48528137423857 0 1.77635683940025e-15 7.77817459305203 0
1.77635683940025e-15 9.19238815542512 0 0.707106781186548 8.48528137423857 0 1.4142135623731 9.19238815542512 0 0.70710678118655 9.89949493661167 0
0.70710678118655 9.89949493661167 0 1.4142135623731 10.6066017177982 0 0.707106781186548 11.3137084989848 0 1.77635683940025e-15 10.6066017177982 0
1.77635683940025e-15 12.0208152801713 0 0.707106781186548 11.3137084989848 0 1.4142135623731 12.0208152801713 0 0.70710678118655 12.7279220613579 0
0.70710678118655 12.7279220613579 0 1.4142135623731 13.4350288425444 0 0.707106781186548 14.142135623731 0 1.77635683940025e-15 13.4350288425444 0
2.12132034355964 -14.1421356237309 0 2.82842712474619 -13.4350288425444 0 2.12132034355965 -12.7279220613579 0 1.4142135623731 -13.4350288425444 0
1.4142135623731 -12.0208152801713 0 2.12132034355965 -12.7279220613579 0 2.82842712474619 -12.0208152801713 0 2.12132034355964 -11.3137084989848 0
2.12132034355964 -11.3137084989848 0 2.82842712474619 -10.6066017177982 0 2.12132034355965 -9.89949493661166 0 1.4142135623731 -10.6066017177982 0
1.4142135623731 -9.19238815542512 0 2.12132034355965 -9.89949493661166 0 2.82842712474619 -9.19238815542512 0 2.12132034355964 -8.48528137423857 0
2.12132034355964 -8.48528137423857 0 2.82842712474619 -7.77817459305202 0 2.12132034355965 -7.07106781186547 0 1.4142135623731 -7.77817459305202 0
1.4142135623731 -6.36396103067893 0 2.12132034355965 -7.07106781186547 0 2.82842712474619 -6.36396103067893 0 2.12132034355964 -5.65685424949238 0
2.12132034355964 -5.65685424949238 0 2.82842712474619 -4.94974746830583 0 2.12132034355965 -4.24264068711928 0 1.4142135623731 -4.94974746830583 0
1.4142135623731 -3.53553390593274 0 2.12132034355965 -4.24264068711928 0 2.82842712474619 -3.53553390593274 0 2.12132034355964 -2.82842712474619 0
2.12132034355964 -2.82842712474619 0 2.82842712474619 -2.12132034355964 0 2.12132034355965 -1.41421356237309 0 1.4142135623731 -2.12132034355964 0
1.4142135623731 -0.707106781186544 0 2.12132034355965 -1.41421356237309 0 2.82842712474619 -0.707106781186546 0 2.12132034355964 1.77635683940025e-15 0
2.12132034355964 1.77635683940025e-15 0 2.82842712474619 0.70710678118655 0 2.12132034355965 1.4142135623731 0 1.4142135623731 0.707106781186548 0
1.4142135623731 2.12132034355964 0 2.12132034355965 1.4142135623731 0 2.82842712474619 2.12132034355965 0 2.12132034355964 2.82842712474619 0
2.12132034355964 2.82842712474619 0 2.82842712474619 3.53553390593274 0 2.12132034355965 4.24264068711929 0 1.4142135623731 3.53553390593274 0
1.4142135623731 4.94974746830583 0 2.12132034355965 4.24264068711929 0 2.82842712474619 4.94974746830583 0 2.12132034355964 5.65685424949238 0
2.12132034355964 5.65685424949238 0 2.82842712474619 6.36396103067893 0 2.12132034355965 7.07106781186548 0 1.4142135623731 6.36396103067893 0
1.4142135623731 7.77817459305202 0 2.12132034355965 7.07106781186548 0 2.82842712474619 7.77817459305203 0 2.12132034355964 8.48528137423857 0
2.12132034355964 8.48528137423857 0 2.82842712474619 9.19238815542512 0 2.12132034355965 9.89949493661167 0 1.4142135623731 9.19238815542512 0
1.4142135623731 10.6066017177982 0 2.12132034355965 9.89949493661167 0 2.82842712474619 10.6066017177982 0 2.12132034355964 11.3137084989848 0
2.12132034355964 11.3137084989848 0 2.82842712474619 12.0208152801713 0 2.12132034355965 12.7279220613579 0 1.4142135623731 12.0208152801713 0
1.4142135623731 13.4350288425444 0 2.12132034355965 12.7279220613579 0 2.82842712474619 13.4350288425444 0 2.12132034355964 14.142135623731 0
2.82842712474619 -13.4350288425444 0 3.53553390593274 -14.1421356237309 0 4.24264068711929 -13.4350288425444 0 3.53553390593274 -12.7279220613579 0
3.53553390593274 -12.7279220613579 0 4.24264068711929 -12.0208152801713 0 3.53553390593274 -11.3137084989848 0 2.82842712474619 -12.0208152801713 0
2.82842712474619 -10.6066017177982 0 3.53553390593274 -11.3137084989848 0 4.24264068711929 -10.6066017177982 0 3.53553390593274 -9.89949493661166 0
3.53553390593274 -9.89949493661166 0 4.24264068711929 -9.19238815542512 0 3.53553390593274 -8.48528137423857 0 2.82842712474619 -9.19238815542512 0
2.82842712474619 -7.77817459305202 0 3.53553390593274 -8.48528137423857 0 4.24264068711929 -7.77817459305202 0 3.53553390593274 -7.07106781186547 0
3.53553390593274 -7.07106781186547 0 4.24264068711929 -6.36396103067893 0 3.53553390593274 -5.65685424949238 0 2.82842712474619 -6.36396103067893 0
2.82842712474619 -4.94974746830583 0 3.53553390593274 -5.65685424949238 0 4.24264068711929 -4.94974746830583 0 3.53553390593274 -4.24264068711928 0
3.53553390593274 -4.24264068711928 0 4.24264068711929 -3.53553390593274 0 3.53553390593274 -2.82842712474619 0 2.82842712474619 -3.53553390593274 0
2.82842712474619 -2.12132034355964 0 3.53553390593274 -2.82842712474619 0 4.24264068711929 -2.12132034355964 0 3.53553390593274 -1.41421356237309 0
3.53553390593274 -1.41421356237309 0 4.24264068711929 -0.707106781186544 0 3.53553390593274 1.77635683940025e-15 0 2.82842712474619 -0.707106781186546 0
2.82842712474619 0.70710678118655 0 3.53553390593274 1.77635683940025e-15 0 4.24264068711929 0.707106781186548 0 3.53553390593274 1.4142135623731 0
3.53553390593274 1.4142135623731 0 4.24264068711929 2.12132034355964 0 3.53553390593274 2.82842712474619 0 2.82842712474619 2.12132034355965 0
2.82842712474619 3.53553390593274 0 3.53553390593274 2.82842712474619 0 4.24264068711929 3.53553390593274 0 3.53553390593274 4.24264068711929 0
3.53553390593274 4.24264068711929 0 4.24264068711929 4.94974746830583 0 3.53553390593274 5.65685424949238 0 2.82842712474619 4.94974746830583 0
2.82842712474619 6.36396103067893 0 3.53553390593274 5.65685424949238 0 4.24264068711929 6.36396103067893 0 3.53553390593274 7.07106781186548 0
3.53553390593274 7.07106781186548 0 4.24264068711929 7.77817459305202 0 3.53553390593274 8.48528137423857 0 2.82842712474619 7.77817459305203 0
2.82842712474619 9.19238815542512 0 3.53553390593274 8.48528137423857 0 4.24264068711929 9.19238815542512 0 3.53553390593274 9.89949493661167 0
3.53553390593274 9.89949493661167 0 4.24264068711929 10.6066017177982 0 3.53553390593274 11.3137084989848 0 2.82842712474619 10.6066017177982 0
2.82842712474619 12.0208152801713 0 3.53553390593274 11.3137084989848 0 4.24264068711929 12.0208152801713 0 3.53553390593274 12.7279220613579 0
3.53553390593274 12.7279220613579 0 4.24264068711929 13.4350288425444 0 3.53553390593274 14.142135623731 0 2.82842712474619 13.4350288425444 0
4.94974746830583 -14.1421356237309 0 5.65685424949238 -13.4350288425444 0 4.94974746830583 -12.7279220613579 0 4.24264068711929 -13.4350288425444 0
4.24264068711929 -12.0208152801713 0 4.94974746830583 -12.7279220613579 0 5.65685424949238 -12.0208152801713 0 4.94974746830583 -11.3137084989848 0
4.94974746830583 -11.3137084989848 0 5.65685424949238 -10.6066017177982 0 4.94974746830583 -9.89949493661166 0 4.24264068711929 -10.6066017177982 0
4.24264068711929 -9.19238815542512 0 4.94974746830583 -9.89949493661166 0 5.65685424949238 -9.19238815542512 0 4.94974746830583 -8.48528137423857 0
4.94974746830583 -8.48528137423857 0 5.65685424949238 -7.77817459305202 0 4.94974746830583 -7.07106781186547 0 4.24264068711929 -7.77817459305202 0
4.24264068711929 -6.36396103067893 0 4.94974746830583 -7.07106781186547 0 5.65685424949238 -6.36396103067893 0 4.94974746830583 -5.65685424949238 0
4.94974746830583 -5.65685424949238 0 5.65685424949238 -4.94974746830583 0 4.94974746830583 -4.24264068711928 0 4.24264068711929 -4.94974746830583 0
4.24264068711929 -3.53553390593274 0 4.94974746830583 -4.24264068711928 0 5.65685424949238 -3.53553390593274 0 4.94974746830583 -2.82842712474619 0
4.94974746830583 -2.82842712474619 0 5.65685424949238 -2.12132034355964 0 4.94974746830583 -1.41421356237309 0 4.24264068711929 -2.12132034355964 0
4.24264068711929 -0.707106781186544 0 4.94974746830583 -1.41421356237309 0 5.65685424949238 -0.707106781186546 0 4.94974746830583 1.77635683940025e-15 0
4.94974746830583 1.77635683940025e-15 0 5.65685424949238 0.70710678118655 0 4.94974746830583 1.4142135623731 0 4.24264068711929 0.707106781186548 0
4.24264068711929 2.12132034355964 0 4.94974746830583 1.4142135623731 0 5.65685424949238 2.12132034355965 0 4.94974746830583 2.82842712474619 0
4.94974746830583 2.82842712474619 0 5.65685424949238 3.53553390593274 0 4.94974746830583 4.24264068711929 0 4.24264068711929 3.53553390593274 0
4.24264068711929 4.94974746830583 0 4.94974746830583 4.24264068711929 0 5.65685424949238 4.94974746830583 0 4.94974746830583 5.65685424949238 0
4.94974746830583 5.65685424949238 0 5.65685424949238 6.36396103067893 0 4.94974746830583 7.07106781186548 0 4.24264068711929 6.36396103067893 0
4.24264068711929 7.77817459305202 0 4.94974746830583 7.07106781186548 0 5.65685424949238 7.77817459305203 0 4.94974746830583 8.48528137423857 0
4.94974746830583 8.48528137423857 0 5.65685424949238 9.19238815542512 0 4.94974746830583 9.89949493661167 0 4.24264068711929 9.19238815542512 0
4.24264068711929 10.6066017177982 0 4.94974746830583 9.89949493661167 0 5.65685424949238 10.6066017177982 0 4.94974746830583 11.3137084989848 0
4.94974746830583 11.3137084989848 0 5.65685424949238 12.0208152801713 0 4.94974746830583 12.7279220613579 0 4.24264068711929 12.0208152801713 0
4.24264068711929 13.4350288425444 0 4.94974746830583 12.7279220613579 0 5.65685424949238 13.4350288425444 0 4.94974746830583 14.142135623731 0
5.65685424949238 -13.4350288425444 0 6.36396103067893 -14.1421356237309 0 7.07106781186548 -13.4350288425444 0 6.36396103067893 -12.7279220613579 0
6.36396103067893 -12.7279220613579 0 7.07106781186548 -12.0208152801713 0 6.36396103067893 -11.3137084989848 0 5.65685424949238 -12.0208152801713 0
5.65685424949238 -10.6066017177982 0 6.36396103067893 -11.3137084989848 0 7.07106781186548 -10.6066017177982 0 6.36396103067893 -9.89949493661166 0
6.36396103067893 -9.89949493661166 0 7.07106781186548 -9.19238815542512 0 6.36396103067893 -8.48528137423857 0 5.65685424949238 -9.19238815542512 0
5.65685424949238 -7.77817459305202 0 6.36396103067893 -8.48528137423857 0 7.07106781186548 -7.77817459305202 0 6.36396103067893 -7.07106781186547 0
6.36396103067893 -7.07106781186547 0 7.07106781186548 -6.36396103067893 0 6.36396103067893 -5.65685424949238 0 5.65685424949238 -6.36396103067893 0
5.65685424949238 -4.94974746830583 0 6.36396103067893 -5.65685424949238 0 7.07106781186548 -4.94974746830583 0 6.36396103067893 -4.24264068711928 0
6.36396103067893 -4.24264068711928 0 7.07106781186548 -3.53553390593274 0 6.36396103067893 -2.82842712474619 0 5.65685424949238 -3.53553390593274 0
5.65685424949238 -2.12132034355964 0 6.36396103067893 -2.82842712474619 0 7.07106781186548 -2.12132034355964 0 6.36396103067893 -1.41421356237309 0
6.36396103067893 -1.41421356237309 0 7.07106781186548 -0.707106781186544 0 6.36396103067893 1.77635683940025e-15 0 5.65685424949238 -0.707106781186546 0
5.65685424949238 0.70710678118655 0 6.36396103067893 1.77635683940025e-15 0 7.07106781186548 0.707106781186548 0 6.36396103067893 1.4142135623731 0
6.36396103067893 1.4142135623731 0 7.07106781186548 2.12132034355964 0 6.36396103067893 2.82842712474619 0 5.65685424949238 2.12132034355965 0
5.65685424949238 3.53553390593274 0 6.36396103067893 2.82842712474619 0 7.07106781186548 3.53553390593274 0 6.36396103067893 4.24264068711929 0
6.36396103067893 4.24264068711929 0 7.07106781186548 4.94974746830583 0 6.36396103067893 5.65685424949238 0 5.65685424949238 4.94974746830583 0
5.65685424949238 6.36396103067893 0 6.36396103067893 5.65685424949238 0 7.07106781186548 6.36396103067893 0 6.36396103067893 7.07106781186548 0
6.36396103067893 7.07106781186548 0 7.07106781186548 7.77817459305202 0 6.36396103067893 8.48528137423857 0 5.65685424949238 7.77817459305203 0
5.65685424949238 9.19238815542512 0 6.36396103067893 8.48528137423857 0 7.07106781186548 9.19238815542512 0 6.36396103067893 9.89949493661167 0
6.36396103067893 9.89949493661167 0 7.07106781186548 10.6066017177982 0 6.36396103067893 11.3137084989848 0 5.65685424949238 10.6066017177982 0
5.65685424949238 12.0208152801713 0 6.36396103067893 11.3137084989848 0 7.07106781186548 12.0208152801713 0 6.36396103067893 12.7279220613579 0
6.36396103067893 12.7279220613579 0 7.07106781186548 13.4350288425444 0 6.36396103067893 14.142135623731 0 5.65685424949238 13.4350288425444 0
7.77817459305202 -14.1421356237309 0 8.48528137423857 -13.4350288425444 0 7.77817459305203 -12.7279220613579 0 7.07106781186548 -13.4350288425444 0
7.07106781186548 -12.0208152801713 0 7.77817459305203 -12.7279220613579 0 8.48528137423857 -12.0208152801713 0 7.77817459305202 -11.3137084989848 0
7.77817459305202 -11.3137084989848 0 8.48528137423857 -10.6066017177982 0 7.77817459305203 -9.89949493661166 0 7.07106781186548 -10.6066017177982 0
7.07106781186548 -9.19238815542512 0 7.77817459305203 -9.89949493661166 0 8.48528137423857 -9.19238815542512 0 7.77817459305202 -8.48528137423857 0
7.77817459305202 -8.48528137423857 0 8.48528137423857 -7.77817459305202 0 7.77817459305203 -7.07106781186547 0 7.07106781186548 -7.77817459305202 0
7.07106781186548 -6.36396103067893 0 7.77817459305203 -7.07106781186547 0 8.48528137423857 -6.36396103067893 0 7.77817459305202 -5.65685424949238 0
7.77817459305202 -5.65685424949238 0 8.48528137423857 -4.94974746830583 0 7.77817459305203 -4.24264068711928 0 7.07106781186548 -4.94974746830583 0
7.07106781186548 -3.53553390593274 0 7.77817459305203 -4.24264068711928 0 8.48528137423857 -3.53553390593274 0 7.77817459305202 -2.82842712474619 0
7.77817459305202 -2.82842712474619 0 8.48528137423857 -2.12132034355964 0 7.77817459305203 -1.41421356237309 0 7.07106781186548 -2.12132034355964 0
7.07106781186548 -0.707106781186544 0 7.77817459305203 -1.41421356237309 0 8.48528137423857 -0.707106781186546 0 7.77817459305202 1.77635683940025e-15 0
7.77817459305202 1.77635683940025e-15 0 8.48528137423857 0.70710678118655 0 7.77817459305203 1.4142135623731 0 7.07106781186548 0.707106781186548 0
7.07106781186548 2.12132034355964 0 7.77817459305203 1.4142135623731 0 8.48528137423857 2.12132034355965 0 7.77817459305202 2.82842712474619 0
7.77817459305202 2.82842712474619 0 8.48528137423857 3.53553390593274 0 7.77817459305203 4.24264068711929 0 7.07106781186548 3.53553390593274 0
7.07106781186548 4.94974746830583 0 7.77817459305203 4.24264068711929 0 8.48528137423857 4.94974746830583 0 7.77817459305202 5.65685424949238 0
7.77817459305202 5.65685424949238 0 8.48528137423857 6.36396103067893 0 7.77817459305203 7.07106781186548 0 7.07106781186548 6.36396103067893 0
7.07106781186548 7.77817459305202 0 7.77817459305203 7.07106781186548 0 8.48528137423857 7.77817459305203 0 7.77817459305202 8.48528137423857 0
7.77817459305202 8.48528137423857 0 8.48528137423857 9.19238815542512 0 7.77817459305203 9.89949493661167 0 7.07106781186548 9.19238815542512 0
7.07106781186548 10.6066017177982 0 7.77817459305203 9.89949493661167 0 8.48528137423857 10.6066017177982 0 7.77817459305202 11.3137084989848 0
7.77817459305202 11.3137084989848 0 8.48528137423857 12.0208152801713 0 7.77817459305203 12.7279220613579 0 7.07106781186548 12.0208152801713 0
7.07106781186548 13.4350288425444 0 7.77817459305203 12.7279220613579 0 8.48528137423857 13.4350288425444 0 7.77817459305202 14.142135623731 0
8.48528137423857 -13.4350288425444 0 9.19238815542512 -14.1421356237309 0 9.89949493661167 -13.4350288425444 0 9.19238815542512 -12.7279220613579 0
9.19238815542512 -12.7279220613579 0 9.89949493661167 -12.0208152801713 0 9.19238815542512 -11.3137084989848 0 8.48528137423857 -12.0208152801713 0
8.48528137423857 -10.6066017177982 0 9.19238815542512 -11.3137084989848 0 9.89949493661167 -10.6066017177982 0 9.19238815542512 -9.89949493661166 0
9.19238815542512 -9.89949493661166 0 9.89949493661167 -9.19238815542512 0 9.19238815542512 -8.48528137423857 0 8.48528137423857 -9.19238815542512 0
8.48528137423857 -7.77817459305202 0 9.19238815542512 -8.48528137423857 0 9.89949493661167 -7.77817459305202 0 9.19238815542512 -7.07106781186547 0
9.19238815542512 -7.07106781186547 0 9.89949493661167 -6.36396103067893 0 9.19238815542512 -5.65685424949238 0 8.48528137423857 -6.36396103067893 0
8.48528137423857 -4.94974746830583 0 9.19238815542512 -5.65685424949238 0 9.89949493661167 -4.94974746830583 0 9.19238815542512 -4.24264068711928 0
9.19238815542512 -4.24264068711928 0 9.89949493661167 -3.53553390593274 0 9.19238815542512 -2.82842712474619 0 8.48528137423857 -3.53553390593274 0
8.48528137423857 -2.12132034355964 0 9.19238815542512 -2.82842712474619 0 9.89949493661167 -2.12132034355964 0 9.19238815542512 -1.41421356237309 0
9.19238815542512 -1.41421356237309 0 9.89949493661167 -0.707106781186544 0 9.19238815542512 1.77635683940025e-15 0 8.48528137423857 -0.707106781186546 0
8.48528137423857 0.70710678118655 0 9.19238815542512 1.77635683940025e-15 0 9.89949493661167 0.707106781186548 0 9.19238815542512 1.4142135623731 0
9.19238815542512 1.4142135623731 0 9.89949493661167 2.12132034355964 0 9.19238815542512 2.82842712474619 0 8.48528137423857 2.12132034355965 0
8.48528137423857 3.53553390593274 0 9.19238815542512 2.82842712474619 0 9.89949493661167 3.53553390593274 0 9.19238815542512 4.24264068711929 0
9.19238815542512 4.24264068711929 0 9.89949493661167 4.94974746830583 0 9.19238815542512 5.65685424949238 0 8.48528137423857 4.94974746830583 0
8.48528137423857 6.36396103067893 0 9.19238815542512 5.65685424949238 0 9.89949493661167 6.36396103067893 0 9.19238815542512 7.07106781186548 0
9.19238815542512 7.07106781186548 0 9.89949493661167 7.77817459305202 0 9.19238815542512 8.48528137423857 0 8.48528137423857 7.77817459305203 0
8.48528137423857 9.19238815542512 0 9.19238815542512 8.48528137423857 0 9.89949493661167 9.19238815542512 0 9.19238815542512 9.89949493661167 0
9.19238815542512 9.89949493661167 0 9.89949493661167 10.6066017177982 0 9.19238815542512 11.3137084989848 0 8.48528137423857 10.6066017177982 0
8.48528137423857 12.0208152801713 0 9.19238815542512 11.3137084989848 0 9.89949493661167 12.0208152801713 0 9.19238815542512 12.7279220613579 0
9.19238815542512 12.7279220613579 0 9.89949493661167 13.4350288425444 0 9.19238815542512 14.142135623731 0 8.48528137423857 13.4350288425444 0
10.6066017177982 -14.1421356237309 0 11.3137084989848 -13.4350288425444 0 10.6066017177982 -12.7279220613579 0 9.89949493661167 -13.4350288425444 0
9.89949493661167 -12.0208152801713 0 10.6066017177982 -12.7279220613579 0 11.3137084989848 -12.0208152801713 0 10.6066017177982 -11.3137084989848 0
10.6066017177982 -11.3137084989848 0 11.3137084989848 -10.6066017177982 0 10.6066017177982 -9.89949493661166 0 9.89949493661167 -10.6066017177982 0
9.89949493661167 -9.19238815542512 0 10.6066017177982 -9.89949493661166 0 11.3137084989848 -9.19238815542512 0 10.6066017177982 -8.48528137423857 0
10.6066017177982 -8.48528137423857 0 11.3137084989848 -7.77817459305202 0 10.6066017177982 -7.07106781186547 0 9.89949493661167 -7.77817459305202 0
9.89949493661167 -6.36396103067893 0 10.6066017177982 -7.07106781186547 0 11.3137084989848 -6.36396103067893 0 10.6066017177982 -5.65685424949238 0
10.6066017177982 -5.65685424949238 0 11.3137084989848 -4.94974746830583 0 10.6066017177982 -4.24264068711928 0 9.89949493661167 -4.94974746830583 0
9.89949493661167 -3.53553390593274 0 10.6066017177982 -4.24264068711928 0 11.3137084989848 -3.53553390593274 0 10.6066017177982 -2.82842712474619 0
10.6066017177982 -2.82842712474619 0 11.3137084989848 -2.12132034355964 0 10.6066017177982 -1.41421356237309 0 9.89949493661167 -2.12132034355964 0
9.89949493661167 -0.707106781186544 0 10.6066017177982 -1.41421356237309 0 11.3137084989848 -0.707106781186546 0 10.6066017177982 1.77635683940025e-15 0
10.6066017177982 1.77635683940025e-15 0 11.3137084989848 0.70710678118655 0 10.6066017177982 1.4142135623731 0 9.89949493661167 0.707106781186548 0
9.89949493661167 2.12132034355964 0 10.6066017177982 1.4142135623731 0 11.3137084989848 2.12132034355965 0 10.6066017177982 2.82842712474619 0
10.6066017177982 2.82842712474619 0 11.3137084989848 3.53553390593274 0 10.6066017177982 4.24264068711929 0 9.89949493661167 3.53553390593274 0
9.89949493661167 4.94974746830583 0 10.6066017177982 4.24264068711929 0 11.3137084989848 4.94974746830583 0 10.6066017177982 5.65685424949238 0
10.6066017177982 5.65685424949238 0 11.3137084989848 6.36396103067893 0 10.6066017177982 7.07106781186548 0 9.89949493661167 6.36396103067893 0
9.89949493661167 7.77817459305202 0 10.6066017177982 7.07106781186548 0 11.3137084989848 7.77817459305203 0 10.6066017177982 8.48528137423857 0
10.6066017177982 8.48528137423857 0 11.3137084989848 9.19238815542512 0 10.6066017177982 9.89949493661167 0 9.89949493661167 9.19238815542512 0
9.89949493661167 10.6066017177982 0 10.6066017177982 9.89949493661167 0 11.3137084989848 10.6066017177982 0 10.6066017177982 11.3137084989848 0
10.6066017177982 11.3137084989848 0 11.3137084989848 12.0208152801713 0 10.6066017177982 12.7279220613579 0 9.89949493661167 12.0208152801713 0
9.89949493661167 13.4350288425444 0 10.6066017177982 12.7279220613579 0 11.3137084989848 13.4350288425444 0 10.6066017177982 14.142135623731 0
11.3137084989848 -13.4350288425444 0 12.0208152801713 -14.1421356237309 0 12.7279220613579 -13.4350288425444 0 12.0208152801713 -12.7279220613579 0
12.0208152801713 -12.7279220613579 0 12.7279220613579 -12.0208152801713 0 12.0208152801713 -11.3137084989848 0 11.3137084989848 -12.0208152801713 0
11.3137084989848 -10.6066017177982 0 12.0208152801713 -11.3137084989848 0 12.7279220613579 -10.6066017177982 0 12.0208152801713 -9.89949493661166 0
12.0208152801713 -9.89949493661166 0 12.7279220613579 -9.19238815542512 0 12.0208152801713 -8.48528137423857 0 11.3137084989848 -9.19238815542512 0
11.3137084989848 -7.77817459305202 0 12.0208152801713 -8.48528137423857 0 12.7279220613579 -7.77817459305202 0 12.0208152801713 -7.07106781186547 0
12.0208152801713 -7.07106781186547 0 12.7279220613579 -6.36396103067893 0 12.0208152801713 -5.65685424949238 0 11.3137084989848 -6.36396103067893 0
11.3137084989848 -4.94974746830583 0 12.0208152801713 -5.65685424949238 0 12.7279220613579 -4.94974746830583 0 12.0208152801713 -4.24264068711928 0
12.0208152801713 -4.24264068711928 0 12.7279220613579 -3.53553390593274 0 12.0208152801713 -2.82842712474619 0 11.3137084989848 -3.53553390593274 0
11.3137084989848 -2.12132034355964 0 12.0208152801713 -2.82842712474619 0 12.7279220613579 -2.12132034355964 0 12.0208152801713 -1.41421356237309 0
12.0208152801713 -1.41421356237309 0 12.7279220613579 -0.707106781186544 0 12.0208152801713 1.77635683940025e-15 0 11.3137084989848 -0.707106781186546 0
11.3137084989848 0.70710678118655 0 12.0208152801713 1.77635683940025e-15 0 12.7279220613579 0.707106781186548 0 12.0208152801713 1.4142135623731 0
12.0208152801713 1.4142135623731 0 12.7279220613579 2.12132034355964 0 12.0208152801713 2.82842712474619 0 11.3137084989848 2.12132034355965 0
11.3137084989848 3.53553390593274 0 12.0208152801713 2.82842712474619 0 12.7279220613579 3.53553390593274 0 12.0208152801713 4.24264068711929 0
12.0208152801713 4.24264068711929 0 12.7279220613579 4.94974746830583 0 12.0208152801713 5.65685424949238 0 11.3137084989848 4.94974746830583 0
11.3137084989848 6.36396103067893 0 12.0208152801713 5.65685424949238 0 12.7279220613579 6.36396103067893 0 12.0208152801713 7.07106781186548 0
12.0208152801713 7.07106781186548 0 12.7279220613579 7.77817459305202 0 12.0208152801713 8.48528137423857 0 11.3137084989848 7.77817459305203 0
11.3137084989848 9.19238815542512 0 12.0208152801713 8.48528137423857 0 12.7279220613579 9.19238815542512 0 12.0208152801713 9.89949493661167 0
12.0208152801713 9.89949493661167 0 12.7279220613579 10.6066017177982 0 12.0208152801713 11.3137084989848 0 11.3137084989848 10.6066017177982 0
11.3137084989848 12.0208152801713 0 12.0208152801713 11.3137084989848 0 12.7279220613579 12.0208152801713 0 12.0208152801713 12.7279220613579 0
12.0208152801713 12.7279220613579 0 12.7279220613579 13.4350288425444 0 12.0208152801713 14.142135623731 0 11.3137084989848 13.4350288425444 0
13.4350288425444 -14.1421356237309 0 14.142135623731 -13.4350288425444 0 13.4350288425444 -12.7279220613579 0 12.7279220613579 -13.4350288425444 0
12.7279220613579 -12.0208152801713 0 13.4350288425444 -12.7279220613579 0 14.142135623731 -12.0208152801713 0 13.4350288425444 -11.3137084989848 0
13.4350288425444 -11.3137084989848 0 14.142135623731 -10.6066017177982 0 13.4350288425444 -9.89949493661166 0 12.7279220613579 -10.6066017177982 0
12.7279220613579 -9.19238815542512 0 13.4350288425444 -9.89949493661166 0 14.142135623731 -9.19238815542512 0 13.4350288425444 -8.48528137423857 0
13.4350288425444 -8.48528137423857 0 14.142135623731 -7.77817459305202 0 13.4350288425444 -7.07106781186547 0 12.7279220613579 -7.77817459305202 0
12.7279220613579 -6.36396103067893 0 13.4350288425444 -7.07106781186547 0 14.142135623731 -6.36396103067893 0 13.4350288425444 -5.65685424949238 0
13.4350288425444 -5.65685424949238 0 14.142135623731 -4.94974746830583 0 13.4350288425444 -4.24264068711928 0 12.7279220613579 -4.94974746830583 0
12.7279220613579 -3.53553390593274 0 13.4350288425444 -4.24264068711928 0 14.142135623731 -3.53553390593274 0 13.4350288425444 -2.82842712474619 0
13.4350288425444 -2.82842712474619 0 14.142135623731 -2.12132034355964 0 13.4350288425444 -1.41421356237309 0 12.7279220613579 -2.12132034355964 0
12.7279220613579 -0.707106781186544 0 13.4350288425444 -1.41421356237309 0 14.142135623731 -0.707106781186546 0 13.4350288425444 1.77635683940025e-15 0
13.4350288425444 1.77635683940025e-15 0 14.142135623731 0.70710678118655 0 13.4350288425444 1.4142135623731 0 12.7279220613579 0.707106781186548 0
12.7279220613579 2.12132034355964 0 13.4350288425444 1.4142135623731 0 14.142135623731 2.12132034355965 0 13.4350288425444 2.82842712474619 0
13.4350288425444 2.82842712474619 0 14.142135623731 3.53553390593274 0 13.4350288425444 4.24264068711929 0 12.7279220613579 3.53553390593274 0
12.7279220613579 4.94974746830583 0 13.4350288425444 4.24264068711929 0 14.142135623731 4.94974746830583 0 13.4350288425444 5.65685424949238 0
13.4350288425444 5.65685424949238 0 14.142135623731 6.36396103067893 0 13.4350288425444 7.07106781186548 0 12.7279220613579 6.36396103067893 0
12.7279220613579 7.77817459305202 0 13.4350288425444 7.07106781186548 0 14.142135623731 7.77817459305203 0 13.4350288425444 8.48528137423857 0
13.4350288425444 8.48528137423857 0 14.142135623731 9.19238815542512 0 13.4350288425444 9.89949493661167 0 12.7279220613579 9.19238815542512 0
12.7279220613579 10.6066017177982 0 13.4350288425444 9.89949493661167 0 14.142135623731 10.6066017177982 0 13.4350288425444 11.3137084989848 0
13.4350288425444 11.3137084989848 0 14.142135623731 12.0208152801713 0 13.4350288425444 12.7279220613579 0 12.7279220613579 12.0208152801713 0
12.7279220613579 13.4350288425444 0 13.4350288425444 12.7279220613579 0 14.142135623731 13.4350288425444 0 13.4350288425444 14.142135623731 0
