-6.43394212852903 -4.03733539768908 0.764667221873166 -6.35283474865463 -4.0959725367574 -0.000459660695050905 -5.89995120528936 -3.66493245642572 0.0418868568289551 -5.97404932751101 -3.60443436197534 0.780241951773261
-5.97404932751101 -3.60443436197534 0.780241951773261 -6.16357318938715 -3.38272812659469 1.46525712810934 -6.65421639461331 -3.81158395048682 1.51250035558988 -6.43829911892881 -4.03324952145693 0.785309127001937
-6.9975923282116 -3.47346959268214 2.13886650261533 -6.65421639461331 -3.81158395048682 1.51250035558988 -6.20110215515591 -3.33697293584049 1.56291591948696 -6.5021312294374 -3.00737583894387 2.1436377737695
-6.5021312294374 -3.00737583894387 2.1436377737695 -6.83676701924968 -2.52285317596606 2.57923770082326 -7.31206414927999 -2.887718640627 2.62971696265762 -7.03653401163705 -3.4344159869321 2.19133374632046
-7.92740766639948 -2.54398062815559 2.89461579893616 -7.31206414927999 -2.887718640627 2.62971696265762 -7.05562276891553 -2.26553121424063 2.72017884648123 -7.69144055841207 -2.01520949834029 2.96638237567149
-7.69144055841207 -2.01520949834029 2.96638237567149 -7.85992597970117 -1.30874463424074 2.97421797609896 -8.4787678809582 -1.44945338639303 2.99736120733482 -8.30867244188449 -2.16266943373896 2.98944944079531
-9.1770431383908 -1.29417589296774 2.83620040641382 -8.4787678809582 -1.44945338639303 2.99736120733482 -8.32154783534532 -0.777705506266452 2.86278399374398 -8.98588572851209 -0.578911649878346 2.69710823529889
-8.98588572851209 -0.578911649878346 2.69710823529889 -8.9944436588916 0.0383153477145992 2.34035857406285 -9.68836761982859 -0.127739462260868 2.09583990016508 -9.68756990038347 -0.782636690405218 2.47032963766446
-10.2706320968536 -0.200984138251869 1.62177655435265 -9.68836761982859 -0.127739462260868 2.09583990016508 -9.43594456854662 0.531884849384552 1.58409463114017 -10.0309984337068 0.443583908625085 1.1149594449157
-10.0309984337068 0.443583908625085 1.1149594449157 -9.67773057135336 0.852822217422895 0.576721593492187 -10.2427802617961 0.488207575999718 0.000781179395819915 -10.5679043123467 0.0968927318108204 0.568905688164152
-5.408693105511 -3.27808531407942 0.000570561903200767 -5.40675498860193 -3.15961627863012 0.679875576525504 -5.90547505727122 -3.54221414610362 0.780606487752194 -5.89995120528936 -3.66493245642572 0.0418868568289551
-6.16357318938715 -3.38272812659469 1.46525712810934 -5.90547505727122 -3.54221414610362 0.780606487752194 -5.43074806325175 -3.1193608019338 0.872499690562199 -5.6599977674793 -2.96783516150097 1.49925137031603
-5.6599977674793 -2.96783516150097 1.49925137031603 -5.80301928249391 -2.55963903878049 2.0295851354647 -6.37517297087996 -2.90585838141748 2.14172452448188 -6.20110215515591 -3.33697293584049 1.56291591948696
-6.83676701924968 -2.52285317596606 2.57923770082326 -6.37517297087996 -2.90585838141748 2.14172452448188 -5.90008489828548 -2.43242995731274 2.19580289128676 -6.4029670756325 -2.10827835299693 2.61832159917046
-6.4029670756325 -2.10827835299693 2.61832159917046 -6.5998719377725 -1.4457622838773 2.86078336219217 -7.16388046835489 -1.56813080595884 2.95283849488945 -7.05562276891553 -2.26553121424063 2.72017884648123
-7.85992597970117 -1.30874463424074 2.97421797609896 -7.16388046835489 -1.56813080595884 2.95283849488945 -6.94629609557375 -0.971581561562322 2.96053873812518 -7.63148844159934 -0.716239927414021 2.98158753207586
-7.63148844159934 -0.716239927414021 2.98158753207586 -7.64396086163264 -0.00266753872217862 2.82099529013766 -8.33072971969086 -0.0386273864118074 2.69716799795642 -8.32154783534532 -0.777705506266452 2.86278399374398
-8.9944436588916 0.0383153477145992 2.34035857406285 -8.33072971969086 -0.0386273864118074 2.69716799795642 -8.09087012761555 0.624989453010222 2.41778120074077 -8.73371474330576 0.694500131911587 2.07514899900528
-8.73371474330576 0.694500131911587 2.07514899900528 -8.54960073498279 1.23339314593811 1.61561203655277 -9.23984544397056 1.07831622295079 1.12728805462161 -9.43594456854662 0.531884849384552 1.58409463114017
-9.67773057135336 0.852822217422895 0.576721593492187 -9.23984544397056 1.07831622295079 1.12728805462161 -8.80759800948215 1.57328248061854 0.516877001023469 -9.22961974318656 1.35281813321555 -0.000454759456907954
-5.40675498860193 -3.15961627863012 0.679875576525504 -5.26164410644835 -3.16919769457466 -0.000437023864193883 -4.72619836339114 -2.80382006078607 0.0818842923279036 -4.88397330481465 -2.80391874879563 0.753551358959907
-4.88397330481465 -2.80391874879563 0.753551358959907 -4.91370258546365 -2.51090252183696 1.37748021369534 -5.4418715181354 -2.81425936605744 1.49513967573866 -5.43074806325175 -3.1193608019338 0.872499690562199
-5.80301928249391 -2.55963903878049 2.0295851354647 -5.4418715181354 -2.81425936605744 1.49513967573866 -4.98037269128088 -2.40340203242279 1.59998691905149 -5.31117649699068 -2.10965555882045 2.15371621040555
-5.31117649699068 -2.10965555882045 2.15371621040555 -5.51065378246805 -1.5715908427701 2.56968421836968 -6.05119649507769 -1.8567124260967 2.61524255190685 -5.90008489828548 -2.43242995731274 2.19580289128676
-6.5998719377725 -1.4457622838773 2.86078336219217 -6.05119649507769 -1.8567124260967 2.61524255190685 -5.70024083839256 -1.26087557728239 2.72927278118437 -6.31175729780002 -0.946584332782411 2.95755679245864
-6.31175729780002 -0.946584332782411 2.95755679245864 -6.33484645999533 -0.222905712514047 2.98207432366546 -6.96966445320374 -0.239152498476205 2.98535263066283 -6.94629609557375 -0.971581561562322 2.96053873812518
-7.64396086163264 -0.00266753872217862 2.82099529013766 -6.96966445320374 -0.239152498476205 2.98535263066283 -6.70221821972624 0.389728303652221 2.86843070064651 -7.38650634240147 0.635605868755167 2.70015638845858
-7.38650634240147 0.635605868755167 2.70015638845858 -7.26650957757112 1.28479946632042 2.35206043802228 -7.96416897394617 1.27250253609459 2.07345918554664 -8.09087012761555 0.624989453010222 2.41778120074077
-8.54960073498279 1.23339314593811 1.61561203655277 -7.96416897394617 1.27250253609459 2.07345918554664 -7.61664705478607 1.88432306312399 1.57360123559348 -8.20083717016037 1.84292052872546 1.11984263039539
-8.20083717016037 1.84292052872546 1.11984263039539 -7.80691515425939 2.21430976059106 0.614091055723068 -8.41679752900758 1.94501355085814 0.000103026210636063 -8.80759800948215 1.57328248061854 0.516877001023469
-4.15882297676992 -2.49032927263362 -0.000508740326767619 -4.15336994356529 -2.38092194539653 0.668501403584723 -4.70104350306139 -2.68279306335471 0.752640778574525 -4.72619836339114 -2.80382006078607 0.0818842923279036
-4.91370258546365 -2.51090252183696 1.37748021369534 -4.70104350306139 -2.68279306335471 0.752640778574525 -4.17527480897765 -2.33985519382043 0.867423881650893 -4.40568172412301 -2.17556417886846 1.4970400025507
-4.40568172412301 -2.17556417886846 1.4970400025507 -4.49099559152404 -1.74583147442172 2.0304691709335 -5.11374784403214 -1.9829226517776 2.15296833243292 -4.98037269128088 -2.40340203242279 1.59998691905149
-5.51065378246805 -1.5715908427701 2.56968421836968 -5.11374784403214 -1.9829226517776 2.15296833243292 -4.56209063698464 -1.60076763494992 2.1999256151619 -5.00996285771892 -1.22110656717812 2.61469077782657
-5.00996285771892 -1.22110656717812 2.61469077782657 -5.11794180108001 -0.551506424281079 2.85288899793134 -5.70442575821958 -0.574353281938096 2.95380444634426 -5.70024083839256 -1.26087557728239 2.72927278118437
-6.33484645999533 -0.222905712514047 2.98207432366546 -5.70442575821958 -0.574353281938096 2.95380444634426 -5.37078864349154 -0.0333461537969963 2.9583853897512 -6.02186540157624 0.32961682143992 2.98757732757929
-6.02186540157624 0.32961682143992 2.98757732757929 -5.94704497830949 1.05247753327531 2.81914469660701 -6.63716237166263 1.10776201257747 2.69970120466797 -6.70221821972624 0.389728303652221 2.86843070064651
-7.26650957757112 1.28479946632042 2.35206043802228 -6.63716237166263 1.10776201257747 2.69970120466797 -6.28182798175594 1.72792919899679 2.42793157881019 -6.92025088956574 1.89505554684287 2.08337661436387
-6.92025088956574 1.89505554684287 2.08337661436387 -6.63507511450725 2.40790958275324 1.62524048217059 -7.33604199619506 2.3808996477773 1.13337347623378 -7.61664705478607 1.88432306312399 1.57360123559348
-7.80691515425939 2.21430976059106 0.614091055723068 -7.33604199619506 2.3808996477773 1.13337347623378 -6.8467383043755 2.79029974916329 0.511047425983364 -7.29140948248997 2.63715266080876 0.000156181609507157
-4.15336994356529 -2.38092194539653 0.668501403584723 -3.99839603688056 -2.40788930089288 0.000166685582278933 -3.42680960128697 -2.13973080909248 0.0952771056859646 -3.58768812994309 -2.1161595786445 0.75826162111264
-3.58768812994309 -2.1161595786445 0.75826162111264 -3.5832377309039 -1.82799349098365 1.3770721686073 -4.16235839622897 -2.04343247111464 1.49560657665979 -4.17527480897765 -2.33985519382043 0.867423881650893
-4.49099559152404 -1.74583147442172 2.0304691709335 -4.16235839622897 -2.04343247111464 1.49560657665979 -3.6298384941639 -1.71215572779214 1.60213836463227 -3.92489022274401 -1.39191201219421 2.14581370341246
-3.92489022274401 -1.39191201219421 2.14581370341246 -4.04408700275747 -0.839405870069006 2.55290523017505 -4.63189817610244 -1.01892793135175 2.61164236151926 -4.56209063698464 -1.60076763494992 2.1999256151619
-5.11794180108001 -0.551506424281079 2.85288899793134 -4.63189817610244 -1.01892793135175 2.61164236151926 -4.17708829775791 -0.505457750627054 2.72200704537418 -4.73901092763179 -0.102929791584089 2.95218521871232
-4.73901092763179 -0.102929791584089 2.95218521871232 -4.69076319795472 0.623445658810438 2.98079769479536 -5.3220113800556 0.701001548693755 2.98731161975605 -5.37078864349154 -0.0333461537969963 2.9583853897512
-5.94704497830949 1.05247753327531 2.81914469660701 -5.3220113800556 0.701001548693755 2.98731161975605 -4.94139045809082 1.27225241711972 2.87483520001379 -5.57400954065586 1.63625287428962 2.70237115076505
-5.57400954065586 1.63625287428962 2.70237115076505 -5.36633051022483 2.266259983046 2.35250318123526 -6.06182565039718 2.34733476942722 2.08873943813453 -6.28182798175594 1.72792919899679 2.42793157881019
-6.63507511450725 2.40790958275324 1.62524048217059 -6.06182565039718 2.34733476942722 2.08873943813453 -5.62460680671598 2.90383750847888 1.58261773367788 -6.21588887620785 2.9567417950053 1.11820658620724
-6.21588887620785 2.9567417950053 1.11820658620724 -5.74274607749357 3.27099529231712 0.622755611727987 -6.37304917164127 3.10786007155029 0.000216076514458862 -6.8467383043755 2.79029974916329 0.511047425983364
-2.8317444563044 -1.92859554912374 0.000485065630719469 -2.79527636956823 -1.81479645669291 0.668253092545492 -3.37865266736413 -2.02122286981167 0.760683070141923 -3.42680960128697 -2.13973080909248 0.0952771056859646
-3.5832377309039 -1.82799349098365 1.3770721686073 -3.37865266736413 -2.02122286981167 0.760683070141923 -2.80991657675137 -1.76978783788689 0.880975800480104 -3.01729285564779 -1.57910371755392 1.49371448497784
-3.01729285564779 -1.57910371755392 1.49371448497784 -3.0415264956802 -1.1505651575011 2.01388896029928 -3.69968576636438 -1.28249758149992 2.14349890722704 -3.6298384941639 -1.71215572779214 1.60213836463227
-4.04408700275747 -0.839405870069006 2.55290523017505 -3.69968576636438 -1.28249758149992 2.14349890722704 -3.08297158790643 -1.00393053275552 2.18615366964551 -3.49402352620487 -0.564836402765977 2.60984341053748
-3.49402352620487 -0.564836402765977 2.60984341053748 -3.52585787772529 0.128933929913979 2.85263896016674 -4.11421246261405 0.181896275389684 2.94987523705708 -4.17708829775791 -0.505457750627054 2.72200704537418
-4.69076319795472 0.623445658810438 2.98079769479536 -4.11421246261405 0.181896275389684 2.94987523705708 -3.66497483783775 0.637589051301152 2.95724658946464 -4.27597082504958 1.10551817295204 2.99001847687588
-4.27597082504958 1.10551817295204 2.99001847687588 -4.09240852146856 1.83363326191899 2.81825962986226 -4.77538006078619 1.9798803773463 2.70658042491879 -4.94139045809082 1.27225241711972 2.87483520001379
-5.36633051022483 2.266259983046 2.35250318123526 -4.77538006078619 1.9798803773463 2.70658042491879 -4.29814629117942 2.52142359395054 2.4496356561618 -4.9225272733426 2.80717687196606 2.08735125994132
-4.9225272733426 2.80717687196606 2.08735125994132 -4.55271853837465 3.2950656374697 1.60989697078298 -5.25776916412144 3.35593078817795 1.15297597287285 -5.62460680671598 2.90383750847888 1.58261773367788
-5.74274607749357 3.27099529231712 0.622755611727987 -5.25776916412144 3.35593078817795 1.15297597287285 -4.70057884197362 3.68875917514442 0.528411805165468 -5.18328783021522 3.60427618857396 0.000356192001694539
-2.79527636956823 -1.81479645669291 0.668253092545492 -2.64532181376653 -1.868666942266 -0.000154499593713914 -2.04936123858734 -1.69971176284115 0.0987330430799691 -2.20002590209205 -1.64666530464897 0.762549314609623
-2.20002590209205 -1.64666530464897 0.762549314609623 -2.14348107484521 -1.35746602100278 1.37844886084027 -2.75658555016849 -1.48265576037224 1.49429674588641 -2.80991657675137 -1.76978783788689 0.880975800480104
-3.0415264956802 -1.1505651575011 2.01388896029928 -2.75658555016849 -1.48265576037224 1.49429674588641 -2.1730600508504 -1.24107571246259 1.61812015126933 -2.4146656287479 -0.903875372010983 2.1303716521274
-2.4146656287479 -0.903875372010983 2.1303716521274 -2.4927758536966 -0.373560162623884 2.51396454504928 -3.13163874951723 -0.418771046612727 2.6023758410535 -3.08297158790643 -1.00393053275552 2.18615366964551
-3.52585787772529 0.128933929913979 2.85263896016674 -3.13163874951723 -0.418771046612727 2.6023758410535 -2.55096616774548 -0.0749157609689721 2.68210933274434 -3.04607503835582 0.475476788152307 2.94284755009032
-3.04607503835582 0.475476788152307 2.94284755009032 -2.94213688931962 1.25268517216157 2.97739010900438 -3.56860209769654 1.35822623651932 2.98927544569663 -3.66497483783775 0.637589051301152 2.95724658946464
-4.09240852146856 1.83363326191899 2.81825962986226 -3.56860209769654 1.35822623651932 2.98927544569663 -3.05325748807563 1.82152796741892 2.89619789352741 -3.60350705121392 2.33382528846631 2.71293199433799
-3.60350705121392 2.33382528846631 2.71293199433799 -3.32583929642017 2.95676929761917 2.34734907267091 -4.02901476809653 3.11632119944939 2.10128839373678 -4.29814629117942 2.52142359395054 2.4496356561618
-4.55271853837465 3.2950656374697 1.60989697078298 -4.02901476809653 3.11632119944939 2.10128839373678 -3.45616435994892 3.59171318330398 1.62939359331851 -4.03603614919306 3.75837363479601 1.13244256813401
-4.03603614919306 3.75837363479601 1.13244256813401 -3.54147087959792 4.00217051544812 0.578406854858106 -4.19323358284517 3.93115758331189 0.000316546466693996 -4.70057884197362 3.68875917514442 0.528411805165468
-1.44012755856271 -1.58732576211246 0.000258043751296477 -1.37513478149811 -1.47655112740012 0.671963804608747 -1.96973327533283 -1.5868979758416 0.763502643247885 -2.04936123858734 -1.69971176284115 0.0987330430799691
-2.14348107484521 -1.35746602100278 1.37844886084027 -1.96973327533283 -1.5868979758416 0.763502643247885 -1.38321979753468 -1.43289879201346 0.89232215720805 -1.54036754809289 -1.20058330902854 1.5074147634541
-1.54036754809289 -1.20058330902854 1.5074147634541 -1.47561246113413 -0.763310069641758 2.01888685735184 -2.14955358623664 -0.809280345538216 2.13338317701283 -2.1730600508504 -1.24107571246259 1.61812015126933
-2.4927758536966 -0.373560162623884 2.51396454504928 -2.14955358623664 -0.809280345538216 2.13338317701283 -1.50453283318165 -0.603508212528796 2.22049932735023 -1.88376117968952 -0.174335199584407 2.60008660483834
-1.88376117968952 -0.174335199584407 2.60008660483834 -1.90430704652032 0.47066228854842 2.83598156027854 -2.52553935931548 0.630222660480296 2.93667597428853 -2.55096616774548 -0.0749157609689721 2.68210933274434
-2.94213688931962 1.25268517216157 2.97739010900438 -2.52553935931548 0.630222660480296 2.93667597428853 -1.94925165921875 0.910471856155633 2.94877410954003 -2.40182194302386 1.58668339951013 2.99300555108036
-2.40182194302386 1.58668339951013 2.99300555108036 -2.16015198627871 2.34374903789509 2.81276809830752 -2.83543957764301 2.52561767302179 2.72818105703649 -3.05325748807563 1.82152796741892 2.89619789352741
-3.32583929642017 2.95676929761917 2.34734907267091 -2.83543957764301 2.52561767302179 2.72818105703649 -2.20116272340977 2.98833605012354 2.48440120604928 -2.74709909349055 3.39394069382464 2.11411243268786
-2.74709909349055 3.39394069382464 2.11411243268786 -2.35378970479383 3.82428262259565 1.60441740084486 -3.03552097530185 4.00741722449982 1.14849541768917 -3.45616435994892 3.59171318330398 1.62939359331851
-3.54147087959792 4.00217051544812 0.578406854858106 -3.03552097530185 4.00741722449982 1.14849541768917 -2.41101146078889 4.23763009775491 0.624927100560506 -2.93094139417722 4.23943558750076 -0.000371600181361081
-1.37513478149811 -1.47655112740012 0.671963804608747 -1.23658562530289 -1.55648732289589 0.000231821235637964 -0.624723899619762 -1.48581868280176 0.0630322233543872 -0.776119111835487 -1.40215662843125 0.770700057654229
-0.776119111835487 -1.40215662843125 0.770700057654229 -0.660206231355103 -1.10409430033188 1.42525080953191 -1.25624054996911 -1.15258203541032 1.50218660303115 -1.38321979753468 -1.43289879201346 0.89232215720805
-1.47561246113413 -0.763310069641758 2.01888685735184 -1.25624054996911 -1.15258203541032 1.50218660303115 -0.67628532612768 -1.01888502527084 1.6141625687045 -0.824678143552641 -0.601870500720622 2.1590336345454
-0.824678143552641 -0.601870500720622 2.1590336345454 -0.838349061932388 -0.0194703686381867 2.55073414493494 -1.51977099934582 -0.0390135795568263 2.60033918072159 -1.50453283318165 -0.603508212528796 2.22049932735023
-1.90430704652032 0.47066228854842 2.83598156027854 -1.51977099934582 -0.0390135795568263 2.60033918072159 -0.948482543417719 0.369852644554621 2.75693287369662 -1.32821403443394 0.752448470817763 2.93718330077759
-1.32821403443394 0.752448470817763 2.93718330077759 -1.26363532227529 1.31619582228062 2.97011140680323 -1.86270366748154 1.66600284870577 2.99290622076897 -1.94925165921875 0.910471856155633 2.94877410954003
-2.16015198627871 2.34374903789509 2.81276809830752 -1.86270366748154 1.66600284870577 2.99290622076897 -1.18380563365495 1.98093812049712 2.93496236160859 -1.51701014533881 2.62661458752978 2.76177626685512
-1.51701014533881 2.62661458752978 2.76177626685512 -1.15667727347011 3.17765734882546 2.40903151015701 -1.79725647338999 3.56790831381941 2.11463061016689 -2.20116272340977 2.98833605012354 2.48440120604928
-2.35378970479383 3.82428262259565 1.60441740084486 -1.79725647338999 3.56790831381941 2.11463061016689 -1.19190938904612 3.89645001513342 1.74231484882566 -1.75215060538031 4.20230641951371 1.15576475466787
-1.75215060538031 4.20230641951371 1.15576475466787 -1.18658276800952 4.38038715569751 0.523404305240166 -1.89386775024922 4.40932622186088 0.000441608955195549 -2.41101146078889 4.23763009775491 0.624927100560506
-0.00899238970832454 -1.47128069363429 -2.37420239357923e-05 -9.34913147219189e-17 -1.3722300310316 0.763555136886634 -0.582975704514472 -1.39248890507864 0.77302185770937 -0.624723899619762 -1.48581868280176 0.0630322233543872
-0.660206231355103 -1.10409430033188 1.42525080953191 -0.582975704514472 -1.39248890507864 0.77302185770937 -9.19900905789949e-17 -1.34771318023071 0.852497512549224 -0.0742635624524441 -1.0385560270187 1.55135832674523
-0.0742635624524441 -1.0385560270187 1.55135832674523 -4.39597626765103e-17 -0.56331839904278 2.14974484133826 -0.498926540083254 -0.566263171561319 2.17740495547048 -0.67628532612768 -1.01888502527084 1.6141625687045
-0.838349061932388 -0.0194703686381867 2.55073414493494 -0.498926540083254 -0.566263171561319 2.17740495547048 -2.45960256714906e-17 -0.247084575241477 2.41814964666463 -0.24023601578305 0.241629092532866 2.75387535723367
-0.24023601578305 0.241629092532866 2.75387535723367 4.03075353079262e-17 0.81287101398809 2.91308549610318 -0.895560618046555 0.905189024066964 2.89875035407571 -0.948482543417719 0.369852644554621 2.75693287369662
-1.26363532227529 1.31619582228062 2.97011140680323 -0.895560618046555 0.905189024066964 2.89875035407571 4.22088940949019e-17 0.843922559434491 2.92093287825393 -0.602698323178286 1.51706172845858 3.03780850559925
-0.602698323178286 1.51706172845858 3.03780850559925 1.24687416883844e-16 2.19089905659869 2.92559796139649 -0.512137152030194 2.63320445797486 2.8286041457559 -1.18380563365495 1.98093812049712 2.93496236160859
-1.15667727347011 3.17765734882546 2.40903151015701 -0.512137152030194 2.63320445797486 2.8286041457559 1.81237234382385e-16 3.11442766154687 2.54689050343477 -0.56315685570252 3.65119526275581 2.13920794646967
-0.56315685570252 3.65119526275581 2.13920794646967 2.39281740016581e-16 4.06236637619682 1.60572888206112 -0.733818843167433 4.30662120691021 1.2016303020101 -1.19190938904612 3.89645001513342 1.74231484882566
-1.18658276800952 4.38038715569751 0.523404305240166 -0.733818843167433 4.30662120691021 1.2016303020101 2.62789921551843e-16 4.44628411560755 0.700261324969504 -0.493265185431891 4.52046515803224 -0.000302035620431751
-9.34913147219189e-17 -1.3722300310316 0.763555136886634 0.00899238970832435 -1.47128069363429 -2.37420239357923e-05 0.624723899619761 -1.48581868280176 0.0630322233543872 0.582975704514472 -1.39248890507864 0.77302185770937
0.582975704514472 -1.39248890507864 0.77302185770937 0.660206231355103 -1.10409430033188 1.42525080953191 0.0742635624524439 -1.0385560270187 1.55135832674523 -9.19900905789949e-17 -1.34771318023071 0.852497512549224
-4.39597626765103e-17 -0.56331839904278 2.14974484133826 0.0742635624524439 -1.0385560270187 1.55135832674523 0.676285326127679 -1.01888502527084 1.6141625687045 0.498926540083254 -0.566263171561319 2.17740495547048
0.498926540083254 -0.566263171561319 2.17740495547048 0.838349061932388 -0.0194703686381867 2.55073414493494 0.24023601578305 0.241629092532866 2.75387535723367 -2.45960256714906e-17 -0.247084575241477 2.41814964666463
4.03075353079262e-17 0.81287101398809 2.91308549610318 0.24023601578305 0.241629092532866 2.75387535723367 0.948482543417719 0.369852644554621 2.75693287369662 0.895560618046555 0.905189024066964 2.89875035407571
0.895560618046555 0.905189024066964 2.89875035407571 1.26363532227529 1.31619582228062 2.97011140680323 0.602698323178286 1.51706172845858 3.03780850559925 4.22088940949019e-17 0.843922559434491 2.92093287825393
1.24687416883844e-16 2.19089905659869 2.92559796139649 0.602698323178286 1.51706172845858 3.03780850559925 1.18380563365495 1.98093812049712 2.93496236160859 0.512137152030194 2.63320445797486 2.8286041457559
0.512137152030194 2.63320445797486 2.8286041457559 1.15667727347011 3.17765734882546 2.40903151015701 0.56315685570252 3.65119526275581 2.13920794646967 1.81237234382385e-16 3.11442766154687 2.54689050343477
2.39281740016581e-16 4.06236637619682 1.60572888206112 0.56315685570252 3.65119526275581 2.13920794646967 1.19190938904612 3.89645001513342 1.74231484882566 0.733818843167433 4.30662120691021 1.2016303020101
0.733818843167433 4.30662120691021 1.2016303020101 1.18658276800952 4.38038715569751 0.523404305240166 0.493265185431891 4.52046515803224 -0.000302035620431751 2.62789921551843e-16 4.44628411560755 0.700261324969504
1.23658562530289 -1.55648732289589 0.000231821235637964 1.37513478149811 -1.47655112740012 0.671963804608747 0.776119111835486 -1.40215662843125 0.770700057654229 0.624723899619761 -1.48581868280176 0.0630322233543872
0.660206231355103 -1.10409430033188 1.42525080953191 0.776119111835486 -1.40215662843125 0.770700057654229 1.38321979753468 -1.43289879201346 0.89232215720805 1.25624054996911 -1.15258203541032 1.50218660303115
1.25624054996911 -1.15258203541032 1.50218660303115 1.47561246113413 -0.763310069641758 2.01888685735184 0.824678143552641 -0.601870500720622 2.1590336345454 0.676285326127679 -1.01888502527084 1.6141625687045
0.838349061932388 -0.0194703686381867 2.55073414493494 0.824678143552641 -0.601870500720622 2.1590336345454 1.50453283318165 -0.603508212528796 2.22049932735023 1.51977099934582 -0.0390135795568263 2.60033918072159
1.51977099934582 -0.0390135795568263 2.60033918072159 1.90430704652032 0.47066228854842 2.83598156027854 1.32821403443394 0.752448470817763 2.93718330077759 0.948482543417719 0.369852644554621 2.75693287369662
1.26363532227529 1.31619582228062 2.97011140680323 1.32821403443394 0.752448470817763 2.93718330077759 1.94925165921875 0.910471856155633 2.94877410954003 1.86270366748154 1.66600284870577 2.99290622076897
1.86270366748154 1.66600284870577 2.99290622076897 2.16015198627871 2.34374903789509 2.81276809830752 1.51701014533881 2.62661458752978 2.76177626685512 1.18380563365495 1.98093812049712 2.93496236160859
1.15667727347011 3.17765734882546 2.40903151015701 1.51701014533881 2.62661458752978 2.76177626685512 2.20116272340977 2.98833605012354 2.48440120604928 1.79725647338999 3.56790831381941 2.11463061016689
1.79725647338999 3.56790831381941 2.11463061016689 2.35378970479383 3.82428262259565 1.60441740084486 1.75215060538031 4.20230641951371 1.15576475466787 1.19190938904612 3.89645001513342 1.74231484882566
1.18658276800952 4.38038715569751 0.523404305240166 1.75215060538031 4.20230641951371 1.15576475466787 2.41101146078889 4.23763009775491 0.624927100560506 1.89386775024922 4.40932622186088 0.000441608955195549
1.37513478149811 -1.47655112740012 0.671963804608747 1.44012755856271 -1.58732576211246 0.000258043751296477 2.04936123858734 -1.69971176284115 0.0987330430799691 1.96973327533283 -1.5868979758416 0.763502643247885
1.96973327533283 -1.5868979758416 0.763502643247885 2.14348107484521 -1.35746602100278 1.37844886084027 1.54036754809289 -1.20058330902854 1.5074147634541 1.38321979753468 -1.43289879201346 0.89232215720805
1.47561246113413 -0.763310069641758 2.01888685735184 1.54036754809289 -1.20058330902854 1.5074147634541 2.1730600508504 -1.24107571246259 1.61812015126933 2.14955358623664 -0.809280345538216 2.13338317701283
2.14955358623664 -0.809280345538216 2.13338317701283 2.4927758536966 -0.373560162623884 2.51396454504928 1.88376117968952 -0.174335199584407 2.60008660483834 1.50453283318165 -0.603508212528796 2.22049932735023
1.90430704652032 0.47066228854842 2.83598156027854 1.88376117968952 -0.174335199584407 2.60008660483834 2.55096616774548 -0.0749157609689721 2.68210933274434 2.52553935931548 0.630222660480296 2.93667597428853
2.52553935931548 0.630222660480296 2.93667597428853 2.94213688931963 1.25268517216157 2.97739010900438 2.40182194302386 1.58668339951013 2.99300555108036 1.94925165921875 0.910471856155633 2.94877410954003
2.16015198627871 2.34374903789509 2.81276809830752 2.40182194302386 1.58668339951013 2.99300555108036 3.05325748807564 1.82152796741892 2.89619789352741 2.83543957764301 2.52561767302179 2.72818105703649
2.83543957764301 2.52561767302179 2.72818105703649 3.32583929642017 2.95676929761917 2.34734907267091 2.74709909349055 3.39394069382464 2.11411243268786 2.20116272340977 2.98833605012354 2.48440120604928
2.35378970479383 3.82428262259565 1.60441740084486 2.74709909349055 3.39394069382464 2.11411243268786 3.45616435994892 3.59171318330398 1.62939359331851 3.03552097530186 4.00741722449982 1.14849541768917
3.03552097530186 4.00741722449982 1.14849541768917 3.54147087959792 4.00217051544812 0.578406854858106 2.93094139417722 4.23943558750076 -0.000371600181361081 2.41101146078889 4.23763009775491 0.624927100560506
2.64532181376653 -1.868666942266 -0.000154499593713914 2.79527636956823 -1.81479645669291 0.668253092545492 2.20002590209205 -1.64666530464897 0.762549314609623 2.04936123858734 -1.69971176284115 0.0987330430799691
2.14348107484521 -1.35746602100278 1.37844886084027 2.20002590209205 -1.64666530464897 0.762549314609623 2.80991657675137 -1.76978783788689 0.880975800480104 2.75658555016849 -1.48265576037224 1.49429674588641
2.75658555016849 -1.48265576037224 1.49429674588641 3.0415264956802 -1.1505651575011 2.01388896029928 2.4146656287479 -0.903875372010983 2.1303716521274 2.1730600508504 -1.24107571246259 1.61812015126933
2.4927758536966 -0.373560162623884 2.51396454504928 2.4146656287479 -0.903875372010983 2.1303716521274 3.08297158790643 -1.00393053275552 2.18615366964551 3.13163874951723 -0.418771046612727 2.6023758410535
3.13163874951723 -0.418771046612727 2.6023758410535 3.52585787772529 0.128933929913979 2.85263896016674 3.04607503835582 0.475476788152307 2.94284755009032 2.55096616774548 -0.0749157609689721 2.68210933274434
2.94213688931963 1.25268517216157 2.97739010900438 3.04607503835582 0.475476788152307 2.94284755009032 3.66497483783775 0.637589051301152 2.95724658946464 3.56860209769654 1.35822623651932 2.98927544569663
3.56860209769654 1.35822623651932 2.98927544569663 4.09240852146856 1.83363326191899 2.81825962986226 3.60350705121392 2.33382528846631 2.71293199433799 3.05325748807564 1.82152796741892 2.89619789352741
3.32583929642017 2.95676929761917 2.34734907267091 3.60350705121392 2.33382528846631 2.71293199433799 4.29814629117942 2.52142359395054 2.4496356561618 4.02901476809653 3.11632119944939 2.10128839373678
4.02901476809653 3.11632119944939 2.10128839373678 4.55271853837465 3.2950656374697 1.60989697078298 4.03603614919306 3.75837363479601 1.13244256813401 3.45616435994892 3.59171318330398 1.62939359331851
3.54147087959792 4.00217051544812 0.578406854858106 4.03603614919306 3.75837363479601 1.13244256813401 4.70057884197362 3.68875917514442 0.528411805165468 4.19323358284517 3.93115758331189 0.000316546466693996
2.79527636956823 -1.81479645669291 0.668253092545492 2.8317444563044 -1.92859554912374 0.000485065630719469 3.42680960128697 -2.13973080909248 0.0952771056859646 3.37865266736413 -2.02122286981167 0.760683070141923
3.37865266736413 -2.02122286981167 0.760683070141923 3.5832377309039 -1.82799349098365 1.3770721686073 3.01729285564779 -1.57910371755392 1.49371448497784 2.80991657675137 -1.76978783788689 0.880975800480104
3.0415264956802 -1.1505651575011 2.01388896029928 3.01729285564779 -1.57910371755392 1.49371448497784 3.6298384941639 -1.71215572779214 1.60213836463227 3.69968576636438 -1.28249758149992 2.14349890722704
3.69968576636438 -1.28249758149992 2.14349890722704 4.04408700275747 -0.839405870069006 2.55290523017505 3.49402352620487 -0.564836402765977 2.60984341053748 3.08297158790643 -1.00393053275552 2.18615366964551
3.52585787772529 0.128933929913979 2.85263896016674 3.49402352620487 -0.564836402765977 2.60984341053748 4.17708829775791 -0.505457750627054 2.72200704537418 4.11421246261405 0.181896275389684 2.94987523705708
4.11421246261405 0.181896275389684 2.94987523705708 4.69076319795472 0.623445658810438 2.98079769479536 4.27597082504958 1.10551817295204 2.99001847687588 3.66497483783775 0.637589051301152 2.95724658946464
4.09240852146856 1.83363326191899 2.81825962986226 4.27597082504958 1.10551817295204 2.99001847687588 4.94139045809082 1.27225241711972 2.87483520001379 4.77538006078619 1.9798803773463 2.70658042491879
4.77538006078619 1.9798803773463 2.70658042491879 5.36633051022483 2.266259983046 2.35250318123526 4.9225272733426 2.80717687196606 2.08735125994132 4.29814629117942 2.52142359395054 2.4496356561618
4.55271853837465 3.2950656374697 1.60989697078298 4.9225272733426 2.80717687196606 2.08735125994132 5.62460680671598 2.90383750847888 1.58261773367788 5.25776916412144 3.35593078817795 1.15297597287285
5.25776916412144 3.35593078817795 1.15297597287285 5.74274607749357 3.27099529231712 0.622755611727987 5.18328783021522 3.60427618857396 0.000356192001694539 4.70057884197362 3.68875917514442 0.528411805165468
3.99839603688056 -2.40788930089288 0.000166685582278933 4.15336994356529 -2.38092194539653 0.668501403584723 3.58768812994309 -2.1161595786445 0.75826162111264 3.42680960128697 -2.13973080909248 0.0952771056859646
3.5832377309039 -1.82799349098365 1.3770721686073 3.58768812994309 -2.1161595786445 0.75826162111264 4.17527480897765 -2.33985519382043 0.867423881650893 4.16235839622897 -2.04343247111464 1.49560657665979
4.16235839622897 -2.04343247111464 1.49560657665979 4.49099559152404 -1.74583147442172 2.0304691709335 3.92489022274401 -1.39191201219421 2.14581370341246 3.6298384941639 -1.71215572779214 1.60213836463227
4.04408700275747 -0.839405870069006 2.55290523017505 3.92489022274401 -1.39191201219421 2.14581370341246 4.56209063698464 -1.60076763494992 2.1999256151619 4.63189817610244 -1.01892793135175 2.61164236151926
4.63189817610244 -1.01892793135175 2.61164236151926 5.11794180108001 -0.551506424281079 2.85288899793134 4.73901092763179 -0.102929791584089 2.95218521871232 4.17708829775791 -0.505457750627054 2.72200704537418
4.69076319795472 0.623445658810438 2.98079769479536 4.73901092763179 -0.102929791584089 2.95218521871232 5.37078864349154 -0.0333461537969963 2.9583853897512 5.3220113800556 0.701001548693755 2.98731161975605
5.3220113800556 0.701001548693755 2.98731161975605 5.94704497830949 1.05247753327531 2.81914469660701 5.57400954065586 1.63625287428962 2.70237115076505 4.94139045809082 1.27225241711972 2.87483520001379
5.36633051022483 2.266259983046 2.35250318123526 5.57400954065586 1.63625287428962 2.70237115076505 6.28182798175594 1.72792919899679 2.42793157881019 6.06182565039718 2.34733476942722 2.08873943813453
6.06182565039718 2.34733476942722 2.08873943813453 6.63507511450725 2.40790958275324 1.62524048217059 6.21588887620785 2.9567417950053 1.11820658620724 5.62460680671598 2.90383750847888 1.58261773367788
5.74274607749357 3.27099529231712 0.622755611727987 6.21588887620785 2.9567417950053 1.11820658620724 6.8467383043755 2.79029974916329 0.511047425983364 6.37304917164127 3.10786007155029 0.000216076514458862
4.15336994356529 -2.38092194539653 0.668501403584723 4.15882297676992 -2.49032927263362 -0.000508740326767619 4.72619836339114 -2.80382006078607 0.0818842923279036 4.70104350306139 -2.68279306335471 0.752640778574525
4.70104350306139 -2.68279306335471 0.752640778574525 4.91370258546365 -2.51090252183696 1.37748021369534 4.40568172412301 -2.17556417886846 1.4970400025507 4.17527480897765 -2.33985519382043 0.867423881650893
4.49099559152404 -1.74583147442172 2.0304691709335 4.40568172412301 -2.17556417886846 1.4970400025507 4.98037269128088 -2.40340203242279 1.59998691905149 5.11374784403214 -1.9829226517776 2.15296833243292
5.11374784403214 -1.9829226517776 2.15296833243292 5.51065378246805 -1.5715908427701 2.56968421836968 5.00996285771892 -1.22110656717812 2.61469077782657 4.56209063698464 -1.60076763494992 2.1999256151619
5.11794180108001 -0.551506424281079 2.85288899793134 5.00996285771892 -1.22110656717812 2.61469077782657 5.70024083839256 -1.26087557728239 2.72927278118437 5.70442575821958 -0.574353281938096 2.95380444634426
5.70442575821958 -0.574353281938096 2.95380444634426 6.33484645999533 -0.222905712514047 2.98207432366546 6.02186540157624 0.32961682143992 2.98757732757929 5.37078864349154 -0.0333461537969963 2.9583853897512
5.94704497830949 1.05247753327531 2.81914469660701 6.02186540157624 0.32961682143992 2.98757732757929 6.70221821972624 0.389728303652221 2.86843070064651 6.63716237166263 1.10776201257747 2.69970120466797
6.63716237166263 1.10776201257747 2.69970120466797 7.26650957757112 1.28479946632042 2.35206043802228 6.92025088956574 1.89505554684287 2.08337661436387 6.28182798175594 1.72792919899679 2.42793157881019
6.63507511450725 2.40790958275324 1.62524048217059 6.92025088956574 1.89505554684287 2.08337661436387 7.61664705478607 1.88432306312399 1.57360123559348 7.33604199619506 2.3808996477773 1.13337347623378
7.33604199619506 2.3808996477773 1.13337347623378 7.80691515425939 2.21430976059106 0.614091055723068 7.29140948248997 2.63715266080876 0.000156181609507157 6.8467383043755 2.79029974916329 0.511047425983364
5.26164410644835 -3.16919769457466 -0.000437023864193883 5.40675498860193 -3.15961627863012 0.679875576525504 4.88397330481465 -2.80391874879563 0.753551358959907 4.72619836339114 -2.80382006078607 0.0818842923279036
4.91370258546365 -2.51090252183696 1.37748021369534 4.88397330481465 -2.80391874879563 0.753551358959907 5.43074806325175 -3.1193608019338 0.872499690562199 5.4418715181354 -2.81425936605744 1.49513967573866
5.4418715181354 -2.81425936605744 1.49513967573866 5.80301928249391 -2.55963903878049 2.0295851354647 5.31117649699068 -2.10965555882045 2.15371621040555 4.98037269128088 -2.40340203242279 1.59998691905149
5.51065378246805 -1.5715908427701 2.56968421836968 5.31117649699068 -2.10965555882045 2.15371621040555 5.90008489828548 -2.43242995731274 2.19580289128676 6.05119649507769 -1.8567124260967 2.61524255190685
6.05119649507769 -1.8567124260967 2.61524255190685 6.5998719377725 -1.4457622838773 2.86078336219217 6.31175729780002 -0.946584332782411 2.95755679245864 5.70024083839256 -1.26087557728239 2.72927278118437
6.33484645999533 -0.222905712514047 2.98207432366546 6.31175729780002 -0.946584332782411 2.95755679245864 6.94629609557375 -0.971581561562322 2.96053873812518 6.96966445320374 -0.239152498476205 2.98535263066283
6.96966445320374 -0.239152498476205 2.98535263066283 7.64396086163264 -0.00266753872217862 2.82099529013766 7.38650634240147 0.635605868755167 2.70015638845858 6.70221821972624 0.389728303652221 2.86843070064651
7.26650957757112 1.28479946632042 2.35206043802228 7.38650634240147 0.635605868755167 2.70015638845858 8.09087012761555 0.624989453010222 2.41778120074077 7.96416897394617 1.27250253609459 2.07345918554664
7.96416897394617 1.27250253609459 2.07345918554664 8.54960073498279 1.23339314593811 1.61561203655277 8.20083717016037 1.84292052872546 1.11984263039539 7.61664705478607 1.88432306312399 1.57360123559348
7.80691515425939 2.21430976059106 0.614091055723068 8.20083717016037 1.84292052872546 1.11984263039539 8.80759800948215 1.57328248061854 0.516877001023469 8.41679752900758 1.94501355085814 0.000103026210636063
5.40675498860193 -3.15961627863012 0.679875576525504 5.40869310551099 -3.27808531407942 0.000570561903200767 5.89995120528936 -3.66493245642572 0.0418868568289551 5.90547505727122 -3.54221414610362 0.780606487752194
5.90547505727122 -3.54221414610362 0.780606487752194 6.16357318938715 -3.38272812659469 1.46525712810934 5.6599977674793 -2.96783516150097 1.49925137031603 5.43074806325175 -3.1193608019338 0.872499690562199
5.80301928249391 -2.55963903878049 2.0295851354647 5.6599977674793 -2.96783516150097 1.49925137031603 6.20110215515591 -3.33697293584049 1.56291591948696 6.37517297087996 -2.90585838141748 2.14172452448188
6.37517297087996 -2.90585838141748 2.14172452448188 6.83676701924968 -2.52285317596606 2.57923770082326 6.4029670756325 -2.10827835299693 2.61832159917046 5.90008489828548 -2.43242995731274 2.19580289128676
6.5998719377725 -1.4457622838773 2.86078336219217 6.4029670756325 -2.10827835299693 2.61832159917046 7.05562276891553 -2.26553121424063 2.72017884648123 7.16388046835489 -1.56813080595884 2.95283849488945
7.16388046835489 -1.56813080595884 2.95283849488945 7.85992597970117 -1.30874463424074 2.97421797609896 7.63148844159934 -0.716239927414021 2.98158753207586 6.94629609557375 -0.971581561562322 2.96053873812518
7.64396086163264 -0.00266753872217862 2.82099529013766 7.63148844159934 -0.716239927414021 2.98158753207586 8.32154783534532 -0.777705506266452 2.86278399374398 8.33072971969086 -0.0386273864118074 2.69716799795642
8.33072971969086 -0.0386273864118074 2.69716799795642 8.9944436588916 0.0383153477145992 2.34035857406285 8.73371474330576 0.694500131911587 2.07514899900528 8.09087012761555 0.624989453010222 2.41778120074077
8.54960073498279 1.23339314593811 1.61561203655277 8.73371474330576 0.694500131911587 2.07514899900528 9.43594456854662 0.531884849384552 1.58409463114017 9.23984544397056 1.07831622295079 1.12728805462161
9.23984544397056 1.07831622295079 1.12728805462161 9.67773057135336 0.852822217422895 0.576721593492187 9.22961974318656 1.35281813321555 -0.000454759456907954 8.80759800948215 1.57328248061854 0.516877001023469
6.35283474865463 -4.0959725367574 -0.000459660695050905 6.43394212852903 -4.03733539768908 0.764667221873166 5.97404932751101 -3.60443436197534 0.780241951773261 5.89995120528936 -3.66493245642572 0.0418868568289551
6.16357318938715 -3.38272812659469 1.46525712810934 5.97404932751101 -3.60443436197534 0.780241951773261 6.43829911892881 -4.03324952145693 0.785309127001937 6.65421639461331 -3.81158395048682 1.51250035558988
6.65421639461331 -3.81158395048682 1.51250035558988 6.9975923282116 -3.47346959268214 2.13886650261533 6.5021312294374 -3.00737583894387 2.1436377737695 6.20110215515591 -3.33697293584049 1.56291591948696
6.83676701924968 -2.52285317596606 2.57923770082326 6.5021312294374 -3.00737583894387 2.1436377737695 7.03653401163705 -3.4344159869321 2.19133374632046 7.31206414927999 -2.88771864062701 2.62971696265762
7.31206414927999 -2.88771864062701 2.62971696265762 7.92740766639948 -2.54398062815559 2.89461579893616 7.69144055841207 -2.01520949834029 2.96638237567149 7.05562276891553 -2.26553121424063 2.72017884648123
7.85992597970117 -1.30874463424074 2.97421797609896 7.69144055841207 -2.01520949834029 2.96638237567149 8.30867244188449 -2.16266943373896 2.98944944079531 8.4787678809582 -1.44945338639303 2.99736120733482
8.4787678809582 -1.44945338639303 2.99736120733482 9.1770431383908 -1.29417589296774 2.83620040641382 8.98588572851209 -0.578911649878346 2.69710823529889 8.32154783534532 -0.777705506266452 2.86278399374398
8.9944436588916 0.0383153477145992 2.34035857406285 8.98588572851209 -0.578911649878346 2.69710823529889 9.68756990038347 -0.782636690405218 2.47032963766446 9.68836761982859 -0.127739462260868 2.09583990016508
9.68836761982859 -0.127739462260868 2.09583990016508 10.2706320968536 -0.200984138251869 1.62177655435265 10.0309984337068 0.443583908625085 1.1149594449157 9.43594456854662 0.531884849384552 1.58409463114017
9.67773057135336 0.852822217422895 0.576721593492187 10.0309984337068 0.443583908625085 1.1149594449157 10.5679043123467 0.0968927318108204 0.568905688164152 10.2427802617961 0.488207575999718 0.000781179395819915
-6.43394212852903 -4.03733539768908 -0.764667221873166 -5.97404932751101 -3.60443436197534 -0.780241951773261 -5.89995120528936 -3.66493245642572 -0.0418868568289551 -6.35283474865463 -4.0959725367574 0.000459660695050888
-5.97404932751101 -3.60443436197534 -0.780241951773261 -6.43829911892881 -4.03324952145693 -0.785309127001937 -6.65421639461331 -3.81158395048682 -1.51250035558988 -6.16357318938715 -3.38272812659469 -1.46525712810934
-6.9975923282116 -3.47346959268214 -2.13886650261533 -6.5021312294374 -3.00737583894387 -2.1436377737695 -6.20110215515591 -3.33697293584049 -1.56291591948696 -6.65421639461331 -3.81158395048682 -1.51250035558988
-6.5021312294374 -3.00737583894387 -2.1436377737695 -7.03653401163705 -3.4344159869321 -2.19133374632046 -7.31206414927999 -2.887718640627 -2.62971696265762 -6.83676701924968 -2.52285317596606 -2.57923770082326
-7.92740766639948 -2.54398062815559 -2.89461579893616 -7.69144055841207 -2.01520949834029 -2.96638237567149 -7.05562276891553 -2.26553121424063 -2.72017884648123 -7.31206414927999 -2.887718640627 -2.62971696265762
-7.69144055841207 -2.01520949834029 -2.96638237567149 -8.30867244188449 -2.16266943373896 -2.98944944079531 -8.4787678809582 -1.44945338639303 -2.99736120733482 -7.85992597970117 -1.30874463424074 -2.97421797609896
-9.1770431383908 -1.29417589296774 -2.83620040641382 -8.98588572851209 -0.578911649878346 -2.69710823529889 -8.32154783534532 -0.777705506266452 -2.86278399374398 -8.4787678809582 -1.44945338639303 -2.99736120733482
-8.98588572851209 -0.578911649878346 -2.69710823529889 -9.68756990038347 -0.782636690405218 -2.47032963766446 -9.68836761982859 -0.127739462260868 -2.09583990016508 -8.9944436588916 0.0383153477145992 -2.34035857406285
-10.2706320968536 -0.200984138251869 -1.62177655435265 -10.0309984337068 0.443583908625085 -1.1149594449157 -9.43594456854662 0.531884849384552 -1.58409463114017 -9.68836761982859 -0.127739462260868 -2.09583990016508
-10.0309984337068 0.443583908625085 -1.1149594449157 -10.5679043123467 0.0968927318108204 -0.568905688164152 -10.2427802617961 0.488207575999718 -0.000781179395819933 -9.67773057135336 0.852822217422895 -0.576721593492187
-5.408693105511 -3.27808531407942 -0.000570561903200785 -5.89995120528936 -3.66493245642572 -0.0418868568289551 -5.90547505727122 -3.54221414610362 -0.780606487752194 -5.40675498860193 -3.15961627863012 -0.679875576525504
-6.16357318938715 -3.38272812659469 -1.46525712810934 -5.6599977674793 -2.96783516150097 -1.49925137031603 -5.43074806325175 -3.1193608019338 -0.872499690562199 -5.90547505727122 -3.54221414610362 -0.780606487752194
-5.6599977674793 -2.96783516150097 -1.49925137031603 -6.20110215515591 -3.33697293584049 -1.56291591948696 -6.37517297087996 -2.90585838141748 -2.14172452448188 -5.80301928249391 -2.55963903878049 -2.0295851354647
-6.83676701924968 -2.52285317596606 -2.57923770082326 -6.4029670756325 -2.10827835299693 -2.61832159917046 -5.90008489828548 -2.43242995731274 -2.19580289128676 -6.37517297087996 -2.90585838141748 -2.14172452448188
-6.4029670756325 -2.10827835299693 -2.61832159917046 -7.05562276891553 -2.26553121424063 -2.72017884648123 -7.16388046835489 -1.56813080595884 -2.95283849488945 -6.5998719377725 -1.4457622838773 -2.86078336219217
-7.85992597970117 -1.30874463424074 -2.97421797609896 -7.63148844159934 -0.716239927414021 -2.98158753207586 -6.94629609557375 -0.971581561562322 -2.96053873812518 -7.16388046835489 -1.56813080595884 -2.95283849488945
-7.63148844159934 -0.716239927414021 -2.98158753207586 -8.32154783534532 -0.777705506266452 -2.86278399374398 -8.33072971969086 -0.0386273864118074 -2.69716799795642 -7.64396086163264 -0.00266753872217862 -2.82099529013766
-8.9944436588916 0.0383153477145992 -2.34035857406285 -8.73371474330576 0.694500131911587 -2.07514899900528 -8.09087012761555 0.624989453010222 -2.41778120074077 -8.33072971969086 -0.0386273864118074 -2.69716799795642
-8.73371474330576 0.694500131911587 -2.07514899900528 -9.43594456854662 0.531884849384552 -1.58409463114017 -9.23984544397056 1.07831622295079 -1.12728805462161 -8.54960073498279 1.23339314593811 -1.61561203655277
-9.67773057135336 0.852822217422895 -0.576721593492187 -9.22961974318656 1.35281813321555 0.000454759456907937 -8.80759800948215 1.57328248061854 -0.516877001023469 -9.23984544397056 1.07831622295079 -1.12728805462161
-5.40675498860193 -3.15961627863012 -0.679875576525504 -4.88397330481465 -2.80391874879563 -0.753551358959907 -4.72619836339114 -2.80382006078607 -0.0818842923279036 -5.26164410644835 -3.16919769457466 0.000437023864193865
-4.88397330481465 -2.80391874879563 -0.753551358959907 -5.43074806325175 -3.1193608019338 -0.872499690562199 -5.4418715181354 -2.81425936605744 -1.49513967573866 -4.91370258546365 -2.51090252183696 -1.37748021369534
-5.80301928249391 -2.55963903878049 -2.0295851354647 -5.31117649699068 -2.10965555882045 -2.15371621040555 -4.98037269128088 -2.40340203242279 -1.59998691905149 -5.4418715181354 -2.81425936605744 -1.49513967573866
-5.31117649699068 -2.10965555882045 -2.15371621040555 -5.90008489828548 -2.43242995731274 -2.19580289128676 -6.05119649507769 -1.8567124260967 -2.61524255190685 -5.51065378246805 -1.5715908427701 -2.56968421836968
-6.5998719377725 -1.4457622838773 -2.86078336219217 -6.31175729780002 -0.946584332782411 -2.95755679245864 -5.70024083839256 -1.26087557728239 -2.72927278118437 -6.05119649507769 -1.8567124260967 -2.61524255190685
-6.31175729780002 -0.946584332782411 -2.95755679245864 -6.94629609557375 -0.971581561562322 -2.96053873812518 -6.96966445320374 -0.239152498476205 -2.98535263066283 -6.33484645999533 -0.222905712514047 -2.98207432366546
-7.64396086163264 -0.00266753872217862 -2.82099529013766 -7.38650634240147 0.635605868755167 -2.70015638845858 -6.70221821972624 0.389728303652221 -2.86843070064651 -6.96966445320374 -0.239152498476205 -2.98535263066283
-7.38650634240147 0.635605868755167 -2.70015638845858 -8.09087012761555 0.624989453010222 -2.41778120074077 -7.96416897394617 1.27250253609459 -2.07345918554664 -7.26650957757112 1.28479946632042 -2.35206043802228
-8.54960073498279 1.23339314593811 -1.61561203655277 -8.20083717016037 1.84292052872546 -1.11984263039539 -7.61664705478607 1.88432306312399 -1.57360123559348 -7.96416897394617 1.27250253609459 -2.07345918554664
-8.20083717016037 1.84292052872546 -1.11984263039539 -8.80759800948215 1.57328248061854 -0.516877001023469 -8.41679752900758 1.94501355085814 -0.000103026210636081 -7.80691515425939 2.21430976059106 -0.614091055723068
-4.15882297676992 -2.49032927263362 0.000508740326767601 -4.72619836339114 -2.80382006078607 -0.0818842923279036 -4.70104350306139 -2.68279306335471 -0.752640778574525 -4.15336994356529 -2.38092194539653 -0.668501403584723
-4.91370258546365 -2.51090252183696 -1.37748021369534 -4.40568172412301 -2.17556417886846 -1.4970400025507 -4.17527480897765 -2.33985519382043 -0.867423881650893 -4.70104350306139 -2.68279306335471 -0.752640778574525
-4.40568172412301 -2.17556417886846 -1.4970400025507 -4.98037269128088 -2.40340203242279 -1.59998691905149 -5.11374784403214 -1.9829226517776 -2.15296833243292 -4.49099559152404 -1.74583147442172 -2.0304691709335
-5.51065378246805 -1.5715908427701 -2.56968421836968 -5.00996285771892 -1.22110656717812 -2.61469077782657 -4.56209063698464 -1.60076763494992 -2.1999256151619 -5.11374784403214 -1.9829226517776 -2.15296833243292
-5.00996285771892 -1.22110656717812 -2.61469077782657 -5.70024083839256 -1.26087557728239 -2.72927278118437 -5.70442575821958 -0.574353281938096 -2.95380444634426 -5.11794180108001 -0.551506424281079 -2.85288899793134
-6.33484645999533 -0.222905712514047 -2.98207432366546 -6.02186540157624 0.32961682143992 -2.98757732757929 -5.37078864349154 -0.0333461537969963 -2.9583853897512 -5.70442575821958 -0.574353281938096 -2.95380444634426
-6.02186540157624 0.32961682143992 -2.98757732757929 -6.70221821972624 0.389728303652221 -2.86843070064651 -6.63716237166263 1.10776201257747 -2.69970120466797 -5.94704497830949 1.05247753327531 -2.81914469660701
-7.26650957757112 1.28479946632042 -2.35206043802228 -6.92025088956574 1.89505554684287 -2.08337661436387 -6.28182798175594 1.72792919899679 -2.42793157881019 -6.63716237166263 1.10776201257747 -2.69970120466797
-6.92025088956574 1.89505554684287 -2.08337661436387 -7.61664705478607 1.88432306312399 -1.57360123559348 -7.33604199619506 2.3808996477773 -1.13337347623378 -6.63507511450725 2.40790958275324 -1.62524048217059
-7.80691515425939 2.21430976059106 -0.614091055723068 -7.29140948248997 2.63715266080876 -0.000156181609507175 -6.8467383043755 2.79029974916329 -0.511047425983364 -7.33604199619506 2.3808996477773 -1.13337347623378
-4.15336994356529 -2.38092194539653 -0.668501403584723 -3.58768812994309 -2.1161595786445 -0.75826162111264 -3.42680960128697 -2.13973080909248 -0.0952771056859646 -3.99839603688056 -2.40788930089288 -0.00016668558227895
-3.58768812994309 -2.1161595786445 -0.75826162111264 -4.17527480897765 -2.33985519382043 -0.867423881650893 -4.16235839622897 -2.04343247111464 -1.49560657665979 -3.5832377309039 -1.82799349098365 -1.3770721686073
-4.49099559152404 -1.74583147442172 -2.0304691709335 -3.92489022274401 -1.39191201219421 -2.14581370341246 -3.6298384941639 -1.71215572779214 -1.60213836463227 -4.16235839622897 -2.04343247111464 -1.49560657665979
-3.92489022274401 -1.39191201219421 -2.14581370341246 -4.56209063698464 -1.60076763494992 -2.1999256151619 -4.63189817610244 -1.01892793135175 -2.61164236151926 -4.04408700275747 -0.839405870069006 -2.55290523017505
-5.11794180108001 -0.551506424281079 -2.85288899793134 -4.73901092763179 -0.102929791584089 -2.95218521871232 -4.17708829775791 -0.505457750627054 -2.72200704537418 -4.63189817610244 -1.01892793135175 -2.61164236151926
-4.73901092763179 -0.102929791584089 -2.95218521871232 -5.37078864349154 -0.0333461537969963 -2.9583853897512 -5.3220113800556 0.701001548693755 -2.98731161975605 -4.69076319795472 0.623445658810438 -2.98079769479536
-5.94704497830949 1.05247753327531 -2.81914469660701 -5.57400954065586 1.63625287428962 -2.70237115076505 -4.94139045809082 1.27225241711972 -2.87483520001379 -5.3220113800556 0.701001548693755 -2.98731161975605
-5.57400954065586 1.63625287428962 -2.70237115076505 -6.28182798175594 1.72792919899679 -2.42793157881019 -6.06182565039718 2.34733476942722 -2.08873943813453 -5.36633051022483 2.266259983046 -2.35250318123526
-6.63507511450725 2.40790958275324 -1.62524048217059 -6.21588887620785 2.9567417950053 -1.11820658620724 -5.62460680671598 2.90383750847888 -1.58261773367788 -6.06182565039718 2.34733476942722 -2.08873943813453
-6.21588887620785 2.9567417950053 -1.11820658620724 -6.8467383043755 2.79029974916329 -0.511047425983364 -6.37304917164127 3.10786007155029 -0.00021607651445888 -5.74274607749357 3.27099529231712 -0.622755611727987
-2.8317444563044 -1.92859554912374 -0.000485065630719487 -3.42680960128697 -2.13973080909248 -0.0952771056859646 -3.37865266736413 -2.02122286981167 -0.760683070141923 -2.79527636956823 -1.81479645669291 -0.668253092545492
-3.5832377309039 -1.82799349098365 -1.3770721686073 -3.01729285564779 -1.57910371755392 -1.49371448497784 -2.80991657675137 -1.76978783788689 -0.880975800480104 -3.37865266736413 -2.02122286981167 -0.760683070141923
-3.01729285564779 -1.57910371755392 -1.49371448497784 -3.6298384941639 -1.71215572779214 -1.60213836463227 -3.69968576636438 -1.28249758149992 -2.14349890722704 -3.0415264956802 -1.1505651575011 -2.01388896029928
-4.04408700275747 -0.839405870069006 -2.55290523017505 -3.49402352620487 -0.564836402765977 -2.60984341053748 -3.08297158790643 -1.00393053275552 -2.18615366964551 -3.69968576636438 -1.28249758149992 -2.14349890722704
-3.49402352620487 -0.564836402765977 -2.60984341053748 -4.17708829775791 -0.505457750627054 -2.72200704537418 -4.11421246261405 0.181896275389684 -2.94987523705708 -3.52585787772529 0.128933929913979 -2.85263896016674
-4.69076319795472 0.623445658810438 -2.98079769479536 -4.27597082504958 1.10551817295204 -2.99001847687588 -3.66497483783775 0.637589051301152 -2.95724658946464 -4.11421246261405 0.181896275389684 -2.94987523705708
-4.27597082504958 1.10551817295204 -2.99001847687588 -4.94139045809082 1.27225241711972 -2.87483520001379 -4.77538006078619 1.9798803773463 -2.70658042491879 -4.09240852146856 1.83363326191899 -2.81825962986226
-5.36633051022483 2.266259983046 -2.35250318123526 -4.9225272733426 2.80717687196606 -2.08735125994132 -4.29814629117942 2.52142359395054 -2.4496356561618 -4.77538006078619 1.9798803773463 -2.70658042491879
-4.9225272733426 2.80717687196606 -2.08735125994132 -5.62460680671598 2.90383750847888 -1.58261773367788 -5.25776916412144 3.35593078817795 -1.15297597287285 -4.55271853837465 3.2950656374697 -1.60989697078298
-5.74274607749357 3.27099529231712 -0.622755611727987 -5.18328783021522 3.60427618857396 -0.000356192001694556 -4.70057884197362 3.68875917514442 -0.528411805165468 -5.25776916412144 3.35593078817795 -1.15297597287285
-2.79527636956823 -1.81479645669291 -0.668253092545492 -2.20002590209205 -1.64666530464897 -0.762549314609623 -2.04936123858734 -1.69971176284115 -0.0987330430799691 -2.64532181376653 -1.868666942266 0.000154499593713897
-2.20002590209205 -1.64666530464897 -0.762549314609623 -2.80991657675137 -1.76978783788689 -0.880975800480104 -2.75658555016849 -1.48265576037224 -1.49429674588641 -2.14348107484521 -1.35746602100278 -1.37844886084027
-3.0415264956802 -1.1505651575011 -2.01388896029928 -2.4146656287479 -0.903875372010983 -2.1303716521274 -2.1730600508504 -1.24107571246259 -1.61812015126933 -2.75658555016849 -1.48265576037224 -1.49429674588641
-2.4146656287479 -0.903875372010983 -2.1303716521274 -3.08297158790643 -1.00393053275552 -2.18615366964551 -3.13163874951723 -0.418771046612727 -2.6023758410535 -2.4927758536966 -0.373560162623884 -2.51396454504928
-3.52585787772529 0.128933929913979 -2.85263896016674 -3.04607503835582 0.475476788152307 -2.94284755009032 -2.55096616774548 -0.0749157609689721 -2.68210933274434 -3.13163874951723 -0.418771046612727 -2.6023758410535
-3.04607503835582 0.475476788152307 -2.94284755009032 -3.66497483783775 0.637589051301152 -2.95724658946464 -3.56860209769654 1.35822623651932 -2.98927544569663 -2.94213688931962 1.25268517216157 -2.97739010900438
-4.09240852146856 1.83363326191899 -2.81825962986226 -3.60350705121392 2.33382528846631 -2.71293199433799 -3.05325748807563 1.82152796741892 -2.89619789352741 -3.56860209769654 1.35822623651932 -2.98927544569663
-3.60350705121392 2.33382528846631 -2.71293199433799 -4.29814629117942 2.52142359395054 -2.4496356561618 -4.02901476809653 3.11632119944939 -2.10128839373678 -3.32583929642017 2.95676929761917 -2.34734907267091
-4.55271853837465 3.2950656374697 -1.60989697078298 -4.03603614919306 3.75837363479601 -1.13244256813401 -3.45616435994892 3.59171318330398 -1.62939359331851 -4.02901476809653 3.11632119944939 -2.10128839373678
-4.03603614919306 3.75837363479601 -1.13244256813401 -4.70057884197362 3.68875917514442 -0.528411805165468 -4.19323358284517 3.93115758331189 -0.000316546466694014 -3.54147087959792 4.00217051544812 -0.578406854858106
-1.44012755856271 -1.58732576211246 -0.000258043751296495 -2.04936123858734 -1.69971176284115 -0.0987330430799691 -1.96973327533283 -1.5868979758416 -0.763502643247885 -1.37513478149811 -1.47655112740012 -0.671963804608747
-2.14348107484521 -1.35746602100278 -1.37844886084027 -1.54036754809289 -1.20058330902854 -1.5074147634541 -1.38321979753468 -1.43289879201346 -0.89232215720805 -1.96973327533283 -1.5868979758416 -0.763502643247885
-1.54036754809289 -1.20058330902854 -1.5074147634541 -2.1730600508504 -1.24107571246259 -1.61812015126933 -2.14955358623664 -0.809280345538216 -2.13338317701283 -1.47561246113413 -0.763310069641758 -2.01888685735184
-2.4927758536966 -0.373560162623884 -2.51396454504928 -1.88376117968952 -0.174335199584407 -2.60008660483834 -1.50453283318165 -0.603508212528796 -2.22049932735023 -2.14955358623664 -0.809280345538216 -2.13338317701283
-1.88376117968952 -0.174335199584407 -2.60008660483834 -2.55096616774548 -0.0749157609689721 -2.68210933274434 -2.52553935931548 0.630222660480296 -2.93667597428853 -1.90430704652032 0.47066228854842 -2.83598156027854
-2.94213688931962 1.25268517216157 -2.97739010900438 -2.40182194302386 1.58668339951013 -2.99300555108036 -1.94925165921875 0.910471856155633 -2.94877410954003 -2.52553935931548 0.630222660480296 -2.93667597428853
-2.40182194302386 1.58668339951013 -2.99300555108036 -3.05325748807563 1.82152796741892 -2.89619789352741 -2.83543957764301 2.52561767302179 -2.72818105703649 -2.16015198627871 2.34374903789509 -2.81276809830752
-3.32583929642017 2.95676929761917 -2.34734907267091 -2.74709909349055 3.39394069382464 -2.11411243268786 -2.20116272340977 2.98833605012354 -2.48440120604928 -2.83543957764301 2.52561767302179 -2.72818105703649
-2.74709909349055 3.39394069382464 -2.11411243268786 -3.45616435994892 3.59171318330398 -1.62939359331851 -3.03552097530185 4.00741722449982 -1.14849541768917 -2.35378970479383 3.82428262259565 -1.60441740084486
-3.54147087959792 4.00217051544812 -0.578406854858106 -2.93094139417722 4.23943558750076 0.000371600181361064 -2.41101146078889 4.23763009775491 -0.624927100560506 -3.03552097530185 4.00741722449982 -1.14849541768917
-1.37513478149811 -1.47655112740012 -0.671963804608747 -0.776119111835487 -1.40215662843125 -0.770700057654229 -0.624723899619762 -1.48581868280176 -0.0630322233543873 -1.23658562530289 -1.55648732289589 -0.000231821235637981
-0.776119111835487 -1.40215662843125 -0.770700057654229 -1.38321979753468 -1.43289879201346 -0.89232215720805 -1.25624054996911 -1.15258203541032 -1.50218660303115 -0.660206231355103 -1.10409430033188 -1.42525080953191
-1.47561246113413 -0.763310069641758 -2.01888685735184 -0.824678143552641 -0.601870500720622 -2.1590336345454 -0.67628532612768 -1.01888502527084 -1.6141625687045 -1.25624054996911 -1.15258203541032 -1.50218660303115
-0.824678143552641 -0.601870500720622 -2.1590336345454 -1.50453283318165 -0.603508212528796 -2.22049932735023 -1.51977099934582 -0.0390135795568263 -2.60033918072159 -0.838349061932388 -0.0194703686381867 -2.55073414493494
-1.90430704652032 0.47066228854842 -2.83598156027854 -1.32821403443394 0.752448470817763 -2.93718330077759 -0.948482543417719 0.369852644554621 -2.75693287369662 -1.51977099934582 -0.0390135795568263 -2.60033918072159
-1.32821403443394 0.752448470817763 -2.93718330077759 -1.94925165921875 0.910471856155633 -2.94877410954003 -1.86270366748154 1.66600284870577 -2.99290622076897 -1.26363532227529 1.31619582228062 -2.97011140680323
-2.16015198627871 2.34374903789509 -2.81276809830752 -1.51701014533881 2.62661458752978 -2.76177626685512 -1.18380563365495 1.98093812049712 -2.93496236160859 -1.86270366748154 1.66600284870577 -2.99290622076897
-1.51701014533881 2.62661458752978 -2.76177626685512 -2.20116272340977 2.98833605012354 -2.48440120604928 -1.79725647338999 3.56790831381941 -2.11463061016689 -1.15667727347011 3.17765734882546 -2.40903151015701
-2.35378970479383 3.82428262259565 -1.60441740084486 -1.75215060538031 4.20230641951371 -1.15576475466787 -1.19190938904612 3.89645001513342 -1.74231484882566 -1.79725647338999 3.56790831381941 -2.11463061016689
-1.75215060538031 4.20230641951371 -1.15576475466787 -2.41101146078889 4.23763009775491 -0.624927100560506 -1.89386775024922 4.40932622186088 -0.000441608955195567 -1.18658276800952 4.38038715569751 -0.523404305240166
-0.00899238970832454 -1.47128069363429 2.37420239357748e-05 -0.624723899619762 -1.48581868280176 -0.0630322233543873 -0.582975704514472 -1.39248890507864 -0.77302185770937 -9.34913147219189e-17 -1.3722300310316 -0.763555136886634
-0.660206231355103 -1.10409430033188 -1.42525080953191 -0.0742635624524441 -1.0385560270187 -1.55135832674523 -9.19900905789949e-17 -1.34771318023071 -0.852497512549224 -0.582975704514472 -1.39248890507864 -0.77302185770937
-0.0742635624524441 -1.0385560270187 -1.55135832674523 -0.67628532612768 -1.01888502527084 -1.6141625687045 -0.498926540083254 -0.566263171561319 -2.17740495547048 -4.39597626765103e-17 -0.56331839904278 -2.14974484133826
-0.838349061932388 -0.0194703686381867 -2.55073414493494 -0.24023601578305 0.241629092532866 -2.75387535723367 -2.45960256714906e-17 -0.247084575241477 -2.41814964666463 -0.498926540083254 -0.566263171561319 -2.17740495547048
-0.24023601578305 0.241629092532866 -2.75387535723367 -0.948482543417719 0.369852644554621 -2.75693287369662 -0.895560618046555 0.905189024066964 -2.89875035407571 4.03075353079262e-17 0.81287101398809 -2.91308549610318
-1.26363532227529 1.31619582228062 -2.97011140680323 -0.602698323178286 1.51706172845858 -3.03780850559925 4.22088940949019e-17 0.843922559434491 -2.92093287825393 -0.895560618046555 0.905189024066964 -2.89875035407571
-0.602698323178286 1.51706172845858 -3.03780850559925 -1.18380563365495 1.98093812049712 -2.93496236160859 -0.512137152030194 2.63320445797486 -2.8286041457559 1.24687416883844e-16 2.19089905659869 -2.92559796139649
-1.15667727347011 3.17765734882546 -2.40903151015701 -0.56315685570252 3.65119526275581 -2.13920794646967 1.81237234382385e-16 3.11442766154687 -2.54689050343477 -0.512137152030194 2.63320445797486 -2.8286041457559
-0.56315685570252 3.65119526275581 -2.13920794646967 -1.19190938904612 3.89645001513342 -1.74231484882566 -0.733818843167433 4.30662120691021 -1.2016303020101 2.39281740016581e-16 4.06236637619682 -1.60572888206112
-1.18658276800952 4.38038715569751 -0.523404305240166 -0.493265185431891 4.52046515803224 0.000302035620431733 2.62789921551843e-16 4.44628411560755 -0.700261324969504 -0.733818843167433 4.30662120691021 -1.2016303020101
-9.34913147219189e-17 -1.3722300310316 -0.763555136886634 0.582975704514472 -1.39248890507864 -0.77302185770937 0.624723899619761 -1.48581868280176 -0.0630322233543873 0.00899238970832435 -1.47128069363429 2.37420239357748e-05
0.582975704514472 -1.39248890507864 -0.77302185770937 -9.19900905789949e-17 -1.34771318023071 -0.852497512549224 0.0742635624524439 -1.0385560270187 -1.55135832674523 0.660206231355103 -1.10409430033188 -1.42525080953191
-4.39597626765103e-17 -0.56331839904278 -2.14974484133826 0.498926540083254 -0.566263171561319 -2.17740495547048 0.676285326127679 -1.01888502527084 -1.6141625687045 0.0742635624524439 -1.0385560270187 -1.55135832674523
0.498926540083254 -0.566263171561319 -2.17740495547048 -2.45960256714906e-17 -0.247084575241477 -2.41814964666463 0.24023601578305 0.241629092532866 -2.75387535723367 0.838349061932388 -0.0194703686381867 -2.55073414493494
4.03075353079262e-17 0.81287101398809 -2.91308549610318 0.895560618046555 0.905189024066964 -2.89875035407571 0.948482543417719 0.369852644554621 -2.75693287369662 0.24023601578305 0.241629092532866 -2.75387535723367
0.895560618046555 0.905189024066964 -2.89875035407571 4.22088940949019e-17 0.843922559434491 -2.92093287825393 0.602698323178286 1.51706172845858 -3.03780850559925 1.26363532227529 1.31619582228062 -2.97011140680323
1.24687416883844e-16 2.19089905659869 -2.92559796139649 0.512137152030194 2.63320445797486 -2.8286041457559 1.18380563365495 1.98093812049712 -2.93496236160859 0.602698323178286 1.51706172845858 -3.03780850559925
0.512137152030194 2.63320445797486 -2.8286041457559 1.81237234382385e-16 3.11442766154687 -2.54689050343477 0.56315685570252 3.65119526275581 -2.13920794646967 1.15667727347011 3.17765734882546 -2.40903151015701
2.39281740016581e-16 4.06236637619682 -1.60572888206112 0.733818843167433 4.30662120691021 -1.2016303020101 1.19190938904612 3.89645001513342 -1.74231484882566 0.56315685570252 3.65119526275581 -2.13920794646967
0.733818843167433 4.30662120691021 -1.2016303020101 2.62789921551843e-16 4.44628411560755 -0.700261324969504 0.493265185431891 4.52046515803224 0.000302035620431733 1.18658276800952 4.38038715569751 -0.523404305240166
1.23658562530289 -1.55648732289589 -0.000231821235637981 0.624723899619761 -1.48581868280176 -0.0630322233543873 0.776119111835486 -1.40215662843125 -0.770700057654229 1.37513478149811 -1.47655112740012 -0.671963804608747
0.660206231355103 -1.10409430033188 -1.42525080953191 1.25624054996911 -1.15258203541032 -1.50218660303115 1.38321979753468 -1.43289879201346 -0.89232215720805 0.776119111835486 -1.40215662843125 -0.770700057654229
1.25624054996911 -1.15258203541032 -1.50218660303115 0.676285326127679 -1.01888502527084 -1.6141625687045 0.824678143552641 -0.601870500720622 -2.1590336345454 1.47561246113413 -0.763310069641758 -2.01888685735184
0.838349061932388 -0.0194703686381867 -2.55073414493494 1.51977099934582 -0.0390135795568263 -2.60033918072159 1.50453283318165 -0.603508212528796 -2.22049932735023 0.824678143552641 -0.601870500720622 -2.1590336345454
1.51977099934582 -0.0390135795568263 -2.60033918072159 0.948482543417719 0.369852644554621 -2.75693287369662 1.32821403443394 0.752448470817763 -2.93718330077759 1.90430704652032 0.47066228854842 -2.83598156027854
1.26363532227529 1.31619582228062 -2.97011140680323 1.86270366748154 1.66600284870577 -2.99290622076897 1.94925165921875 0.910471856155633 -2.94877410954003 1.32821403443394 0.752448470817763 -2.93718330077759
1.86270366748154 1.66600284870577 -2.99290622076897 1.18380563365495 1.98093812049712 -2.93496236160859 1.51701014533881 2.62661458752978 -2.76177626685512 2.16015198627871 2.34374903789509 -2.81276809830752
1.15667727347011 3.17765734882546 -2.40903151015701 1.79725647338999 3.56790831381941 -2.11463061016689 2.20116272340977 2.98833605012354 -2.48440120604928 1.51701014533881 2.62661458752978 -2.76177626685512
1.79725647338999 3.56790831381941 -2.11463061016689 1.19190938904612 3.89645001513342 -1.74231484882566 1.75215060538031 4.20230641951371 -1.15576475466787 2.35378970479383 3.82428262259565 -1.60441740084486
1.18658276800952 4.38038715569751 -0.523404305240166 1.89386775024922 4.40932622186088 -0.000441608955195567 2.41101146078889 4.23763009775491 -0.624927100560506 1.75215060538031 4.20230641951371 -1.15576475466787
1.37513478149811 -1.47655112740012 -0.671963804608747 1.96973327533283 -1.5868979758416 -0.763502643247885 2.04936123858734 -1.69971176284115 -0.0987330430799691 1.44012755856271 -1.58732576211246 -0.000258043751296495
1.96973327533283 -1.5868979758416 -0.763502643247885 1.38321979753468 -1.43289879201346 -0.89232215720805 1.54036754809289 -1.20058330902854 -1.5074147634541 2.14348107484521 -1.35746602100278 -1.37844886084027
1.47561246113413 -0.763310069641758 -2.01888685735184 2.14955358623664 -0.809280345538216 -2.13338317701283 2.1730600508504 -1.24107571246259 -1.61812015126933 1.54036754809289 -1.20058330902854 -1.5074147634541
2.14955358623664 -0.809280345538216 -2.13338317701283 1.50453283318165 -0.603508212528796 -2.22049932735023 1.88376117968952 -0.174335199584407 -2.60008660483834 2.4927758536966 -0.373560162623884 -2.51396454504928
1.90430704652032 0.47066228854842 -2.83598156027854 2.52553935931548 0.630222660480296 -2.93667597428853 2.55096616774548 -0.0749157609689721 -2.68210933274434 1.88376117968952 -0.174335199584407 -2.60008660483834
2.52553935931548 0.630222660480296 -2.93667597428853 1.94925165921875 0.910471856155633 -2.94877410954003 2.40182194302386 1.58668339951013 -2.99300555108036 2.94213688931963 1.25268517216157 -2.97739010900438
2.16015198627871 2.34374903789509 -2.81276809830752 2.83543957764301 2.52561767302179 -2.72818105703649 3.05325748807564 1.82152796741892 -2.89619789352741 2.40182194302386 1.58668339951013 -2.99300555108036
2.83543957764301 2.52561767302179 -2.72818105703649 2.20116272340977 2.98833605012354 -2.48440120604928 2.74709909349055 3.39394069382464 -2.11411243268786 3.32583929642017 2.95676929761917 -2.34734907267091
2.35378970479383 3.82428262259565 -1.60441740084486 3.03552097530186 4.00741722449982 -1.14849541768917 3.45616435994892 3.59171318330398 -1.62939359331851 2.74709909349055 3.39394069382464 -2.11411243268786
3.03552097530186 4.00741722449982 -1.14849541768917 2.41101146078889 4.23763009775491 -0.624927100560506 2.93094139417722 4.23943558750076 0.000371600181361064 3.54147087959792 4.00217051544812 -0.578406854858106
2.64532181376653 -1.868666942266 0.000154499593713897 2.04936123858734 -1.69971176284115 -0.0987330430799691 2.20002590209205 -1.64666530464897 -0.762549314609623 2.79527636956823 -1.81479645669291 -0.668253092545492
2.14348107484521 -1.35746602100278 -1.37844886084027 2.75658555016849 -1.48265576037224 -1.49429674588641 2.80991657675137 -1.76978783788689 -0.880975800480104 2.20002590209205 -1.64666530464897 -0.762549314609623
2.75658555016849 -1.48265576037224 -1.49429674588641 2.1730600508504 -1.24107571246259 -1.61812015126933 2.4146656287479 -0.903875372010983 -2.1303716521274 3.0415264956802 -1.1505651575011 -2.01388896029928
2.4927758536966 -0.373560162623884 -2.51396454504928 3.13163874951723 -0.418771046612727 -2.6023758410535 3.08297158790643 -1.00393053275552 -2.18615366964551 2.4146656287479 -0.903875372010983 -2.1303716521274
3.13163874951723 -0.418771046612727 -2.6023758410535 2.55096616774548 -0.0749157609689721 -2.68210933274434 3.04607503835582 0.475476788152307 -2.94284755009032 3.52585787772529 0.128933929913979 -2.85263896016674
2.94213688931963 1.25268517216157 -2.97739010900438 3.56860209769654 1.35822623651932 -2.98927544569663 3.66497483783775 0.637589051301152 -2.95724658946464 3.04607503835582 0.475476788152307 -2.94284755009032
3.56860209769654 1.35822623651932 -2.98927544569663 3.05325748807564 1.82152796741892 -2.89619789352741 3.60350705121392 2.33382528846631 -2.71293199433799 4.09240852146856 1.83363326191899 -2.81825962986226
3.32583929642017 2.95676929761917 -2.34734907267091 4.02901476809653 3.11632119944939 -2.10128839373678 4.29814629117942 2.52142359395054 -2.4496356561618 3.60350705121392 2.33382528846631 -2.71293199433799
4.02901476809653 3.11632119944939 -2.10128839373678 3.45616435994892 3.59171318330398 -1.62939359331851 4.03603614919306 3.75837363479601 -1.13244256813401 4.55271853837465 3.2950656374697 -1.60989697078298
3.54147087959792 4.00217051544812 -0.578406854858106 4.19323358284517 3.93115758331189 -0.000316546466694014 4.70057884197362 3.68875917514442 -0.528411805165468 4.03603614919306 3.75837363479601 -1.13244256813401
2.79527636956823 -1.81479645669291 -0.668253092545492 3.37865266736413 -2.02122286981167 -0.760683070141923 3.42680960128697 -2.13973080909248 -0.0952771056859646 2.8317444563044 -1.92859554912374 -0.000485065630719487
3.37865266736413 -2.02122286981167 -0.760683070141923 2.80991657675137 -1.76978783788689 -0.880975800480104 3.01729285564779 -1.57910371755392 -1.49371448497784 3.5832377309039 -1.82799349098365 -1.3770721686073
3.0415264956802 -1.1505651575011 -2.01388896029928 3.69968576636438 -1.28249758149992 -2.14349890722704 3.6298384941639 -1.71215572779214 -1.60213836463227 3.01729285564779 -1.57910371755392 -1.49371448497784
3.69968576636438 -1.28249758149992 -2.14349890722704 3.08297158790643 -1.00393053275552 -2.18615366964551 3.49402352620487 -0.564836402765977 -2.60984341053748 4.04408700275747 -0.839405870069006 -2.55290523017505
3.52585787772529 0.128933929913979 -2.85263896016674 4.11421246261405 0.181896275389684 -2.94987523705708 4.17708829775791 -0.505457750627054 -2.72200704537418 3.49402352620487 -0.564836402765977 -2.60984341053748
4.11421246261405 0.181896275389684 -2.94987523705708 3.66497483783775 0.637589051301152 -2.95724658946464 4.27597082504958 1.10551817295204 -2.99001847687588 4.69076319795472 0.623445658810438 -2.98079769479536
4.09240852146856 1.83363326191899 -2.81825962986226 4.77538006078619 1.9798803773463 -2.70658042491879 4.94139045809082 1.27225241711972 -2.87483520001379 4.27597082504958 1.10551817295204 -2.99001847687588
4.77538006078619 1.9798803773463 -2.70658042491879 4.29814629117942 2.52142359395054 -2.4496356561618 4.9225272733426 2.80717687196606 -2.08735125994132 5.36633051022483 2.266259983046 -2.35250318123526
4.55271853837465 3.2950656374697 -1.60989697078298 5.25776916412144 3.35593078817795 -1.15297597287285 5.62460680671598 2.90383750847888 -1.58261773367788 4.9225272733426 2.80717687196606 -2.08735125994132
5.25776916412144 3.35593078817795 -1.15297597287285 4.70057884197362 3.68875917514442 -0.528411805165468 5.18328783021522 3.60427618857396 -0.000356192001694556 5.74274607749357 3.27099529231712 -0.622755611727987
3.99839603688056 -2.40788930089288 -0.00016668558227895 3.42680960128697 -2.13973080909248 -0.0952771056859646 3.58768812994309 -2.1161595786445 -0.75826162111264 4.15336994356529 -2.38092194539653 -0.668501403584723
3.5832377309039 -1.82799349098365 -1.3770721686073 4.16235839622897 -2.04343247111464 -1.49560657665979 4.17527480897765 -2.33985519382043 -0.867423881650893 3.58768812994309 -2.1161595786445 -0.75826162111264
4.16235839622897 -2.04343247111464 -1.49560657665979 3.6298384941639 -1.71215572779214 -1.60213836463227 3.92489022274401 -1.39191201219421 -2.14581370341246 4.49099559152404 -1.74583147442172 -2.0304691709335
4.04408700275747 -0.839405870069006 -2.55290523017505 4.63189817610244 -1.01892793135175 -2.61164236151926 4.56209063698464 -1.60076763494992 -2.1999256151619 3.92489022274401 -1.39191201219421 -2.14581370341246
4.63189817610244 -1.01892793135175 -2.61164236151926 4.17708829775791 -0.505457750627054 -2.72200704537418 4.73901092763179 -0.102929791584089 -2.95218521871232 5.11794180108001 -0.551506424281079 -2.85288899793134
4.69076319795472 0.623445658810438 -2.98079769479536 5.3220113800556 0.701001548693755 -2.98731161975605 5.37078864349154 -0.0333461537969963 -2.9583853897512 4.73901092763179 -0.102929791584089 -2.95218521871232
5.3220113800556 0.701001548693755 -2.98731161975605 4.94139045809082 1.27225241711972 -2.87483520001379 5.57400954065586 1.63625287428962 -2.70237115076505 5.94704497830949 1.05247753327531 -2.81914469660701
5.36633051022483 2.266259983046 -2.35250318123526 6.06182565039718 2.34733476942722 -2.08873943813453 6.28182798175594 1.72792919899679 -2.42793157881019 5.57400954065586 1.63625287428962 -2.70237115076505
6.06182565039718 2.34733476942722 -2.08873943813453 5.62460680671598 2.90383750847888 -1.58261773367788 6.21588887620785 2.9567417950053 -1.11820658620724 6.63507511450725 2.40790958275324 -1.62524048217059
5.74274607749357 3.27099529231712 -0.622755611727987 6.37304917164127 3.10786007155029 -0.00021607651445888 6.8467383043755 2.79029974916329 -0.511047425983364 6.21588887620785 2.9567417950053 -1.11820658620724
4.15336994356529 -2.38092194539653 -0.668501403584723 4.70104350306139 -2.68279306335471 -0.752640778574525 4.72619836339114 -2.80382006078607 -0.0818842923279036 4.15882297676992 -2.49032927263362 0.000508740326767601
4.70104350306139 -2.68279306335471 -0.752640778574525 4.17527480897765 -2.33985519382043 -0.867423881650893 4.40568172412301 -2.17556417886846 -1.4970400025507 4.91370258546365 -2.51090252183696 -1.37748021369534
4.49099559152404 -1.74583147442172 -2.0304691709335 5.11374784403214 -1.9829226517776 -2.15296833243292 4.98037269128088 -2.40340203242279 -1.59998691905149 4.40568172412301 -2.17556417886846 -1.4970400025507
5.11374784403214 -1.9829226517776 -2.15296833243292 4.56209063698464 -1.60076763494992 -2.1999256151619 5.00996285771892 -1.22110656717812 -2.61469077782657 5.51065378246805 -1.5715908427701 -2.56968421836968
5.11794180108001 -0.551506424281079 -2.85288899793134 5.70442575821958 -0.574353281938096 -2.95380444634426 5.70024083839256 -1.26087557728239 -2.72927278118437 5.00996285771892 -1.22110656717812 -2.61469077782657
5.70442575821958 -0.574353281938096 -2.95380444634426 5.37078864349154 -0.0333461537969963 -2.9583853897512 6.02186540157624 0.32961682143992 -2.98757732757929 6.33484645999533 -0.222905712514047 -2.98207432366546
5.94704497830949 1.05247753327531 -2.81914469660701 6.63716237166263 1.10776201257747 -2.69970120466797 6.70221821972624 0.389728303652221 -2.86843070064651 6.02186540157624 0.32961682143992 -2.98757732757929
6.63716237166263 1.10776201257747 -2.69970120466797 6.28182798175594 1.72792919899679 -2.42793157881019 6.92025088956574 1.89505554684287 -2.08337661436387 7.26650957757112 1.28479946632042 -2.35206043802228
6.63507511450725 2.40790958275324 -1.62524048217059 7.33604199619506 2.3808996477773 -1.13337347623378 7.61664705478607 1.88432306312399 -1.57360123559348 6.92025088956574 1.89505554684287 -2.08337661436387
7.33604199619506 2.3808996477773 -1.13337347623378 6.8467383043755 2.79029974916329 -0.511047425983364 7.29140948248997 2.63715266080876 -0.000156181609507175 7.80691515425939 2.21430976059106 -0.614091055723068
5.26164410644835 -3.16919769457466 0.000437023864193865 4.72619836339114 -2.80382006078607 -0.0818842923279036 4.88397330481465 -2.80391874879563 -0.753551358959907 5.40675498860193 -3.15961627863012 -0.679875576525504
4.91370258546365 -2.51090252183696 -1.37748021369534 5.4418715181354 -2.81425936605744 -1.49513967573866 5.43074806325175 -3.1193608019338 -0.872499690562199 4.88397330481465 -2.80391874879563 -0.753551358959907
5.4418715181354 -2.81425936605744 -1.49513967573866 4.98037269128088 -2.40340203242279 -1.59998691905149 5.31117649699068 -2.10965555882045 -2.15371621040555 5.80301928249391 -2.55963903878049 -2.0295851354647
5.51065378246805 -1.5715908427701 -2.56968421836968 6.05119649507769 -1.8567124260967 -2.61524255190685 5.90008489828548 -2.43242995731274 -2.19580289128676 5.31117649699068 -2.10965555882045 -2.15371621040555
6.05119649507769 -1.8567124260967 -2.61524255190685 5.70024083839256 -1.26087557728239 -2.72927278118437 6.31175729780002 -0.946584332782411 -2.95755679245864 6.5998719377725 -1.4457622838773 -2.86078336219217
6.33484645999533 -0.222905712514047 -2.98207432366546 6.96966445320374 -0.239152498476205 -2.98535263066283 6.94629609557375 -0.971581561562322 -2.96053873812518 6.31175729780002 -0.946584332782411 -2.95755679245864
6.96966445320374 -0.239152498476205 -2.98535263066283 6.70221821972624 0.389728303652221 -2.86843070064651 7.38650634240147 0.635605868755167 -2.70015638845858 7.64396086163264 -0.00266753872217862 -2.82099529013766
7.26650957757112 1.28479946632042 -2.35206043802228 7.96416897394617 1.27250253609459 -2.07345918554664 8.09087012761555 0.624989453010222 -2.41778120074077 7.38650634240147 0.635605868755167 -2.70015638845858
7.96416897394617 1.27250253609459 -2.07345918554664 7.61664705478607 1.88432306312399 -1.57360123559348 8.20083717016037 1.84292052872546 -1.11984263039539 8.54960073498279 1.23339314593811 -1.61561203655277
7.80691515425939 2.21430976059106 -0.614091055723068 8.41679752900758 1.94501355085814 -0.000103026210636081 8.80759800948215 1.57328248061854 -0.516877001023469 8.20083717016037 1.84292052872546 -1.11984263039539
5.40675498860193 -3.15961627863012 -0.679875576525504 5.90547505727122 -3.54221414610362 -0.780606487752194 5.89995120528936 -3.66493245642572 -0.0418868568289551 5.40869310551099 -3.27808531407942 -0.000570561903200785
5.90547505727122 -3.54221414610362 -0.780606487752194 5.43074806325175 -3.1193608019338 -0.872499690562199 5.6599977674793 -2.96783516150097 -1.49925137031603 6.16357318938715 -3.38272812659469 -1.46525712810934
5.80301928249391 -2.55963903878049 -2.0295851354647 6.37517297087996 -2.90585838141748 -2.14172452448188 6.20110215515591 -3.33697293584049 -1.56291591948696 5.6599977674793 -2.96783516150097 -1.49925137031603
6.37517297087996 -2.90585838141748 -2.14172452448188 5.90008489828548 -2.43242995731274 -2.19580289128676 6.4029670756325 -2.10827835299693 -2.61832159917046 6.83676701924968 -2.52285317596606 -2.57923770082326
6.5998719377725 -1.4457622838773 -2.86078336219217 7.16388046835489 -1.56813080595884 -2.95283849488945 7.05562276891553 -2.26553121424063 -2.72017884648123 6.4029670756325 -2.10827835299693 -2.61832159917046
7.16388046835489 -1.56813080595884 -2.95283849488945 6.94629609557375 -0.971581561562322 -2.96053873812518 7.63148844159934 -0.716239927414021 -2.98158753207586 7.85992597970117 -1.30874463424074 -2.97421797609896
7.64396086163264 -0.00266753872217862 -2.82099529013766 8.33072971969086 -0.0386273864118074 -2.69716799795642 8.32154783534532 -0.777705506266452 -2.86278399374398 7.63148844159934 -0.716239927414021 -2.98158753207586
8.33072971969086 -0.0386273864118074 -2.69716799795642 8.09087012761555 0.624989453010222 -2.41778120074077 8.73371474330576 0.694500131911587 -2.07514899900528 8.9944436588916 0.0383153477145992 -2.34035857406285
8.54960073498279 1.23339314593811 -1.61561203655277 9.23984544397056 1.07831622295079 -1.12728805462161 9.43594456854662 0.531884849384552 -1.58409463114017 8.73371474330576 0.694500131911587 -2.07514899900528
9.23984544397056 1.07831622295079 -1.12728805462161 8.80759800948215 1.57328248061854 -0.516877001023469 9.22961974318656 1.35281813321555 0.000454759456907937 9.67773057135336 0.852822217422895 -0.576721593492187
6.35283474865463 -4.0959725367574 0.000459660695050888 5.89995120528936 -3.66493245642572 -0.0418868568289551 5.97404932751101 -3.60443436197534 -0.780241951773261 6.43394212852903 -4.03733539768908 -0.764667221873166
6.16357318938715 -3.38272812659469 -1.46525712810934 6.65421639461331 -3.81158395048682 -1.51250035558988 6.43829911892881 -4.03324952145693 -0.785309127001937 5.97404932751101 -3.60443436197534 -0.780241951773261
6.65421639461331 -3.81158395048682 -1.51250035558988 6.20110215515591 -3.33697293584049 -1.56291591948696 6.5021312294374 -3.00737583894387 -2.1436377737695 6.9975923282116 -3.47346959268214 -2.13886650261533
6.83676701924968 -2.52285317596606 -2.57923770082326 7.31206414927999 -2.88771864062701 -2.62971696265762 7.03653401163705 -3.4344159869321 -2.19133374632046 6.5021312294374 -3.00737583894387 -2.1436377737695
7.31206414927999 -2.88771864062701 -2.62971696265762 7.05562276891553 -2.26553121424063 -2.72017884648123 7.69144055841207 -2.01520949834029 -2.96638237567149 7.92740766639948 -2.54398062815559 -2.89461579893616
7.85992597970117 -1.30874463424074 -2.97421797609896 8.4787678809582 -1.44945338639303 -2.99736120733482 8.30867244188449 -2.16266943373896 -2.98944944079531 7.69144055841207 -2.01520949834029 -2.96638237567149
8.4787678809582 -1.44945338639303 -2.99736120733482 8.32154783534532 -0.777705506266452 -2.86278399374398 8.98588572851209 -0.578911649878346 -2.69710823529889 9.1770431383908 -1.29417589296774 -2.83620040641382
8.9944436588916 0.0383153477145992 -2.34035857406285 9.68836761982859 -0.127739462260868 -2.09583990016508 9.68756990038347 -0.782636690405218 -2.47032963766446 8.98588572851209 -0.578911649878346 -2.69710823529889
9.68836761982859 -0.127739462260868 -2.09583990016508 9.43594456854662 0.531884849384552 -1.58409463114017 10.0309984337068 0.443583908625085 -1.1149594449157 10.2706320968536 -0.200984138251869 -1.62177655435265
9.67773057135336 0.852822217422895 -0.576721593492187 10.2427802617961 0.488207575999718 -0.000781179395819933 10.5679043123467 0.0968927318108204 -0.568905688164152 10.0309984337068 0.443583908625085 -1.1149594449157
