-7.0313334948817 -0.104827107992807 3.21323887238904 -6.26130497209462 -0.104827107992807 3.21323887238903 -6.31479975458554 -0.104827107992807 3.83004600596095 -7.03133349488168 -0.104827107992807 3.79660888106411
-7.03133349488168 -0.104827107992807 3.79660888106411 -6.31479975458554 -0.104827107992807 3.83004600596095 -6.26482543424872 -0.104827107992807 4.43090342363119 -7.03133349488168 -0.104827107992807 4.38663890143597
-7.03133349488168 -0.104827107992807 4.38663890143597 -6.26482543424872 -0.104827107992807 4.43090342363119 -6.30230447672215 -0.104827107992807 5.03535096520362 -7.03133349488168 -0.104827107992807 4.88675306752249
-7.03133349488168 -0.104827107992807 4.88675306752249 -6.30230447672215 -0.104827107992807 5.03535096520362 -6.41821663061242 -0.104827107992807 5.70895532252189 -7.0313334948817 -0.104827107992807 5.52618181146082
-7.0313334948817 -0.104827107992807 5.52618181146082 -6.41821663061242 -0.104827107992807 5.70895532252189 -6.47500809343083 -0.104827107992807 6.4264777447778 -7.03133349488176 -0.104827107992741 6.4264777447778
-7.03133349488176 -0.104827107992741 6.4264777447778 -6.47500809343083 -0.104827107992807 6.4264777447778 -6.75521474388504 0.530193856042305 6.4264777447778 -7.66635445891677 0.530193856042217 6.4264777447778
-7.66635445891677 0.530193856042217 6.4264777447778 -6.75521474388504 0.530193856042305 6.4264777447778 -6.72640353746313 0.530193856042305 5.67640173730025 -7.66635445891677 0.530193856042305 5.742689658701
-7.66635445891677 0.530193856042305 5.742689658701 -6.72640353746313 0.530193856042305 5.67640173730025 -6.79527649563821 0.530193856042305 4.87355311603255 -7.66635445891677 0.530193856042305 4.98565174124914
-7.66635445891677 0.530193856042305 4.98565174124914 -6.79527649563821 0.530193856042305 4.87355311603255 -6.84780934389696 0.530193856042305 4.09237196054301 -7.66635445891675 0.530193856042305 4.11264344951215
-7.66635445891675 0.530193856042305 4.11264344951215 -6.84780934389696 0.530193856042305 4.09237196054301 -6.80652429142738 0.530193856042305 3.21323887238901 -7.66635445891678 0.530193856042305 3.21323887238899
-6.26130497209462 -0.104827107992807 3.21323887238903 -5.57079102166925 -0.104827107992807 3.21323887238918 -5.58631857661915 -0.104827107992807 3.82468147823692 -6.31479975458554 -0.104827107992807 3.83004600596095
-6.31479975458554 -0.104827107992807 3.83004600596095 -5.58631857661915 -0.104827107992807 3.82468147823692 -5.58185509581568 -0.104827107992807 4.44459141674978 -6.26482543424872 -0.104827107992807 4.43090342363119
-6.26482543424872 -0.104827107992807 4.43090342363119 -5.58185509581568 -0.104827107992807 4.44459141674978 -5.60661612230999 -0.104827107992807 5.12928561933859 -6.30230447672215 -0.104827107992807 5.03535096520362
-6.30230447672215 -0.104827107992807 5.03535096520362 -5.60661612230999 -0.104827107992807 5.12928561933859 -5.74351145952904 -0.104827107992807 5.79804775687148 -6.41821663061242 -0.104827107992807 5.70895532252189
-6.41821663061242 -0.104827107992807 5.70895532252189 -5.74351145952904 -0.104827107992807 5.79804775687148 -5.90661948956797 -0.104827107992678 6.4264777447778 -6.47500809343083 -0.104827107992807 6.4264777447778
-6.47500809343083 -0.104827107992807 6.4264777447778 -5.90661948956797 -0.104827107992678 6.4264777447778 -5.99346345561936 0.530193856042347 6.4264777447778 -6.75521474388504 0.530193856042305 6.4264777447778
-6.75521474388504 0.530193856042305 6.4264777447778 -5.99346345561936 0.530193856042347 6.4264777447778 -5.98086726645221 0.530193856042305 5.72214415132843 -6.72640353746313 0.530193856042305 5.67640173730025
-6.72640353746313 0.530193856042305 5.67640173730025 -5.98086726645221 0.530193856042305 5.72214415132843 -5.99836831437905 0.530193856042305 4.90023311391235 -6.79527649563821 0.530193856042305 4.87355311603255
-6.79527649563821 0.530193856042305 4.87355311603255 -5.99836831437905 0.530193856042305 4.90023311391235 -5.98154395628271 0.530193856042305 4.06006787070233 -6.84780934389696 0.530193856042305 4.09237196054301
-6.84780934389696 0.530193856042305 4.09237196054301 -5.98154395628271 0.530193856042305 4.06006787070233 -5.97773053650823 0.530193856042305 3.21323887238905 -6.80652429142738 0.530193856042305 3.21323887238901
-5.57079102166925 -0.104827107992807 3.21323887238918 -4.8869169952585 -0.104827107992807 3.21323887238922 -4.90753611735307 -0.104827107992807 3.84019055935912 -5.58631857661915 -0.104827107992807 3.82468147823692
-5.58631857661915 -0.104827107992807 3.82468147823692 -4.90753611735307 -0.104827107992807 3.84019055935912 -4.90659096209524 -0.104827107992807 4.47657833350821 -5.58185509581568 -0.104827107992807 4.44459141674978
-5.58185509581568 -0.104827107992807 4.44459141674978 -4.90659096209524 -0.104827107992807 4.47657833350821 -4.93400813140521 -0.104827107992807 5.11957396203701 -5.60661612230999 -0.104827107992807 5.12928561933859
-5.60661612230999 -0.104827107992807 5.12928561933859 -4.93400813140521 -0.104827107992807 5.11957396203701 -5.05782763728248 -0.104827107992807 5.75414073358105 -5.74351145952904 -0.104827107992807 5.79804775687148
-5.74351145952904 -0.104827107992807 5.79804775687148 -5.05782763728248 -0.104827107992807 5.75414073358105 -5.15650571521869 -0.104827107992813 6.4264777447778 -5.90661948956797 -0.104827107992678 6.4264777447778
-5.90661948956797 -0.104827107992678 6.4264777447778 -5.15650571521869 -0.104827107992813 6.4264777447778 -5.17857801717053 0.530193856042247 6.4264777447778 -5.99346345561936 0.530193856042347 6.4264777447778
-5.99346345561936 0.530193856042347 6.4264777447778 -5.17857801717053 0.530193856042247 6.4264777447778 -5.22497563105591 0.530193856042305 5.72881075023858 -5.98086726645221 0.530193856042305 5.72214415132843
-5.98086726645221 0.530193856042305 5.72214415132843 -5.22497563105591 0.530193856042305 5.72881075023858 -5.22685921105554 0.530193856042305 4.96693488685929 -5.99836831437905 0.530193856042305 4.90023311391235
-5.99836831437905 0.530193856042305 4.90023311391235 -5.22685921105554 0.530193856042305 4.96693488685929 -5.21972840165663 0.530193856042305 4.0855785556714 -5.98154395628271 0.530193856042305 4.06006787070233
-5.98154395628271 0.530193856042305 4.06006787070233 -5.21972840165663 0.530193856042305 4.0855785556714 -5.16450929026117 0.530193856042305 3.21323887238902 -5.97773053650823 0.530193856042305 3.21323887238905
-4.8869169952585 -0.104827107992807 3.21323887238922 -4.19978012158408 -0.104827107992807 3.21323887238906 -4.22477505582508 -0.104827107992807 3.8384254610169 -4.90753611735307 -0.104827107992807 3.84019055935912
-4.90753611735307 -0.104827107992807 3.84019055935912 -4.22477505582508 -0.104827107992807 3.8384254610169 -4.22730559834598 -0.104827107992807 4.47178492630094 -4.90659096209524 -0.104827107992807 4.47657833350821
-4.90659096209524 -0.104827107992807 4.47657833350821 -4.22730559834598 -0.104827107992807 4.47178492630094 -4.2757428410921 -0.104827107992807 5.15371773820169 -4.93400813140521 -0.104827107992807 5.11957396203701
-4.93400813140521 -0.104827107992807 5.11957396203701 -4.2757428410921 -0.104827107992807 5.15371773820169 -4.34194565253944 -0.104827107992807 5.82853075670099 -5.05782763728248 -0.104827107992807 5.75414073358105
-5.05782763728248 -0.104827107992807 5.75414073358105 -4.34194565253944 -0.104827107992807 5.82853075670099 -4.37161780450852 -0.104827107992808 6.4264777447778 -5.15650571521869 -0.104827107992813 6.4264777447778
-5.15650571521869 -0.104827107992813 6.4264777447778 -4.37161780450852 -0.104827107992808 6.4264777447778 -4.45082025386031 0.530193856042246 6.4264777447778 -5.17857801717053 0.530193856042247 6.4264777447778
-5.17857801717053 0.530193856042247 6.4264777447778 -4.45082025386031 0.530193856042246 6.4264777447778 -4.45120811166688 0.530193856042305 5.71915150166035 -5.22497563105591 0.530193856042305 5.72881075023858
-5.22497563105591 0.530193856042305 5.72881075023858 -4.45120811166688 0.530193856042305 5.71915150166035 -4.48692127014719 0.530193856042305 4.95379779808201 -5.22685921105554 0.530193856042305 4.96693488685929
-5.22685921105554 0.530193856042305 4.96693488685929 -4.48692127014719 0.530193856042305 4.95379779808201 -4.4385465989765 0.530193856042305 4.11282360920737 -5.21972840165663 0.530193856042305 4.0855785556714
-5.21972840165663 0.530193856042305 4.0855785556714 -4.4385465989765 0.530193856042305 4.11282360920737 -4.39312042035929 0.530193856042305 3.2132388723891 -5.16450929026117 0.530193856042305 3.21323887238902
-4.19978012158408 -0.104827107992807 3.21323887238906 -3.52140400854173 -0.104827107992807 3.21323887238838 -3.5473055280884 -0.104827107992807 3.85120051322873 -4.22477505582508 -0.104827107992807 3.8384254610169
-4.22477505582508 -0.104827107992807 3.8384254610169 -3.5473055280884 -0.104827107992807 3.85120051322873 -3.55296080685147 -0.104827107992807 4.48033732047455 -4.22730559834598 -0.104827107992807 4.47178492630094
-4.22730559834598 -0.104827107992807 4.47178492630094 -3.55296080685147 -0.104827107992807 4.48033732047455 -3.58211563207725 -0.104827107992807 5.11580622494234 -4.2757428410921 -0.104827107992807 5.15371773820169
-4.2757428410921 -0.104827107992807 5.15371773820169 -3.58211563207725 -0.104827107992807 5.11580622494234 -3.61252612792399 -0.104827107992807 5.73247094560697 -4.34194565253944 -0.104827107992807 5.82853075670099
-4.34194565253944 -0.104827107992807 5.82853075670099 -3.61252612792399 -0.104827107992807 5.73247094560697 -3.64475275516703 -0.104827107992442 6.4264777447778 -4.37161780450852 -0.104827107992808 6.4264777447778
-4.37161780450852 -0.104827107992808 6.4264777447778 -3.64475275516703 -0.104827107992442 6.4264777447778 -3.68052956337644 0.530193856042315 6.4264777447778 -4.45082025386031 0.530193856042246 6.4264777447778
-4.45082025386031 0.530193856042246 6.4264777447778 -3.68052956337644 0.530193856042315 6.4264777447778 -3.70524682179428 0.530193856042305 5.73132321568987 -4.45120811166688 0.530193856042305 5.71915150166035
-4.45120811166688 0.530193856042305 5.71915150166035 -3.70524682179428 0.530193856042305 5.73132321568987 -3.71110083901271 0.530193856042305 4.98310958403829 -4.48692127014719 0.530193856042305 4.95379779808201
-4.48692127014719 0.530193856042305 4.95379779808201 -3.71110083901271 0.530193856042305 4.98310958403829 -3.71497893655245 0.530193856042305 4.1130522414317 -4.4385465989765 0.530193856042305 4.11282360920737
-4.4385465989765 0.530193856042305 4.11282360920737 -3.71497893655245 0.530193856042305 4.1130522414317 -3.67271221044252 0.530193856042305 3.213238872389 -4.39312042035929 0.530193856042305 3.2132388723891
-3.52140400854173 -0.104827107992807 3.21323887238838 -2.83480702593866 -0.104827107992807 3.21323887238922 -2.86471704638652 -0.104827107992807 3.84352237386753 -3.5473055280884 -0.104827107992807 3.85120051322873
-3.5473055280884 -0.104827107992807 3.85120051322873 -2.86471704638652 -0.104827107992807 3.84352237386753 -2.8582341934721 -0.104827107992807 4.48162286909159 -3.55296080685147 -0.104827107992807 4.48033732047455
-3.55296080685147 -0.104827107992807 4.48033732047455 -2.8582341934721 -0.104827107992807 4.48162286909159 -2.88686882823312 -0.104827107992807 5.15854138749357 -3.58211563207725 -0.104827107992807 5.11580622494234
-3.58211563207725 -0.104827107992807 5.11580622494234 -2.88686882823312 -0.104827107992807 5.15854138749357 -2.90316194837584 -0.104827107992807 5.83107960057906 -3.61252612792399 -0.104827107992807 5.73247094560697
-3.61252612792399 -0.104827107992807 5.73247094560697 -2.90316194837584 -0.104827107992807 5.83107960057906 -2.91621463763703 -0.104827107992917 6.4264777447778 -3.64475275516703 -0.104827107992442 6.4264777447778
-3.64475275516703 -0.104827107992442 6.4264777447778 -2.91621463763703 -0.104827107992917 6.4264777447778 -2.94399546897325 0.530193856042294 6.4264777447778 -3.68052956337644 0.530193856042315 6.4264777447778
-3.68052956337644 0.530193856042315 6.4264777447778 -2.94399546897325 0.530193856042294 6.4264777447778 -2.95531773636695 0.530193856042305 5.72401285161087 -3.70524682179428 0.530193856042305 5.73132321568987
-3.70524682179428 0.530193856042305 5.73132321568987 -2.95531773636695 0.530193856042305 5.72401285161087 -2.97180466660626 0.530193856042305 4.9595151496835 -3.71110083901271 0.530193856042305 4.98310958403829
-3.71110083901271 0.530193856042305 4.98310958403829 -2.97180466660626 0.530193856042305 4.9595151496835 -2.96133010895787 0.530193856042305 4.1028311125855 -3.71497893655245 0.530193856042305 4.1130522414317
-3.71497893655245 0.530193856042305 4.1130522414317 -2.96133010895787 0.530193856042305 4.1028311125855 -2.90709180357681 0.530193856042305 3.21323887238908 -3.67271221044252 0.530193856042305 3.213238872389
-2.83480702593866 -0.104827107992807 3.21323887238922 -2.15688798514141 -0.104827107992807 3.21323887238907 -2.18304083752494 -0.104827107992807 3.8661521813917 -2.86471704638652 -0.104827107992807 3.84352237386753
-2.86471704638652 -0.104827107992807 3.84352237386753 -2.18304083752494 -0.104827107992807 3.8661521813917 -2.16796373692289 -0.104827107992807 4.48631685368943 -2.8582341934721 -0.104827107992807 4.48162286909159
-2.8582341934721 -0.104827107992807 4.48162286909159 -2.16796373692289 -0.104827107992807 4.48631685368943 -2.18096705279341 -0.104827107992807 5.11290185804812 -2.88686882823312 -0.104827107992807 5.15854138749357
-2.88686882823312 -0.104827107992807 5.15854138749357 -2.18096705279341 -0.104827107992807 5.11290185804812 -2.19207683646436 -0.104827107992807 5.72562756634571 -2.90316194837584 -0.104827107992807 5.83107960057906
-2.90316194837584 -0.104827107992807 5.83107960057906 -2.19207683646436 -0.104827107992807 5.72562756634571 -2.19389557966127 -0.104827107992427 6.4264777447778 -2.91621463763703 -0.104827107992917 6.4264777447778
-2.91621463763703 -0.104827107992917 6.4264777447778 -2.19389557966127 -0.104827107992427 6.4264777447778 -2.19800940124127 0.53019385604219 6.4264777447778 -2.94399546897325 0.530193856042294 6.4264777447778
-2.94399546897325 0.530193856042294 6.4264777447778 -2.19800940124127 0.53019385604219 6.4264777447778 -2.2149213709198 0.530193856042305 5.73336647769226 -2.95531773636695 0.530193856042305 5.72401285161087
-2.95531773636695 0.530193856042305 5.72401285161087 -2.2149213709198 0.530193856042305 5.73336647769226 -2.22768028253187 0.530193856042305 4.9821436585337 -2.97180466660626 0.530193856042305 4.9595151496835
-2.97180466660626 0.530193856042305 4.9595151496835 -2.22768028253187 0.530193856042305 4.9821436585337 -2.24100936455234 0.530193856042305 4.11913956060533 -2.96133010895787 0.530193856042305 4.1028311125855
-2.96133010895787 0.530193856042305 4.1028311125855 -2.24100936455234 0.530193856042305 4.11913956060533 -2.21268830824881 0.530193856042305 3.21323887238888 -2.90709180357681 0.530193856042305 3.21323887238908
-2.15688798514141 -0.104827107992807 3.21323887238907 -1.46120550178317 -0.104827107992807 3.21323887238867 -1.49330459060173 -0.104827107992807 3.84902131184912 -2.18304083752494 -0.104827107992807 3.8661521813917
-2.18304083752494 -0.104827107992807 3.8661521813917 -1.49330459060173 -0.104827107992807 3.84902131184912 -1.47451705022734 -0.104827107992807 4.49109768032808 -2.16796373692289 -0.104827107992807 4.48631685368943
-2.16796373692289 -0.104827107992807 4.48631685368943 -1.47451705022734 -0.104827107992807 4.49109768032808 -1.4744499922593 -0.104827107992807 5.16918536763091 -2.18096705279341 -0.104827107992807 5.11290185804812
-2.18096705279341 -0.104827107992807 5.11290185804812 -1.4744499922593 -0.104827107992807 5.16918536763091 -1.47328795635531 -0.104827107992807 5.84206445515727 -2.19207683646436 -0.104827107992807 5.72562756634571
-2.19207683646436 -0.104827107992807 5.72562756634571 -1.47328795635531 -0.104827107992807 5.84206445515727 -1.46943376299737 -0.104827107992608 6.4264777447778 -2.19389557966127 -0.104827107992427 6.4264777447778
-2.19389557966127 -0.104827107992427 6.4264777447778 -1.46943376299737 -0.104827107992608 6.4264777447778 -1.46478767474601 0.530193856042356 6.4264777447778 -2.19800940124127 0.53019385604219 6.4264777447778
-2.19800940124127 0.53019385604219 6.4264777447778 -1.46478767474601 0.530193856042356 6.4264777447778 -1.46860350432091 0.530193856042305 5.72771941965579 -2.2149213709198 0.530193856042305 5.73336647769226
-2.2149213709198 0.530193856042305 5.73336647769226 -1.46860350432091 0.530193856042305 5.72771941965579 -1.48356371323655 0.530193856042305 4.96893553089436 -2.22768028253187 0.530193856042305 4.9821436585337
-2.22768028253187 0.530193856042305 4.9821436585337 -1.48356371323655 0.530193856042305 4.96893553089436 -1.50020187236235 0.530193856042305 4.10947639321592 -2.24100936455234 0.530193856042305 4.11913956060533
-2.24100936455234 0.530193856042305 4.11913956060533 -1.50020187236235 0.530193856042305 4.10947639321592 -1.46571823423156 0.530193856042305 3.21323887238884 -2.21268830824881 0.530193856042305 3.21323887238888
-1.46120550178317 -0.104827107992807 3.21323887238867 -0.771644839610437 -0.104827107992807 3.21323887238905 -0.744503897324108 -0.104827107992807 3.83930231896736 -1.49330459060173 -0.104827107992807 3.84902131184912
-1.49330459060173 -0.104827107992807 3.84902131184912 -0.744503897324108 -0.104827107992807 3.83930231896736 -0.790168370540032 -0.104827107992807 4.49106511346393 -1.47451705022734 -0.104827107992807 4.49109768032808
-1.47451705022734 -0.104827107992807 4.49109768032808 -0.790168370540032 -0.104827107992807 4.49106511346393 -0.732377757208404 -0.104827107992807 5.14663362726868 -1.4744499922593 -0.104827107992807 5.16918536763091
-1.4744499922593 -0.104827107992807 5.16918536763091 -0.732377757208404 -0.104827107992807 5.14663362726868 -0.746929795683735 -0.104827107992807 5.74777459724649 -1.47328795635531 -0.104827107992807 5.84206445515727
-1.47328795635531 -0.104827107992807 5.84206445515727 -0.746929795683735 -0.104827107992807 5.74777459724649 -0.726320338213648 -0.104827107992651 6.4264777447778 -1.46943376299737 -0.104827107992608 6.4264777447778
-1.46943376299737 -0.104827107992608 6.4264777447778 -0.726320338213648 -0.104827107992651 6.4264777447778 -0.733261261416531 0.530193856042215 6.4264777447778 -1.46478767474601 0.530193856042356 6.4264777447778
-1.46478767474601 0.530193856042356 6.4264777447778 -0.733261261416531 0.530193856042215 6.4264777447778 -0.711150598913108 0.530193856042305 5.72392141690237 -1.46860350432091 0.530193856042305 5.72771941965579
-1.46860350432091 0.530193856042305 5.72771941965579 -0.711150598913108 0.530193856042305 5.72392141690237 -0.751802546432174 0.530193856042305 4.97076706901618 -1.48356371323655 0.530193856042305 4.96893553089436
-1.48356371323655 0.530193856042305 4.96893553089436 -0.751802546432174 0.530193856042305 4.97076706901618 -0.761556700884614 0.530193856042305 4.09863765036519 -1.50020187236235 0.530193856042305 4.10947639321592
-1.50020187236235 0.530193856042305 4.10947639321592 -0.761556700884614 0.530193856042305 4.09863765036519 -0.762625871322982 0.530193856042305 3.21323887238901 -1.46571823423156 0.530193856042305 3.21323887238884
-0.771644839610437 -0.104827107992807 3.21323887238905 0 -0.104827107992807 3.21323887238905 0 -0.104827107992807 3.84501985405845 -0.744503897324108 -0.104827107992807 3.83930231896736
-0.744503897324108 -0.104827107992807 3.83930231896736 0 -0.104827107992807 3.84501985405845 0 -0.104827107992807 4.47702932816104 -0.790168370540032 -0.104827107992807 4.49106511346393
-0.790168370540032 -0.104827107992807 4.49106511346393 0 -0.104827107992807 4.47702932816104 0 -0.104827107992807 5.15728501297994 -0.732377757208404 -0.104827107992807 5.14663362726868
-0.732377757208404 -0.104827107992807 5.14663362726868 0 -0.104827107992807 5.15728501297994 0 -0.104827107992807 5.84301411396807 -0.746929795683735 -0.104827107992807 5.74777459724649
-0.746929795683735 -0.104827107992807 5.74777459724649 0 -0.104827107992807 5.84301411396807 0 -0.104827107992707 6.4264777447778 -0.726320338213648 -0.104827107992651 6.4264777447778
-0.726320338213648 -0.104827107992651 6.4264777447778 0 -0.104827107992707 6.4264777447778 0 0.530193856042247 6.4264777447778 -0.733261261416531 0.530193856042215 6.4264777447778
-0.733261261416531 0.530193856042215 6.4264777447778 0 0.530193856042247 6.4264777447778 0 0.530193856042305 5.67315805382228 -0.711150598913108 0.530193856042305 5.72392141690237
-0.711150598913108 0.530193856042305 5.72392141690237 0 0.530193856042305 5.67315805382228 0 0.530193856042305 4.90811358529494 -0.751802546432174 0.530193856042305 4.97076706901618
-0.751802546432174 0.530193856042305 4.97076706901618 0 0.530193856042305 4.90811358529494 0 0.530193856042305 4.05385613769163 -0.761556700884614 0.530193856042305 4.09863765036519
-0.761556700884614 0.530193856042305 4.09863765036519 0 0.530193856042305 4.05385613769163 0 0.530193856042305 3.21323887238901 -0.762625871322982 0.530193856042305 3.21323887238901
0 -0.104827107992807 3.21323887238905 0.771644839610437 -0.104827107992807 3.21323887238905 0.744503897324108 -0.104827107992807 3.83930231896736 0 -0.104827107992807 3.84501985405845
0 -0.104827107992807 3.84501985405845 0.744503897324108 -0.104827107992807 3.83930231896736 0.790168370540032 -0.104827107992807 4.49106511346393 0 -0.104827107992807 4.47702932816104
0 -0.104827107992807 4.47702932816104 0.790168370540032 -0.104827107992807 4.49106511346393 0.732377757208404 -0.104827107992807 5.14663362726868 0 -0.104827107992807 5.15728501297994
0 -0.104827107992807 5.15728501297994 0.732377757208404 -0.104827107992807 5.14663362726868 0.746929795683735 -0.104827107992807 5.74777459724649 0 -0.104827107992807 5.84301411396807
0 -0.104827107992807 5.84301411396807 0.746929795683735 -0.104827107992807 5.74777459724649 0.726320338213648 -0.104827107992651 6.4264777447778 0 -0.104827107992707 6.4264777447778
0 -0.104827107992707 6.4264777447778 0.726320338213648 -0.104827107992651 6.4264777447778 0.733261261416531 0.530193856042215 6.4264777447778 0 0.530193856042247 6.4264777447778
0 0.530193856042247 6.4264777447778 0.733261261416531 0.530193856042215 6.4264777447778 0.711150598913108 0.530193856042305 5.72392141690237 0 0.530193856042305 5.67315805382228
0 0.530193856042305 5.67315805382228 0.711150598913108 0.530193856042305 5.72392141690237 0.751802546432174 0.530193856042305 4.97076706901618 0 0.530193856042305 4.90811358529494
0 0.530193856042305 4.90811358529494 0.751802546432174 0.530193856042305 4.97076706901618 0.761556700884614 0.530193856042305 4.09863765036519 0 0.530193856042305 4.05385613769163
0 0.530193856042305 4.05385613769163 0.761556700884614 0.530193856042305 4.09863765036519 0.762625871322982 0.530193856042305 3.21323887238901 0 0.530193856042305 3.21323887238901
0.771644839610437 -0.104827107992807 3.21323887238905 1.46120550178317 -0.104827107992807 3.21323887238867 1.49330459060173 -0.104827107992807 3.84902131184912 0.744503897324108 -0.104827107992807 3.83930231896736
0.744503897324108 -0.104827107992807 3.83930231896736 1.49330459060173 -0.104827107992807 3.84902131184912 1.47451705022734 -0.104827107992807 4.49109768032808 0.790168370540032 -0.104827107992807 4.49106511346393
0.790168370540032 -0.104827107992807 4.49106511346393 1.47451705022734 -0.104827107992807 4.49109768032808 1.4744499922593 -0.104827107992807 5.16918536763091 0.732377757208404 -0.104827107992807 5.14663362726868
0.732377757208404 -0.104827107992807 5.14663362726868 1.4744499922593 -0.104827107992807 5.16918536763091 1.47328795635531 -0.104827107992807 5.84206445515727 0.746929795683735 -0.104827107992807 5.74777459724649
0.746929795683735 -0.104827107992807 5.74777459724649 1.47328795635531 -0.104827107992807 5.84206445515727 1.46943376299737 -0.104827107992608 6.4264777447778 0.726320338213648 -0.104827107992651 6.4264777447778
0.726320338213648 -0.104827107992651 6.4264777447778 1.46943376299737 -0.104827107992608 6.4264777447778 1.46478767474601 0.530193856042356 6.4264777447778 0.733261261416531 0.530193856042215 6.4264777447778
0.733261261416531 0.530193856042215 6.4264777447778 1.46478767474601 0.530193856042356 6.4264777447778 1.46860350432091 0.530193856042305 5.72771941965579 0.711150598913108 0.530193856042305 5.72392141690237
0.711150598913108 0.530193856042305 5.72392141690237 1.46860350432091 0.530193856042305 5.72771941965579 1.48356371323655 0.530193856042305 4.96893553089436 0.751802546432174 0.530193856042305 4.97076706901618
0.751802546432174 0.530193856042305 4.97076706901618 1.48356371323655 0.530193856042305 4.96893553089436 1.50020187236235 0.530193856042305 4.10947639321592 0.761556700884614 0.530193856042305 4.09863765036519
0.761556700884614 0.530193856042305 4.09863765036519 1.50020187236235 0.530193856042305 4.10947639321592 1.46571823423156 0.530193856042305 3.21323887238884 0.762625871322982 0.530193856042305 3.21323887238901
1.46120550178317 -0.104827107992807 3.21323887238867 2.15688798514141 -0.104827107992807 3.21323887238907 2.18304083752494 -0.104827107992807 3.8661521813917 1.49330459060173 -0.104827107992807 3.84902131184912
1.49330459060173 -0.104827107992807 3.84902131184912 2.18304083752494 -0.104827107992807 3.8661521813917 2.16796373692289 -0.104827107992807 4.48631685368943 1.47451705022734 -0.104827107992807 4.49109768032808
1.47451705022734 -0.104827107992807 4.49109768032808 2.16796373692289 -0.104827107992807 4.48631685368943 2.18096705279341 -0.104827107992807 5.11290185804812 1.4744499922593 -0.104827107992807 5.16918536763091
1.4744499922593 -0.104827107992807 5.16918536763091 2.18096705279341 -0.104827107992807 5.11290185804812 2.19207683646436 -0.104827107992807 5.72562756634571 1.47328795635531 -0.104827107992807 5.84206445515727
1.47328795635531 -0.104827107992807 5.84206445515727 2.19207683646436 -0.104827107992807 5.72562756634571 2.19389557966127 -0.104827107992427 6.4264777447778 1.46943376299737 -0.104827107992608 6.4264777447778
1.46943376299737 -0.104827107992608 6.4264777447778 2.19389557966127 -0.104827107992427 6.4264777447778 2.19800940124127 0.53019385604219 6.4264777447778 1.46478767474601 0.530193856042356 6.4264777447778
1.46478767474601 0.530193856042356 6.4264777447778 2.19800940124127 0.53019385604219 6.4264777447778 2.2149213709198 0.530193856042305 5.73336647769226 1.46860350432091 0.530193856042305 5.72771941965579
1.46860350432091 0.530193856042305 5.72771941965579 2.2149213709198 0.530193856042305 5.73336647769226 2.22768028253187 0.530193856042305 4.9821436585337 1.48356371323655 0.530193856042305 4.96893553089436
1.48356371323655 0.530193856042305 4.96893553089436 2.22768028253187 0.530193856042305 4.9821436585337 2.24100936455234 0.530193856042305 4.11913956060533 1.50020187236235 0.530193856042305 4.10947639321592
1.50020187236235 0.530193856042305 4.10947639321592 2.24100936455234 0.530193856042305 4.11913956060533 2.21268830824881 0.530193856042305 3.21323887238888 1.46571823423156 0.530193856042305 3.21323887238884
2.15688798514141 -0.104827107992807 3.21323887238907 2.83480702593866 -0.104827107992807 3.21323887238922 2.86471704638652 -0.104827107992807 3.84352237386753 2.18304083752494 -0.104827107992807 3.8661521813917
2.18304083752494 -0.104827107992807 3.8661521813917 2.86471704638652 -0.104827107992807 3.84352237386753 2.8582341934721 -0.104827107992807 4.48162286909159 2.16796373692289 -0.104827107992807 4.48631685368943
2.16796373692289 -0.104827107992807 4.48631685368943 2.8582341934721 -0.104827107992807 4.48162286909159 2.88686882823312 -0.104827107992807 5.15854138749357 2.18096705279341 -0.104827107992807 5.11290185804812
2.18096705279341 -0.104827107992807 5.11290185804812 2.88686882823312 -0.104827107992807 5.15854138749357 2.90316194837584 -0.104827107992807 5.83107960057906 2.19207683646436 -0.104827107992807 5.72562756634571
2.19207683646436 -0.104827107992807 5.72562756634571 2.90316194837584 -0.104827107992807 5.83107960057906 2.91621463763703 -0.104827107992917 6.4264777447778 2.19389557966127 -0.104827107992427 6.4264777447778
2.19389557966127 -0.104827107992427 6.4264777447778 2.91621463763703 -0.104827107992917 6.4264777447778 2.94399546897325 0.530193856042294 6.4264777447778 2.19800940124127 0.53019385604219 6.4264777447778
2.19800940124127 0.53019385604219 6.4264777447778 2.94399546897325 0.530193856042294 6.4264777447778 2.95531773636695 0.530193856042305 5.72401285161087 2.2149213709198 0.530193856042305 5.73336647769226
2.2149213709198 0.530193856042305 5.73336647769226 2.95531773636695 0.530193856042305 5.72401285161087 2.97180466660626 0.530193856042305 4.9595151496835 2.22768028253187 0.530193856042305 4.9821436585337
2.22768028253187 0.530193856042305 4.9821436585337 2.97180466660626 0.530193856042305 4.9595151496835 2.96133010895787 0.530193856042305 4.1028311125855 2.24100936455234 0.530193856042305 4.11913956060533
2.24100936455234 0.530193856042305 4.11913956060533 2.96133010895787 0.530193856042305 4.1028311125855 2.90709180357681 0.530193856042305 3.21323887238908 2.21268830824881 0.530193856042305 3.21323887238888
2.83480702593866 -0.104827107992807 3.21323887238922 3.52140400854173 -0.104827107992807 3.21323887238838 3.5473055280884 -0.104827107992807 3.85120051322873 2.86471704638652 -0.104827107992807 3.84352237386753
2.86471704638652 -0.104827107992807 3.84352237386753 3.5473055280884 -0.104827107992807 3.85120051322873 3.55296080685147 -0.104827107992807 4.48033732047455 2.8582341934721 -0.104827107992807 4.48162286909159
2.8582341934721 -0.104827107992807 4.48162286909159 3.55296080685147 -0.104827107992807 4.48033732047455 3.58211563207725 -0.104827107992807 5.11580622494234 2.88686882823312 -0.104827107992807 5.15854138749357
2.88686882823312 -0.104827107992807 5.15854138749357 3.58211563207725 -0.104827107992807 5.11580622494234 3.61252612792399 -0.104827107992807 5.73247094560697 2.90316194837584 -0.104827107992807 5.83107960057906
2.90316194837584 -0.104827107992807 5.83107960057906 3.61252612792399 -0.104827107992807 5.73247094560697 3.64475275516703 -0.104827107992442 6.4264777447778 2.91621463763703 -0.104827107992917 6.4264777447778
2.91621463763703 -0.104827107992917 6.4264777447778 3.64475275516703 -0.104827107992442 6.4264777447778 3.68052956337644 0.530193856042315 6.4264777447778 2.94399546897325 0.530193856042294 6.4264777447778
2.94399546897325 0.530193856042294 6.4264777447778 3.68052956337644 0.530193856042315 6.4264777447778 3.70524682179428 0.530193856042305 5.73132321568987 2.95531773636695 0.530193856042305 5.72401285161087
2.95531773636695 0.530193856042305 5.72401285161087 3.70524682179428 0.530193856042305 5.73132321568987 3.71110083901271 0.530193856042305 4.98310958403829 2.97180466660626 0.530193856042305 4.9595151496835
2.97180466660626 0.530193856042305 4.9595151496835 3.71110083901271 0.530193856042305 4.98310958403829 3.71497893655245 0.530193856042305 4.1130522414317 2.96133010895787 0.530193856042305 4.1028311125855
2.96133010895787 0.530193856042305 4.1028311125855 3.71497893655245 0.530193856042305 4.1130522414317 3.67271221044252 0.530193856042305 3.213238872389 2.90709180357681 0.530193856042305 3.21323887238908
3.52140400854173 -0.104827107992807 3.21323887238838 4.19978012158408 -0.104827107992807 3.21323887238906 4.22477505582508 -0.104827107992807 3.8384254610169 3.5473055280884 -0.104827107992807 3.85120051322873
3.5473055280884 -0.104827107992807 3.85120051322873 4.22477505582508 -0.104827107992807 3.8384254610169 4.22730559834598 -0.104827107992807 4.47178492630094 3.55296080685147 -0.104827107992807 4.48033732047455
3.55296080685147 -0.104827107992807 4.48033732047455 4.22730559834598 -0.104827107992807 4.47178492630094 4.2757428410921 -0.104827107992807 5.15371773820169 3.58211563207725 -0.104827107992807 5.11580622494234
3.58211563207725 -0.104827107992807 5.11580622494234 4.2757428410921 -0.104827107992807 5.15371773820169 4.34194565253944 -0.104827107992807 5.82853075670099 3.61252612792399 -0.104827107992807 5.73247094560697
3.61252612792399 -0.104827107992807 5.73247094560697 4.34194565253944 -0.104827107992807 5.82853075670099 4.37161780450852 -0.104827107992808 6.4264777447778 3.64475275516703 -0.104827107992442 6.4264777447778
3.64475275516703 -0.104827107992442 6.4264777447778 4.37161780450852 -0.104827107992808 6.4264777447778 4.45082025386031 0.530193856042246 6.4264777447778 3.68052956337644 0.530193856042315 6.4264777447778
3.68052956337644 0.530193856042315 6.4264777447778 4.45082025386031 0.530193856042246 6.4264777447778 4.45120811166688 0.530193856042305 5.71915150166035 3.70524682179428 0.530193856042305 5.73132321568987
3.70524682179428 0.530193856042305 5.73132321568987 4.45120811166688 0.530193856042305 5.71915150166035 4.48692127014719 0.530193856042305 4.95379779808201 3.71110083901271 0.530193856042305 4.98310958403829
3.71110083901271 0.530193856042305 4.98310958403829 4.48692127014719 0.530193856042305 4.95379779808201 4.4385465989765 0.530193856042305 4.11282360920737 3.71497893655245 0.530193856042305 4.1130522414317
3.71497893655245 0.530193856042305 4.1130522414317 4.4385465989765 0.530193856042305 4.11282360920737 4.39312042035929 0.530193856042305 3.2132388723891 3.67271221044252 0.530193856042305 3.213238872389
4.19978012158408 -0.104827107992807 3.21323887238906 4.8869169952585 -0.104827107992807 3.21323887238922 4.90753611735307 -0.104827107992807 3.84019055935912 4.22477505582508 -0.104827107992807 3.8384254610169
4.22477505582508 -0.104827107992807 3.8384254610169 4.90753611735307 -0.104827107992807 3.84019055935912 4.90659096209524 -0.104827107992807 4.47657833350821 4.22730559834598 -0.104827107992807 4.47178492630094
4.22730559834598 -0.104827107992807 4.47178492630094 4.90659096209524 -0.104827107992807 4.47657833350821 4.93400813140521 -0.104827107992807 5.11957396203701 4.2757428410921 -0.104827107992807 5.15371773820169
4.2757428410921 -0.104827107992807 5.15371773820169 4.93400813140521 -0.104827107992807 5.11957396203701 5.05782763728248 -0.104827107992807 5.75414073358105 4.34194565253944 -0.104827107992807 5.82853075670099
4.34194565253944 -0.104827107992807 5.82853075670099 5.05782763728248 -0.104827107992807 5.75414073358105 5.15650571521869 -0.104827107992813 6.4264777447778 4.37161780450852 -0.104827107992808 6.4264777447778
4.37161780450852 -0.104827107992808 6.4264777447778 5.15650571521869 -0.104827107992813 6.4264777447778 5.17857801717053 0.530193856042247 6.4264777447778 4.45082025386031 0.530193856042246 6.4264777447778
4.45082025386031 0.530193856042246 6.4264777447778 5.17857801717053 0.530193856042247 6.4264777447778 5.22497563105591 0.530193856042305 5.72881075023858 4.45120811166688 0.530193856042305 5.71915150166035
4.45120811166688 0.530193856042305 5.71915150166035 5.22497563105591 0.530193856042305 5.72881075023858 5.22685921105554 0.530193856042305 4.96693488685929 4.48692127014719 0.530193856042305 4.95379779808201
4.48692127014719 0.530193856042305 4.95379779808201 5.22685921105554 0.530193856042305 4.96693488685929 5.21972840165663 0.530193856042305 4.0855785556714 4.4385465989765 0.530193856042305 4.11282360920737
4.4385465989765 0.530193856042305 4.11282360920737 5.21972840165663 0.530193856042305 4.0855785556714 5.16450929026117 0.530193856042305 3.21323887238902 4.39312042035929 0.530193856042305 3.2132388723891
4.8869169952585 -0.104827107992807 3.21323887238922 5.57079102166925 -0.104827107992807 3.21323887238918 5.58631857661915 -0.104827107992807 3.82468147823692 4.90753611735307 -0.104827107992807 3.84019055935912
4.90753611735307 -0.104827107992807 3.84019055935912 5.58631857661915 -0.104827107992807 3.82468147823692 5.58185509581568 -0.104827107992807 4.44459141674978 4.90659096209524 -0.104827107992807 4.47657833350821
4.90659096209524 -0.104827107992807 4.47657833350821 5.58185509581568 -0.104827107992807 4.44459141674978 5.60661612230999 -0.104827107992807 5.12928561933859 4.93400813140521 -0.104827107992807 5.11957396203701
4.93400813140521 -0.104827107992807 5.11957396203701 5.60661612230999 -0.104827107992807 5.12928561933859 5.74351145952904 -0.104827107992807 5.79804775687148 5.05782763728248 -0.104827107992807 5.75414073358105
5.05782763728248 -0.104827107992807 5.75414073358105 5.74351145952904 -0.104827107992807 5.79804775687148 5.90661948956797 -0.104827107992678 6.4264777447778 5.15650571521869 -0.104827107992813 6.4264777447778
5.15650571521869 -0.104827107992813 6.4264777447778 5.90661948956797 -0.104827107992678 6.4264777447778 5.99346345561936 0.530193856042347 6.4264777447778 5.17857801717053 0.530193856042247 6.4264777447778
5.17857801717053 0.530193856042247 6.4264777447778 5.99346345561936 0.530193856042347 6.4264777447778 5.98086726645221 0.530193856042305 5.72214415132843 5.22497563105591 0.530193856042305 5.72881075023858
5.22497563105591 0.530193856042305 5.72881075023858 5.98086726645221 0.530193856042305 5.72214415132843 5.99836831437905 0.530193856042305 4.90023311391235 5.22685921105554 0.530193856042305 4.96693488685929
5.22685921105554 0.530193856042305 4.96693488685929 5.99836831437905 0.530193856042305 4.90023311391235 5.98154395628271 0.530193856042305 4.06006787070233 5.21972840165663 0.530193856042305 4.0855785556714
5.21972840165663 0.530193856042305 4.0855785556714 5.98154395628271 0.530193856042305 4.06006787070233 5.97773053650823 0.530193856042305 3.21323887238905 5.16450929026117 0.530193856042305 3.21323887238902
5.57079102166925 -0.104827107992807 3.21323887238918 6.26130497209462 -0.104827107992807 3.21323887238903 6.31479975458554 -0.104827107992807 3.83004600596095 5.58631857661915 -0.104827107992807 3.82468147823692
5.58631857661915 -0.104827107992807 3.82468147823692 6.31479975458554 -0.104827107992807 3.83004600596095 6.26482543424872 -0.104827107992807 4.43090342363119 5.58185509581568 -0.104827107992807 4.44459141674978
5.58185509581568 -0.104827107992807 4.44459141674978 6.26482543424872 -0.104827107992807 4.43090342363119 6.30230447672215 -0.104827107992807 5.03535096520362 5.60661612230999 -0.104827107992807 5.12928561933859
5.60661612230999 -0.104827107992807 5.12928561933859 6.30230447672215 -0.104827107992807 5.03535096520362 6.41821663061242 -0.104827107992807 5.70895532252189 5.74351145952904 -0.104827107992807 5.79804775687148
5.74351145952904 -0.104827107992807 5.79804775687148 6.41821663061242 -0.104827107992807 5.70895532252189 6.47500809343083 -0.104827107992807 6.4264777447778 5.90661948956797 -0.104827107992678 6.4264777447778
5.90661948956797 -0.104827107992678 6.4264777447778 6.47500809343083 -0.104827107992807 6.4264777447778 6.75521474388504 0.530193856042305 6.4264777447778 5.99346345561936 0.530193856042347 6.4264777447778
5.99346345561936 0.530193856042347 6.4264777447778 6.75521474388504 0.530193856042305 6.4264777447778 6.72640353746313 0.530193856042305 5.67640173730025 5.98086726645221 0.530193856042305 5.72214415132843
5.98086726645221 0.530193856042305 5.72214415132843 6.72640353746313 0.530193856042305 5.67640173730025 6.79527649563821 0.530193856042305 4.87355311603255 5.99836831437905 0.530193856042305 4.90023311391235
5.99836831437905 0.530193856042305 4.90023311391235 6.79527649563821 0.530193856042305 4.87355311603255 6.84780934389696 0.530193856042305 4.09237196054301 5.98154395628271 0.530193856042305 4.06006787070233
5.98154395628271 0.530193856042305 4.06006787070233 6.84780934389696 0.530193856042305 4.09237196054301 6.80652429142738 0.530193856042305 3.21323887238901 5.97773053650823 0.530193856042305 3.21323887238905
6.26130497209462 -0.104827107992807 3.21323887238903 7.0313334948817 -0.104827107992807 3.21323887238904 7.03133349488168 -0.104827107992807 3.79660888106411 6.31479975458554 -0.104827107992807 3.83004600596095
6.31479975458554 -0.104827107992807 3.83004600596095 7.03133349488168 -0.104827107992807 3.79660888106411 7.03133349488168 -0.104827107992807 4.38663890143597 6.26482543424872 -0.104827107992807 4.43090342363119
6.26482543424872 -0.104827107992807 4.43090342363119 7.03133349488168 -0.104827107992807 4.38663890143597 7.03133349488168 -0.104827107992807 4.88675306752249 6.30230447672215 -0.104827107992807 5.03535096520362
6.30230447672215 -0.104827107992807 5.03535096520362 7.03133349488168 -0.104827107992807 4.88675306752249 7.0313334948817 -0.104827107992807 5.52618181146082 6.41821663061242 -0.104827107992807 5.70895532252189
6.41821663061242 -0.104827107992807 5.70895532252189 7.0313334948817 -0.104827107992807 5.52618181146082 7.03133349488176 -0.104827107992741 6.4264777447778 6.47500809343083 -0.104827107992807 6.4264777447778
6.47500809343083 -0.104827107992807 6.4264777447778 7.03133349488176 -0.104827107992741 6.4264777447778 7.66635445891677 0.530193856042217 6.4264777447778 6.75521474388504 0.530193856042305 6.4264777447778
6.75521474388504 0.530193856042305 6.4264777447778 7.66635445891677 0.530193856042217 6.4264777447778 7.66635445891677 0.530193856042305 5.742689658701 6.72640353746313 0.530193856042305 5.67640173730025
6.72640353746313 0.530193856042305 5.67640173730025 7.66635445891677 0.530193856042305 5.742689658701 7.66635445891677 0.530193856042305 4.98565174124914 6.79527649563821 0.530193856042305 4.87355311603255
6.79527649563821 0.530193856042305 4.87355311603255 7.66635445891677 0.530193856042305 4.98565174124914 7.66635445891675 0.530193856042305 4.11264344951215 6.84780934389696 0.530193856042305 4.09237196054301
6.84780934389696 0.530193856042305 4.09237196054301 7.66635445891675 0.530193856042305 4.11264344951215 7.66635445891678 0.530193856042305 3.21323887238899 6.80652429142738 0.530193856042305 3.21323887238901
-7.0313334948817 -0.104827107992807 3.21323887238875 -7.03133349488168 -0.104827107992807 2.62986886371369 -6.31479975458554 -0.104827107992807 2.59643173881684 -6.26130497209462 -0.104827107992807 3.21323887238877
-7.03133349488168 -0.104827107992807 2.62986886371369 -7.03133349488168 -0.104827107992807 2.03983884334182 -6.26482543424872 -0.104827107992807 1.99557432114661 -6.31479975458554 -0.104827107992807 2.59643173881684
-7.03133349488168 -0.104827107992807 2.03983884334182 -7.03133349488168 -0.104827107992807 1.53972467725531 -6.30230447672215 -0.104827107992807 1.39112677957417 -6.26482543424872 -0.104827107992807 1.99557432114661
-7.03133349488168 -0.104827107992807 1.53972467725531 -7.0313334948817 -0.104827107992807 0.900295933316981 -6.41821663061242 -0.104827107992807 0.717522422255904 -6.30230447672215 -0.104827107992807 1.39112677957417
-7.0313334948817 -0.104827107992807 0.900295933316981 -7.03133349488176 -0.104827107992741 0 -6.47500809343083 -0.104827107992807 0 -6.41821663061242 -0.104827107992807 0.717522422255904
-7.03133349488176 -0.104827107992741 0 -7.66635445891677 0.530193856042217 0 -6.75521474388504 0.530193856042305 0 -6.47500809343083 -0.104827107992807 0
-7.66635445891677 0.530193856042217 0 -7.66635445891677 0.530193856042305 0.683788086076794 -6.72640353746313 0.530193856042305 0.750076007477547 -6.75521474388504 0.530193856042305 0
-7.66635445891677 0.530193856042305 0.683788086076794 -7.66635445891677 0.530193856042305 1.44082600352866 -6.79527649563821 0.530193856042305 1.55292462874525 -6.72640353746313 0.530193856042305 0.750076007477547
-7.66635445891677 0.530193856042305 1.44082600352866 -7.66635445891675 0.530193856042305 2.31383429526565 -6.84780934389696 0.530193856042305 2.33410578423479 -6.79527649563821 0.530193856042305 1.55292462874525
-7.66635445891675 0.530193856042305 2.31383429526565 -7.66635445891678 0.530193856042305 3.21323887238881 -6.80652429142738 0.530193856042305 3.21323887238879 -6.84780934389696 0.530193856042305 2.33410578423479
-6.26130497209462 -0.104827107992807 3.21323887238877 -6.31479975458554 -0.104827107992807 2.59643173881684 -5.58631857661915 -0.104827107992807 2.60179626654087 -5.57079102166925 -0.104827107992807 3.21323887238862
-6.31479975458554 -0.104827107992807 2.59643173881684 -6.26482543424872 -0.104827107992807 1.99557432114661 -5.58185509581568 -0.104827107992807 1.98188632802801 -5.58631857661915 -0.104827107992807 2.60179626654087
-6.26482543424872 -0.104827107992807 1.99557432114661 -6.30230447672215 -0.104827107992807 1.39112677957417 -5.60661612230999 -0.104827107992807 1.29719212543921 -5.58185509581568 -0.104827107992807 1.98188632802801
-6.30230447672215 -0.104827107992807 1.39112677957417 -6.41821663061242 -0.104827107992807 0.717522422255904 -5.74351145952904 -0.104827107992807 0.628429987906314 -5.60661612230999 -0.104827107992807 1.29719212543921
-6.41821663061242 -0.104827107992807 0.717522422255904 -6.47500809343083 -0.104827107992807 0 -5.90661948956797 -0.104827107992678 0 -5.74351145952904 -0.104827107992807 0.628429987906314
-6.47500809343083 -0.104827107992807 0 -6.75521474388504 0.530193856042305 0 -5.99346345561936 0.530193856042347 0 -5.90661948956797 -0.104827107992678 0
-6.75521474388504 0.530193856042305 0 -6.72640353746313 0.530193856042305 0.750076007477547 -5.98086726645221 0.530193856042305 0.704333593449367 -5.99346345561936 0.530193856042347 0
-6.72640353746313 0.530193856042305 0.750076007477547 -6.79527649563821 0.530193856042305 1.55292462874525 -5.99836831437905 0.530193856042305 1.52624463086545 -5.98086726645221 0.530193856042305 0.704333593449367
-6.79527649563821 0.530193856042305 1.55292462874525 -6.84780934389696 0.530193856042305 2.33410578423479 -5.98154395628271 0.530193856042305 2.36640987407547 -5.99836831437905 0.530193856042305 1.52624463086545
-6.84780934389696 0.530193856042305 2.33410578423479 -6.80652429142738 0.530193856042305 3.21323887238879 -5.97773053650823 0.530193856042305 3.21323887238875 -5.98154395628271 0.530193856042305 2.36640987407547
-5.57079102166925 -0.104827107992807 3.21323887238862 -5.58631857661915 -0.104827107992807 2.60179626654087 -4.90753611735307 -0.104827107992807 2.58628718541868 -4.8869169952585 -0.104827107992807 3.21323887238858
-5.58631857661915 -0.104827107992807 2.60179626654087 -5.58185509581568 -0.104827107992807 1.98188632802801 -4.90659096209524 -0.104827107992807 1.94989941126959 -4.90753611735307 -0.104827107992807 2.58628718541868
-5.58185509581568 -0.104827107992807 1.98188632802801 -5.60661612230999 -0.104827107992807 1.29719212543921 -4.93400813140521 -0.104827107992807 1.30690378274079 -4.90659096209524 -0.104827107992807 1.94989941126959
-5.60661612230999 -0.104827107992807 1.29719212543921 -5.74351145952904 -0.104827107992807 0.628429987906314 -5.05782763728248 -0.104827107992807 0.672337011196746 -4.93400813140521 -0.104827107992807 1.30690378274079
-5.74351145952904 -0.104827107992807 0.628429987906314 -5.90661948956797 -0.104827107992678 0 -5.15650571521869 -0.104827107992813 0 -5.05782763728248 -0.104827107992807 0.672337011196746
-5.90661948956797 -0.104827107992678 0 -5.99346345561936 0.530193856042347 0 -5.17857801717053 0.530193856042247 0 -5.15650571521869 -0.104827107992813 0
-5.99346345561936 0.530193856042347 0 -5.98086726645221 0.530193856042305 0.704333593449367 -5.22497563105591 0.530193856042305 0.697666994539219 -5.17857801717053 0.530193856042247 0
-5.98086726645221 0.530193856042305 0.704333593449367 -5.99836831437905 0.530193856042305 1.52624463086545 -5.22685921105554 0.530193856042305 1.4595428579185 -5.22497563105591 0.530193856042305 0.697666994539219
-5.99836831437905 0.530193856042305 1.52624463086545 -5.98154395628271 0.530193856042305 2.36640987407547 -5.21972840165663 0.530193856042305 2.3408991891064 -5.22685921105554 0.530193856042305 1.4595428579185
-5.98154395628271 0.530193856042305 2.36640987407547 -5.97773053650823 0.530193856042305 3.21323887238875 -5.16450929026117 0.530193856042305 3.21323887238878 -5.21972840165663 0.530193856042305 2.3408991891064
-4.8869169952585 -0.104827107992807 3.21323887238858 -4.90753611735307 -0.104827107992807 2.58628718541868 -4.22477505582508 -0.104827107992807 2.58805228376089 -4.19978012158408 -0.104827107992807 3.21323887238874
-4.90753611735307 -0.104827107992807 2.58628718541868 -4.90659096209524 -0.104827107992807 1.94989941126959 -4.22730559834598 -0.104827107992807 1.95469281847686 -4.22477505582508 -0.104827107992807 2.58805228376089
-4.90659096209524 -0.104827107992807 1.94989941126959 -4.93400813140521 -0.104827107992807 1.30690378274079 -4.2757428410921 -0.104827107992807 1.27276000657611 -4.22730559834598 -0.104827107992807 1.95469281847686
-4.93400813140521 -0.104827107992807 1.30690378274079 -5.05782763728248 -0.104827107992807 0.672337011196746 -4.34194565253944 -0.104827107992807 0.597946988076807 -4.2757428410921 -0.104827107992807 1.27276000657611
-5.05782763728248 -0.104827107992807 0.672337011196746 -5.15650571521869 -0.104827107992813 0 -4.37161780450852 -0.104827107992808 0 -4.34194565253944 -0.104827107992807 0.597946988076807
-5.15650571521869 -0.104827107992813 0 -5.17857801717053 0.530193856042247 0 -4.45082025386031 0.530193856042246 0 -4.37161780450852 -0.104827107992808 0
-5.17857801717053 0.530193856042247 0 -5.22497563105591 0.530193856042305 0.697666994539219 -4.45120811166688 0.530193856042305 0.707326243117446 -4.45082025386031 0.530193856042246 0
-5.22497563105591 0.530193856042305 0.697666994539219 -5.22685921105554 0.530193856042305 1.4595428579185 -4.48692127014719 0.530193856042305 1.47267994669579 -4.45120811166688 0.530193856042305 0.707326243117446
-5.22685921105554 0.530193856042305 1.4595428579185 -5.21972840165663 0.530193856042305 2.3408991891064 -4.4385465989765 0.530193856042305 2.31365413557043 -4.48692127014719 0.530193856042305 1.47267994669579
-5.21972840165663 0.530193856042305 2.3408991891064 -5.16450929026117 0.530193856042305 3.21323887238878 -4.39312042035929 0.530193856042305 3.2132388723887 -4.4385465989765 0.530193856042305 2.31365413557043
-4.19978012158408 -0.104827107992807 3.21323887238874 -4.22477505582508 -0.104827107992807 2.58805228376089 -3.5473055280884 -0.104827107992807 2.57527723154907 -3.52140400854173 -0.104827107992807 3.21323887238942
-4.22477505582508 -0.104827107992807 2.58805228376089 -4.22730559834598 -0.104827107992807 1.95469281847686 -3.55296080685147 -0.104827107992807 1.94614042430324 -3.5473055280884 -0.104827107992807 2.57527723154907
-4.22730559834598 -0.104827107992807 1.95469281847686 -4.2757428410921 -0.104827107992807 1.27276000657611 -3.58211563207725 -0.104827107992807 1.31067151983546 -3.55296080685147 -0.104827107992807 1.94614042430324
-4.2757428410921 -0.104827107992807 1.27276000657611 -4.34194565253944 -0.104827107992807 0.597946988076807 -3.61252612792399 -0.104827107992807 0.694006799170831 -3.58211563207725 -0.104827107992807 1.31067151983546
-4.34194565253944 -0.104827107992807 0.597946988076807 -4.37161780450852 -0.104827107992808 0 -3.64475275516703 -0.104827107992442 0 -3.61252612792399 -0.104827107992807 0.694006799170831
-4.37161780450852 -0.104827107992808 0 -4.45082025386031 0.530193856042246 0 -3.68052956337644 0.530193856042315 0 -3.64475275516703 -0.104827107992442 0
-4.45082025386031 0.530193856042246 0 -4.45120811166688 0.530193856042305 0.707326243117446 -3.70524682179428 0.530193856042305 0.695154529087931 -3.68052956337644 0.530193856042315 0
-4.45120811166688 0.530193856042305 0.707326243117446 -4.48692127014719 0.530193856042305 1.47267994669579 -3.71110083901271 0.530193856042305 1.44336816073951 -3.70524682179428 0.530193856042305 0.695154529087931
-4.48692127014719 0.530193856042305 1.47267994669579 -4.4385465989765 0.530193856042305 2.31365413557043 -3.71497893655245 0.530193856042305 2.3134255033461 -3.71110083901271 0.530193856042305 1.44336816073951
-4.4385465989765 0.530193856042305 2.31365413557043 -4.39312042035929 0.530193856042305 3.2132388723887 -3.67271221044252 0.530193856042305 3.2132388723888 -3.71497893655245 0.530193856042305 2.3134255033461
-3.52140400854173 -0.104827107992807 3.21323887238942 -3.5473055280884 -0.104827107992807 2.57527723154907 -2.86471704638652 -0.104827107992807 2.58295537091026 -2.83480702593866 -0.104827107992807 3.21323887238858
-3.5473055280884 -0.104827107992807 2.57527723154907 -3.55296080685147 -0.104827107992807 1.94614042430324 -2.8582341934721 -0.104827107992807 1.94485487568621 -2.86471704638652 -0.104827107992807 2.58295537091026
-3.55296080685147 -0.104827107992807 1.94614042430324 -3.58211563207725 -0.104827107992807 1.31067151983546 -2.88686882823312 -0.104827107992807 1.26793635728423 -2.8582341934721 -0.104827107992807 1.94485487568621
-3.58211563207725 -0.104827107992807 1.31067151983546 -3.61252612792399 -0.104827107992807 0.694006799170831 -2.90316194837584 -0.104827107992807 0.595398144198741 -2.88686882823312 -0.104827107992807 1.26793635728423
-3.61252612792399 -0.104827107992807 0.694006799170831 -3.64475275516703 -0.104827107992442 0 -2.91621463763703 -0.104827107992917 0 -2.90316194837584 -0.104827107992807 0.595398144198741
-3.64475275516703 -0.104827107992442 0 -3.68052956337644 0.530193856042315 0 -2.94399546897325 0.530193856042294 0 -2.91621463763703 -0.104827107992917 0
-3.68052956337644 0.530193856042315 0 -3.70524682179428 0.530193856042305 0.695154529087931 -2.95531773636695 0.530193856042305 0.702464893166931 -2.94399546897325 0.530193856042294 0
-3.70524682179428 0.530193856042305 0.695154529087931 -3.71110083901271 0.530193856042305 1.44336816073951 -2.97180466660626 0.530193856042305 1.4669625950943 -2.95531773636695 0.530193856042305 0.702464893166931
-3.71110083901271 0.530193856042305 1.44336816073951 -3.71497893655245 0.530193856042305 2.3134255033461 -2.96133010895787 0.530193856042305 2.32364663219229 -2.97180466660626 0.530193856042305 1.4669625950943
-3.71497893655245 0.530193856042305 2.3134255033461 -3.67271221044252 0.530193856042305 3.2132388723888 -2.90709180357681 0.530193856042305 3.21323887238872 -2.96133010895787 0.530193856042305 2.32364663219229
-2.83480702593866 -0.104827107992807 3.21323887238858 -2.86471704638652 -0.104827107992807 2.58295537091026 -2.18304083752494 -0.104827107992807 2.5603255633861 -2.15688798514141 -0.104827107992807 3.21323887238873
-2.86471704638652 -0.104827107992807 2.58295537091026 -2.8582341934721 -0.104827107992807 1.94485487568621 -2.16796373692289 -0.104827107992807 1.94016089108837 -2.18304083752494 -0.104827107992807 2.5603255633861
-2.8582341934721 -0.104827107992807 1.94485487568621 -2.88686882823312 -0.104827107992807 1.26793635728423 -2.18096705279341 -0.104827107992807 1.31357588672967 -2.16796373692289 -0.104827107992807 1.94016089108837
-2.88686882823312 -0.104827107992807 1.26793635728423 -2.90316194837584 -0.104827107992807 0.595398144198741 -2.19207683646436 -0.104827107992807 0.700850178432083 -2.18096705279341 -0.104827107992807 1.31357588672967
-2.90316194837584 -0.104827107992807 0.595398144198741 -2.91621463763703 -0.104827107992917 0 -2.19389557966127 -0.104827107992427 0 -2.19207683646436 -0.104827107992807 0.700850178432083
-2.91621463763703 -0.104827107992917 0 -2.94399546897325 0.530193856042294 0 -2.19800940124127 0.53019385604219 0 -2.19389557966127 -0.104827107992427 0
-2.94399546897325 0.530193856042294 0 -2.95531773636695 0.530193856042305 0.702464893166931 -2.2149213709198 0.530193856042305 0.693111267085535 -2.19800940124127 0.53019385604219 0
-2.95531773636695 0.530193856042305 0.702464893166931 -2.97180466660626 0.530193856042305 1.4669625950943 -2.22768028253187 0.530193856042305 1.44433408624409 -2.2149213709198 0.530193856042305 0.693111267085535
-2.97180466660626 0.530193856042305 1.4669625950943 -2.96133010895787 0.530193856042305 2.32364663219229 -2.24100936455234 0.530193856042305 2.30733818417247 -2.22768028253187 0.530193856042305 1.44433408624409
-2.96133010895787 0.530193856042305 2.32364663219229 -2.90709180357681 0.530193856042305 3.21323887238872 -2.21268830824881 0.530193856042305 3.21323887238891 -2.24100936455234 0.530193856042305 2.30733818417247
-2.15688798514141 -0.104827107992807 3.21323887238873 -2.18304083752494 -0.104827107992807 2.5603255633861 -1.49330459060173 -0.104827107992807 2.57745643292868 -1.46120550178317 -0.104827107992807 3.21323887238913
-2.18304083752494 -0.104827107992807 2.5603255633861 -2.16796373692289 -0.104827107992807 1.94016089108837 -1.47451705022734 -0.104827107992807 1.93538006444972 -1.49330459060173 -0.104827107992807 2.57745643292868
-2.16796373692289 -0.104827107992807 1.94016089108837 -2.18096705279341 -0.104827107992807 1.31357588672967 -1.4744499922593 -0.104827107992807 1.25729237714689 -1.47451705022734 -0.104827107992807 1.93538006444972
-2.18096705279341 -0.104827107992807 1.31357588672967 -2.19207683646436 -0.104827107992807 0.700850178432083 -1.47328795635531 -0.104827107992807 0.584413289620526 -1.4744499922593 -0.104827107992807 1.25729237714689
-2.19207683646436 -0.104827107992807 0.700850178432083 -2.19389557966127 -0.104827107992427 0 -1.46943376299737 -0.104827107992608 0 -1.47328795635531 -0.104827107992807 0.584413289620526
-2.19389557966127 -0.104827107992427 0 -2.19800940124127 0.53019385604219 0 -1.46478767474601 0.530193856042356 0 -1.46943376299737 -0.104827107992608 0
-2.19800940124127 0.53019385604219 0 -2.2149213709198 0.530193856042305 0.693111267085535 -1.46860350432091 0.530193856042305 0.698758325122007 -1.46478767474601 0.530193856042356 0
-2.2149213709198 0.530193856042305 0.693111267085535 -2.22768028253187 0.530193856042305 1.44433408624409 -1.48356371323655 0.530193856042305 1.45754221388344 -1.46860350432091 0.530193856042305 0.698758325122007
-2.22768028253187 0.530193856042305 1.44433408624409 -2.24100936455234 0.530193856042305 2.30733818417247 -1.50020187236235 0.530193856042305 2.31700135156188 -1.48356371323655 0.530193856042305 1.45754221388344
-2.24100936455234 0.530193856042305 2.30733818417247 -2.21268830824881 0.530193856042305 3.21323887238891 -1.46571823423156 0.530193856042305 3.21323887238896 -1.50020187236235 0.530193856042305 2.31700135156188
-1.46120550178317 -0.104827107992807 3.21323887238913 -1.49330459060173 -0.104827107992807 2.57745643292868 -0.744503897324108 -0.104827107992807 2.58717542581044 -0.771644839610437 -0.104827107992807 3.21323887238875
-1.49330459060173 -0.104827107992807 2.57745643292868 -1.47451705022734 -0.104827107992807 1.93538006444972 -0.790168370540032 -0.104827107992807 1.93541263131387 -0.744503897324108 -0.104827107992807 2.58717542581044
-1.47451705022734 -0.104827107992807 1.93538006444972 -1.4744499922593 -0.104827107992807 1.25729237714689 -0.732377757208404 -0.104827107992807 1.27984411750912 -0.790168370540032 -0.104827107992807 1.93541263131387
-1.4744499922593 -0.104827107992807 1.25729237714689 -1.47328795635531 -0.104827107992807 0.584413289620526 -0.746929795683735 -0.104827107992807 0.678703147531307 -0.732377757208404 -0.104827107992807 1.27984411750912
-1.47328795635531 -0.104827107992807 0.584413289620526 -1.46943376299737 -0.104827107992608 0 -0.726320338213648 -0.104827107992651 0 -0.746929795683735 -0.104827107992807 0.678703147531307
-1.46943376299737 -0.104827107992608 0 -1.46478767474601 0.530193856042356 0 -0.733261261416531 0.530193856042215 0 -0.726320338213648 -0.104827107992651 0
-1.46478767474601 0.530193856042356 0 -1.46860350432091 0.530193856042305 0.698758325122007 -0.711150598913108 0.530193856042305 0.702556327875428 -0.733261261416531 0.530193856042215 0
-1.46860350432091 0.530193856042305 0.698758325122007 -1.48356371323655 0.530193856042305 1.45754221388344 -0.751802546432174 0.530193856042305 1.45571067576162 -0.711150598913108 0.530193856042305 0.702556327875428
-1.48356371323655 0.530193856042305 1.45754221388344 -1.50020187236235 0.530193856042305 2.31700135156188 -0.761556700884614 0.530193856042305 2.3278400944126 -0.751802546432174 0.530193856042305 1.45571067576162
-1.50020187236235 0.530193856042305 2.31700135156188 -1.46571823423156 0.530193856042305 3.21323887238896 -0.762625871322982 0.530193856042305 3.21323887238879 -0.761556700884614 0.530193856042305 2.3278400944126
-0.771644839610437 -0.104827107992807 3.21323887238875 -0.744503897324108 -0.104827107992807 2.58717542581044 0 -0.104827107992807 2.58145789071935 0 -0.104827107992807 3.21323887238875
-0.744503897324108 -0.104827107992807 2.58717542581044 -0.790168370540032 -0.104827107992807 1.93541263131387 0 -0.104827107992807 1.94944841661676 0 -0.104827107992807 2.58145789071935
-0.790168370540032 -0.104827107992807 1.93541263131387 -0.732377757208404 -0.104827107992807 1.27984411750912 0 -0.104827107992807 1.26919273179786 0 -0.104827107992807 1.94944841661676
-0.732377757208404 -0.104827107992807 1.27984411750912 -0.746929795683735 -0.104827107992807 0.678703147531307 0 -0.104827107992807 0.58346363080973 0 -0.104827107992807 1.26919273179786
-0.746929795683735 -0.104827107992807 0.678703147531307 -0.726320338213648 -0.104827107992651 0 0 -0.104827107992707 0 0 -0.104827107992807 0.58346363080973
-0.726320338213648 -0.104827107992651 0 -0.733261261416531 0.530193856042215 0 0 0.530193856042247 0 0 -0.104827107992707 0
-0.733261261416531 0.530193856042215 0 -0.711150598913108 0.530193856042305 0.702556327875428 0 0.530193856042305 0.753319690955518 0 0.530193856042247 0
-0.711150598913108 0.530193856042305 0.702556327875428 -0.751802546432174 0.530193856042305 1.45571067576162 0 0.530193856042305 1.51836415948286 0 0.530193856042305 0.753319690955518
-0.751802546432174 0.530193856042305 1.45571067576162 -0.761556700884614 0.530193856042305 2.3278400944126 0 0.530193856042305 2.37262160708617 0 0.530193856042305 1.51836415948286
-0.761556700884614 0.530193856042305 2.3278400944126 -0.762625871322982 0.530193856042305 3.21323887238879 0 0.530193856042305 3.21323887238879 0 0.530193856042305 2.37262160708617
0 -0.104827107992807 3.21323887238875 0 -0.104827107992807 2.58145789071935 0.744503897324108 -0.104827107992807 2.58717542581044 0.771644839610437 -0.104827107992807 3.21323887238875
0 -0.104827107992807 2.58145789071935 0 -0.104827107992807 1.94944841661676 0.790168370540032 -0.104827107992807 1.93541263131387 0.744503897324108 -0.104827107992807 2.58717542581044
0 -0.104827107992807 1.94944841661676 0 -0.104827107992807 1.26919273179786 0.732377757208404 -0.104827107992807 1.27984411750912 0.790168370540032 -0.104827107992807 1.93541263131387
0 -0.104827107992807 1.26919273179786 0 -0.104827107992807 0.58346363080973 0.746929795683735 -0.104827107992807 0.678703147531307 0.732377757208404 -0.104827107992807 1.27984411750912
0 -0.104827107992807 0.58346363080973 0 -0.104827107992707 0 0.726320338213648 -0.104827107992651 0 0.746929795683735 -0.104827107992807 0.678703147531307
0 -0.104827107992707 0 0 0.530193856042247 0 0.733261261416531 0.530193856042215 0 0.726320338213648 -0.104827107992651 0
0 0.530193856042247 0 0 0.530193856042305 0.753319690955518 0.711150598913108 0.530193856042305 0.702556327875428 0.733261261416531 0.530193856042215 0
0 0.530193856042305 0.753319690955518 0 0.530193856042305 1.51836415948286 0.751802546432174 0.530193856042305 1.45571067576162 0.711150598913108 0.530193856042305 0.702556327875428
0 0.530193856042305 1.51836415948286 0 0.530193856042305 2.37262160708617 0.761556700884614 0.530193856042305 2.3278400944126 0.751802546432174 0.530193856042305 1.45571067576162
0 0.530193856042305 2.37262160708617 0 0.530193856042305 3.21323887238879 0.762625871322982 0.530193856042305 3.21323887238879 0.761556700884614 0.530193856042305 2.3278400944126
0.771644839610437 -0.104827107992807 3.21323887238875 0.744503897324108 -0.104827107992807 2.58717542581044 1.49330459060173 -0.104827107992807 2.57745643292868 1.46120550178317 -0.104827107992807 3.21323887238913
0.744503897324108 -0.104827107992807 2.58717542581044 0.790168370540032 -0.104827107992807 1.93541263131387 1.47451705022734 -0.104827107992807 1.93538006444972 1.49330459060173 -0.104827107992807 2.57745643292868
0.790168370540032 -0.104827107992807 1.93541263131387 0.732377757208404 -0.104827107992807 1.27984411750912 1.4744499922593 -0.104827107992807 1.25729237714689 1.47451705022734 -0.104827107992807 1.93538006444972
0.732377757208404 -0.104827107992807 1.27984411750912 0.746929795683735 -0.104827107992807 0.678703147531307 1.47328795635531 -0.104827107992807 0.584413289620526 1.4744499922593 -0.104827107992807 1.25729237714689
0.746929795683735 -0.104827107992807 0.678703147531307 0.726320338213648 -0.104827107992651 0 1.46943376299737 -0.104827107992608 0 1.47328795635531 -0.104827107992807 0.584413289620526
0.726320338213648 -0.104827107992651 0 0.733261261416531 0.530193856042215 0 1.46478767474601 0.530193856042356 0 1.46943376299737 -0.104827107992608 0
0.733261261416531 0.530193856042215 0 0.711150598913108 0.530193856042305 0.702556327875428 1.46860350432091 0.530193856042305 0.698758325122007 1.46478767474601 0.530193856042356 0
0.711150598913108 0.530193856042305 0.702556327875428 0.751802546432174 0.530193856042305 1.45571067576162 1.48356371323655 0.530193856042305 1.45754221388344 1.46860350432091 0.530193856042305 0.698758325122007
0.751802546432174 0.530193856042305 1.45571067576162 0.761556700884614 0.530193856042305 2.3278400944126 1.50020187236235 0.530193856042305 2.31700135156188 1.48356371323655 0.530193856042305 1.45754221388344
0.761556700884614 0.530193856042305 2.3278400944126 0.762625871322982 0.530193856042305 3.21323887238879 1.46571823423156 0.530193856042305 3.21323887238896 1.50020187236235 0.530193856042305 2.31700135156188
1.46120550178317 -0.104827107992807 3.21323887238913 1.49330459060173 -0.104827107992807 2.57745643292868 2.18304083752494 -0.104827107992807 2.5603255633861 2.15688798514141 -0.104827107992807 3.21323887238873
1.49330459060173 -0.104827107992807 2.57745643292868 1.47451705022734 -0.104827107992807 1.93538006444972 2.16796373692289 -0.104827107992807 1.94016089108837 2.18304083752494 -0.104827107992807 2.5603255633861
1.47451705022734 -0.104827107992807 1.93538006444972 1.4744499922593 -0.104827107992807 1.25729237714689 2.18096705279341 -0.104827107992807 1.31357588672967 2.16796373692289 -0.104827107992807 1.94016089108837
1.4744499922593 -0.104827107992807 1.25729237714689 1.47328795635531 -0.104827107992807 0.584413289620526 2.19207683646436 -0.104827107992807 0.700850178432083 2.18096705279341 -0.104827107992807 1.31357588672967
1.47328795635531 -0.104827107992807 0.584413289620526 1.46943376299737 -0.104827107992608 0 2.19389557966127 -0.104827107992427 0 2.19207683646436 -0.104827107992807 0.700850178432083
1.46943376299737 -0.104827107992608 0 1.46478767474601 0.530193856042356 0 2.19800940124127 0.53019385604219 0 2.19389557966127 -0.104827107992427 0
1.46478767474601 0.530193856042356 0 1.46860350432091 0.530193856042305 0.698758325122007 2.2149213709198 0.530193856042305 0.693111267085535 2.19800940124127 0.53019385604219 0
1.46860350432091 0.530193856042305 0.698758325122007 1.48356371323655 0.530193856042305 1.45754221388344 2.22768028253187 0.530193856042305 1.44433408624409 2.2149213709198 0.530193856042305 0.693111267085535
1.48356371323655 0.530193856042305 1.45754221388344 1.50020187236235 0.530193856042305 2.31700135156188 2.24100936455234 0.530193856042305 2.30733818417247 2.22768028253187 0.530193856042305 1.44433408624409
1.50020187236235 0.530193856042305 2.31700135156188 1.46571823423156 0.530193856042305 3.21323887238896 2.21268830824881 0.530193856042305 3.21323887238891 2.24100936455234 0.530193856042305 2.30733818417247
2.15688798514141 -0.104827107992807 3.21323887238873 2.18304083752494 -0.104827107992807 2.5603255633861 2.86471704638652 -0.104827107992807 2.58295537091026 2.83480702593866 -0.104827107992807 3.21323887238858
2.18304083752494 -0.104827107992807 2.5603255633861 2.16796373692289 -0.104827107992807 1.94016089108837 2.8582341934721 -0.104827107992807 1.94485487568621 2.86471704638652 -0.104827107992807 2.58295537091026
2.16796373692289 -0.104827107992807 1.94016089108837 2.18096705279341 -0.104827107992807 1.31357588672967 2.88686882823312 -0.104827107992807 1.26793635728423 2.8582341934721 -0.104827107992807 1.94485487568621
2.18096705279341 -0.104827107992807 1.31357588672967 2.19207683646436 -0.104827107992807 0.700850178432083 2.90316194837584 -0.104827107992807 0.595398144198741 2.88686882823312 -0.104827107992807 1.26793635728423
2.19207683646436 -0.104827107992807 0.700850178432083 2.19389557966127 -0.104827107992427 0 2.91621463763703 -0.104827107992917 0 2.90316194837584 -0.104827107992807 0.595398144198741
2.19389557966127 -0.104827107992427 0 2.19800940124127 0.53019385604219 0 2.94399546897325 0.530193856042294 0 2.91621463763703 -0.104827107992917 0
2.19800940124127 0.53019385604219 0 2.2149213709198 0.530193856042305 0.693111267085535 2.95531773636695 0.530193856042305 0.702464893166931 2.94399546897325 0.530193856042294 0
2.2149213709198 0.530193856042305 0.693111267085535 2.22768028253187 0.530193856042305 1.44433408624409 2.97180466660626 0.530193856042305 1.4669625950943 2.95531773636695 0.530193856042305 0.702464893166931
2.22768028253187 0.530193856042305 1.44433408624409 2.24100936455234 0.530193856042305 2.30733818417247 2.96133010895787 0.530193856042305 2.32364663219229 2.97180466660626 0.530193856042305 1.4669625950943
2.24100936455234 0.530193856042305 2.30733818417247 2.21268830824881 0.530193856042305 3.21323887238891 2.90709180357681 0.530193856042305 3.21323887238872 2.96133010895787 0.530193856042305 2.32364663219229
2.83480702593866 -0.104827107992807 3.21323887238858 2.86471704638652 -0.104827107992807 2.58295537091026 3.5473055280884 -0.104827107992807 2.57527723154907 3.52140400854173 -0.104827107992807 3.21323887238942
2.86471704638652 -0.104827107992807 2.58295537091026 2.8582341934721 -0.104827107992807 1.94485487568621 3.55296080685147 -0.104827107992807 1.94614042430324 3.5473055280884 -0.104827107992807 2.57527723154907
2.8582341934721 -0.104827107992807 1.94485487568621 2.88686882823312 -0.104827107992807 1.26793635728423 3.58211563207725 -0.104827107992807 1.31067151983546 3.55296080685147 -0.104827107992807 1.94614042430324
2.88686882823312 -0.104827107992807 1.26793635728423 2.90316194837584 -0.104827107992807 0.595398144198741 3.61252612792399 -0.104827107992807 0.694006799170831 3.58211563207725 -0.104827107992807 1.31067151983546
2.90316194837584 -0.104827107992807 0.595398144198741 2.91621463763703 -0.104827107992917 0 3.64475275516703 -0.104827107992442 0 3.61252612792399 -0.104827107992807 0.694006799170831
2.91621463763703 -0.104827107992917 0 2.94399546897325 0.530193856042294 0 3.68052956337644 0.530193856042315 0 3.64475275516703 -0.104827107992442 0
2.94399546897325 0.530193856042294 0 2.95531773636695 0.530193856042305 0.702464893166931 3.70524682179428 0.530193856042305 0.695154529087931 3.68052956337644 0.530193856042315 0
2.95531773636695 0.530193856042305 0.702464893166931 2.97180466660626 0.530193856042305 1.4669625950943 3.71110083901271 0.530193856042305 1.44336816073951 3.70524682179428 0.530193856042305 0.695154529087931
2.97180466660626 0.530193856042305 1.4669625950943 2.96133010895787 0.530193856042305 2.32364663219229 3.71497893655245 0.530193856042305 2.3134255033461 3.71110083901271 0.530193856042305 1.44336816073951
2.96133010895787 0.530193856042305 2.32364663219229 2.90709180357681 0.530193856042305 3.21323887238872 3.67271221044252 0.530193856042305 3.2132388723888 3.71497893655245 0.530193856042305 2.3134255033461
3.52140400854173 -0.104827107992807 3.21323887238942 3.5473055280884 -0.104827107992807 2.57527723154907 4.22477505582508 -0.104827107992807 2.58805228376089 4.19978012158408 -0.104827107992807 3.21323887238874
3.5473055280884 -0.104827107992807 2.57527723154907 3.55296080685147 -0.104827107992807 1.94614042430324 4.22730559834598 -0.104827107992807 1.95469281847686 4.22477505582508 -0.104827107992807 2.58805228376089
3.55296080685147 -0.104827107992807 1.94614042430324 3.58211563207725 -0.104827107992807 1.31067151983546 4.2757428410921 -0.104827107992807 1.27276000657611 4.22730559834598 -0.104827107992807 1.95469281847686
3.58211563207725 -0.104827107992807 1.31067151983546 3.61252612792399 -0.104827107992807 0.694006799170831 4.34194565253944 -0.104827107992807 0.597946988076807 4.2757428410921 -0.104827107992807 1.27276000657611
3.61252612792399 -0.104827107992807 0.694006799170831 3.64475275516703 -0.104827107992442 0 4.37161780450852 -0.104827107992808 0 4.34194565253944 -0.104827107992807 0.597946988076807
3.64475275516703 -0.104827107992442 0 3.68052956337644 0.530193856042315 0 4.45082025386031 0.530193856042246 0 4.37161780450852 -0.104827107992808 0
3.68052956337644 0.530193856042315 0 3.70524682179428 0.530193856042305 0.695154529087931 4.45120811166688 0.530193856042305 0.707326243117446 4.45082025386031 0.530193856042246 0
3.70524682179428 0.530193856042305 0.695154529087931 3.71110083901271 0.530193856042305 1.44336816073951 4.48692127014719 0.530193856042305 1.47267994669579 4.45120811166688 0.530193856042305 0.707326243117446
3.71110083901271 0.530193856042305 1.44336816073951 3.71497893655245 0.530193856042305 2.3134255033461 4.4385465989765 0.530193856042305 2.31365413557043 4.48692127014719 0.530193856042305 1.47267994669579
3.71497893655245 0.530193856042305 2.3134255033461 3.67271221044252 0.530193856042305 3.2132388723888 4.39312042035929 0.530193856042305 3.2132388723887 4.4385465989765 0.530193856042305 2.31365413557043
4.19978012158408 -0.104827107992807 3.21323887238874 4.22477505582508 -0.104827107992807 2.58805228376089 4.90753611735307 -0.104827107992807 2.58628718541868 4.8869169952585 -0.104827107992807 3.21323887238858
4.22477505582508 -0.104827107992807 2.58805228376089 4.22730559834598 -0.104827107992807 1.95469281847686 4.90659096209524 -0.104827107992807 1.94989941126959 4.90753611735307 -0.104827107992807 2.58628718541868
4.22730559834598 -0.104827107992807 1.95469281847686 4.2757428410921 -0.104827107992807 1.27276000657611 4.93400813140521 -0.104827107992807 1.30690378274079 4.90659096209524 -0.104827107992807 1.94989941126959
4.2757428410921 -0.104827107992807 1.27276000657611 4.34194565253944 -0.104827107992807 0.597946988076807 5.05782763728248 -0.104827107992807 0.672337011196746 4.93400813140521 -0.104827107992807 1.30690378274079
4.34194565253944 -0.104827107992807 0.597946988076807 4.37161780450852 -0.104827107992808 0 5.15650571521869 -0.104827107992813 0 5.05782763728248 -0.104827107992807 0.672337011196746
4.37161780450852 -0.104827107992808 0 4.45082025386031 0.530193856042246 0 5.17857801717053 0.530193856042247 0 5.15650571521869 -0.104827107992813 0
4.45082025386031 0.530193856042246 0 4.45120811166688 0.530193856042305 0.707326243117446 5.22497563105591 0.530193856042305 0.697666994539219 5.17857801717053 0.530193856042247 0
4.45120811166688 0.530193856042305 0.707326243117446 4.48692127014719 0.530193856042305 1.47267994669579 5.22685921105554 0.530193856042305 1.4595428579185 5.22497563105591 0.530193856042305 0.697666994539219
4.48692127014719 0.530193856042305 1.47267994669579 4.4385465989765 0.530193856042305 2.31365413557043 5.21972840165663 0.530193856042305 2.3408991891064 5.22685921105554 0.530193856042305 1.4595428579185
4.4385465989765 0.530193856042305 2.31365413557043 4.39312042035929 0.530193856042305 3.2132388723887 5.16450929026117 0.530193856042305 3.21323887238878 5.21972840165663 0.530193856042305 2.3408991891064
4.8869169952585 -0.104827107992807 3.21323887238858 4.90753611735307 -0.104827107992807 2.58628718541868 5.58631857661915 -0.104827107992807 2.60179626654087 5.57079102166925 -0.104827107992807 3.21323887238862
4.90753611735307 -0.104827107992807 2.58628718541868 4.90659096209524 -0.104827107992807 1.94989941126959 5.58185509581568 -0.104827107992807 1.98188632802801 5.58631857661915 -0.104827107992807 2.60179626654087
4.90659096209524 -0.104827107992807 1.94989941126959 4.93400813140521 -0.104827107992807 1.30690378274079 5.60661612230999 -0.104827107992807 1.29719212543921 5.58185509581568 -0.104827107992807 1.98188632802801
4.93400813140521 -0.104827107992807 1.30690378274079 5.05782763728248 -0.104827107992807 0.672337011196746 5.74351145952904 -0.104827107992807 0.628429987906314 5.60661612230999 -0.104827107992807 1.29719212543921
5.05782763728248 -0.104827107992807 0.672337011196746 5.15650571521869 -0.104827107992813 0 5.90661948956797 -0.104827107992678 0 5.74351145952904 -0.104827107992807 0.628429987906314
5.15650571521869 -0.104827107992813 0 5.17857801717053 0.530193856042247 0 5.99346345561936 0.530193856042347 0 5.90661948956797 -0.104827107992678 0
5.17857801717053 0.530193856042247 0 5.22497563105591 0.530193856042305 0.697666994539219 5.98086726645221 0.530193856042305 0.704333593449367 5.99346345561936 0.530193856042347 0
5.22497563105591 0.530193856042305 0.697666994539219 5.22685921105554 0.530193856042305 1.4595428579185 5.99836831437905 0.530193856042305 1.52624463086545 5.98086726645221 0.530193856042305 0.704333593449367
5.22685921105554 0.530193856042305 1.4595428579185 5.21972840165663 0.530193856042305 2.3408991891064 5.98154395628271 0.530193856042305 2.36640987407547 5.99836831437905 0.530193856042305 1.52624463086545
5.21972840165663 0.530193856042305 2.3408991891064 5.16450929026117 0.530193856042305 3.21323887238878 5.97773053650823 0.530193856042305 3.21323887238875 5.98154395628271 0.530193856042305 2.36640987407547
5.57079102166925 -0.104827107992807 3.21323887238862 5.58631857661915 -0.104827107992807 2.60179626654087 6.31479975458554 -0.104827107992807 2.59643173881684 6.26130497209462 -0.104827107992807 3.21323887238877
5.58631857661915 -0.104827107992807 2.60179626654087 5.58185509581568 -0.104827107992807 1.98188632802801 6.26482543424872 -0.104827107992807 1.99557432114661 6.31479975458554 -0.104827107992807 2.59643173881684
5.58185509581568 -0.104827107992807 1.98188632802801 5.60661612230999 -0.104827107992807 1.29719212543921 6.30230447672215 -0.104827107992807 1.39112677957417 6.26482543424872 -0.104827107992807 1.99557432114661
5.60661612230999 -0.104827107992807 1.29719212543921 5.74351145952904 -0.104827107992807 0.628429987906314 6.41821663061242 -0.104827107992807 0.717522422255904 6.30230447672215 -0.104827107992807 1.39112677957417
5.74351145952904 -0.104827107992807 0.628429987906314 5.90661948956797 -0.104827107992678 0 6.47500809343083 -0.104827107992807 0 6.41821663061242 -0.104827107992807 0.717522422255904
5.90661948956797 -0.104827107992678 0 5.99346345561936 0.530193856042347 0 6.75521474388504 0.530193856042305 0 6.47500809343083 -0.104827107992807 0
5.99346345561936 0.530193856042347 0 5.98086726645221 0.530193856042305 0.704333593449367 6.72640353746313 0.530193856042305 0.750076007477547 6.75521474388504 0.530193856042305 0
5.98086726645221 0.530193856042305 0.704333593449367 5.99836831437905 0.530193856042305 1.52624463086545 6.79527649563821 0.530193856042305 1.55292462874525 6.72640353746313 0.530193856042305 0.750076007477547
5.99836831437905 0.530193856042305 1.52624463086545 5.98154395628271 0.530193856042305 2.36640987407547 6.84780934389696 0.530193856042305 2.33410578423479 6.79527649563821 0.530193856042305 1.55292462874525
5.98154395628271 0.530193856042305 2.36640987407547 5.97773053650823 0.530193856042305 3.21323887238875 6.80652429142738 0.530193856042305 3.21323887238879 6.84780934389696 0.530193856042305 2.33410578423479
6.26130497209462 -0.104827107992807 3.21323887238877 6.31479975458554 -0.104827107992807 2.59643173881684 7.03133349488168 -0.104827107992807 2.62986886371369 7.0313334948817 -0.104827107992807 3.21323887238875
6.31479975458554 -0.104827107992807 2.59643173881684 6.26482543424872 -0.104827107992807 1.99557432114661 7.03133349488168 -0.104827107992807 2.03983884334182 7.03133349488168 -0.104827107992807 2.62986886371369
6.26482543424872 -0.104827107992807 1.99557432114661 6.30230447672215 -0.104827107992807 1.39112677957417 7.03133349488168 -0.104827107992807 1.53972467725531 7.03133349488168 -0.104827107992807 2.03983884334182
6.30230447672215 -0.104827107992807 1.39112677957417 6.41821663061242 -0.104827107992807 0.717522422255904 7.0313334948817 -0.104827107992807 0.900295933316981 7.03133349488168 -0.104827107992807 1.53972467725531
6.41821663061242 -0.104827107992807 0.717522422255904 6.47500809343083 -0.104827107992807 0 7.03133349488176 -0.104827107992741 0 7.0313334948817 -0.104827107992807 0.900295933316981
6.47500809343083 -0.104827107992807 0 6.75521474388504 0.530193856042305 0 7.66635445891677 0.530193856042217 0 7.03133349488176 -0.104827107992741 0
6.75521474388504 0.530193856042305 0 6.72640353746313 0.530193856042305 0.750076007477547 7.66635445891677 0.530193856042305 0.683788086076794 7.66635445891677 0.530193856042217 0
6.72640353746313 0.530193856042305 0.750076007477547 6.79527649563821 0.530193856042305 1.55292462874525 7.66635445891677 0.530193856042305 1.44082600352866 7.66635445891677 0.530193856042305 0.683788086076794
6.79527649563821 0.530193856042305 1.55292462874525 6.84780934389696 0.530193856042305 2.33410578423479 7.66635445891675 0.530193856042305 2.31383429526565 7.66635445891677 0.530193856042305 1.44082600352866
6.84780934389696 0.530193856042305 2.33410578423479 6.80652429142738 0.530193856042305 3.21323887238879 7.66635445891678 0.530193856042305 3.21323887238881 7.66635445891675 0.530193856042305 2.31383429526565
