0 1 14 0 3
1 1 16 0 3
2 1 18 0 3
3 1 20 0 3
4 1 22 0 3
5 1 24 0 3
6 1 26 0 3
7 1 28 0 3
8 1 30 0 3
9 1 32 0 3
10 1 34 0 3
11 1 12 0 3
13 2 38 1 3
38 2 39 2 3
39 0 15 2 3
15 3 14 1 3
14 2 13 0 3
15 2 40 1 3
40 2 41 2 3
41 0 17 2 3
17 3 16 1 3
16 2 15 0 3
17 2 42 1 3
42 2 43 2 3
43 0 19 2 3
19 3 18 1 3
18 2 17 0 3
19 2 44 1 3
44 2 45 2 3
45 0 21 2 3
21 3 20 1 3
20 2 19 0 3
21 2 46 1 3
46 2 47 2 3
47 0 23 2 3
23 3 22 1 3
22 2 21 0 3
23 2 48 1 3
48 2 49 2 3
49 0 25 2 3
25 3 24 1 3
24 2 23 0 3
25 2 50 1 3
50 2 51 2 3
51 0 27 2 3
27 3 26 1 3
26 2 25 0 3
27 2 52 1 3
52 2 53 2 3
53 0 29 2 3
29 3 28 1 3
28 2 27 0 3
29 2 54 1 3
54 2 55 2 3
55 0 31 2 3
31 3 30 1 3
30 2 29 0 3
31 2 56 1 3
56 2 57 2 3
57 0 33 2 3
33 3 32 1 3
32 2 31 0 3
33 2 58 1 3
58 2 59 2 3
59 0 35 2 3
35 3 34 1 3
34 2 33 0 3
35 2 36 1 3
36 2 37 2 3
37 0 13 2 3
13 3 12 1 3
12 2 35 0 3
37 1 62 2 3
39 1 66 2 3
41 1 70 2 3
43 1 74 2 3
45 1 78 2 3
47 1 82 2 3
49 1 86 2 3
51 1 90 2 3
53 1 94 2 3
55 1 98 2 3
57 1 102 2 3
59 1 106 2 3
60 0 61 0 3
61 1 62 1 3
62 0 63 0 3
63 1 64 1 3
64 0 65 0 3
65 1 66 1 3
66 0 67 0 3
67 1 68 1 3
68 0 69 0 3
69 1 70 1 3
70 0 71 0 3
71 1 72 1 3
72 0 73 0 3
73 1 74 1 3
74 0 75 0 3
75 1 76 1 3
76 0 77 0 3
77 1 78 1 3
78 0 79 0 3
79 1 80 1 3
80 0 81 0 3
81 1 82 1 3
82 0 83 0 3
83 1 84 1 3
84 0 85 0 3
85 1 86 1 3
86 0 87 0 3
87 1 88 1 3
88 0 89 0 3
89 1 90 1 3
90 0 91 0 3
91 1 92 1 3
92 0 93 0 3
93 1 94 1 3
94 0 95 0 3
95 1 96 1 3
96 0 97 0 3
97 1 98 1 3
98 0 99 0 3
99 1 100 1 3
100 0 101 0 3
101 1 102 1 3
102 0 103 0 3
103 1 104 1 3
104 0 105 0 3
105 1 106 1 3
106 0 107 0 3
107 1 60 1 3
