1.802468 2.187822 0.000997 1.893377 2.375318 0.002479 1.685543 2.360284 0.003565
1.898355 2.190589 0.003375 2.089821 2.272820 0.003194 1.922875 2.397519 0.002577
2.065068 2.100230 0.002389 2.273438 2.098215 0.002464 2.170998 2.279673 0.001817
2.130167 1.999233 0.002530 2.293932 1.870384 0.003008 2.323636 2.076634 0.002196
2.145673 1.772474 0.001057 2.261963 1.599564 0.001029 2.353562 1.786726 0.002080
2.088545 1.654916 0.003539 2.089042 1.446537 0.003757 2.269253 1.551157 0.003464
1.971745 1.577070 0.001063 1.859447 1.401556 0.003388 2.067610 1.392063 0.002981
1.804097 1.571810 0.000810 1.624017 1.466979 0.002548 1.804842 1.363432 0.001318
1.680184 1.636015 0.001576 1.471989 1.644776 0.001878 1.568500 1.460095 0.001853
1.615039 1.737904 0.001578 1.457284 1.874046 0.001715 1.418262 1.669354 0.002573
1.598946 1.995138 0.003166 1.473164 2.161270 0.003849 1.392179 1.969273 0.003937
1.639345 2.077446 0.001572 1.654007 2.285308 0.002519 1.466665 2.194070 0.002902
1.653304 2.287492 0.003093 1.480165 2.403425 0.005036 1.466329 2.195509 0.003850
1.685310 2.362016 0.003991 1.728320 2.565907 0.004082 1.524429 2.608917 0.004668 1.481420 2.405026 0.004577
1.894247 2.377145 0.002928 1.776761 2.549238 0.004463 1.686460 2.361445 0.003448
1.922297 2.399110 0.003332 2.073076 2.542939 0.003520 1.929247 2.693716 0.004650 1.778468 2.549886 0.004462
2.090858 2.274567 0.002123 2.113715 2.481689 0.001930 1.922921 2.397923 0.003478
2.171026 2.282293 0.001357 2.371769 2.338184 0.000866 2.315880 2.538928 0.001599 2.115136 2.483036 0.002090
2.275293 2.099125 0.001690 2.381101 2.278642 0.001464 2.172731 2.280514 0.002472
2.326031 2.076464 0.001638 2.526746 2.020493 0.003110 2.582720 2.221212 0.002902 2.382005 2.277183 0.001430
2.296016 1.870126 0.002439 2.489453 1.947609 0.002277 2.325634 2.076391 0.002101
2.355211 1.785297 0.001577 2.515110 1.651689 0.003113 2.648718 1.811595 0.003771 2.488819 1.945203 0.002235
2.263778 1.598278 0.001545 2.471583 1.613706 0.002759 2.354323 1.785956 0.001596
2.270561 1.549034 0.003120 2.333864 1.350502 0.002995 2.532396 1.413805 0.003479 2.469092 1.612337 0.003604
2.090018 1.444700 0.002783 2.270890 1.341228 0.002814 2.270062 1.549606 0.003352
2.067347 1.391682 0.003551 2.017107 1.189451 0.003338 2.219335 1.139213 0.002130 2.269575 1.341444 0.002343
1.859415 1.400442 0.002817 1.956166 1.215887 0.003130 2.067622 1.391952 0.003069
1.804477 1.360060 0.002112 1.659551 1.210334 0.001912 1.809277 1.065408 0.002426 1.954202 1.215135 0.002626
1.623331 1.465020 0.001247 1.624085 1.256648 0.002903 1.804165 1.361493 0.002806
1.567126 1.459389 0.002584 1.366129 1.404418 0.001957 1.421098 1.203420 0.002666 1.622095 1.258391 0.003293
1.470219 1.643783 0.001326 1.358919 1.467625 0.002810 1.567133 1.459315 0.002301
1.416276 1.668347 0.002663 1.216535 1.727718 0.002926 1.157164 1.527977 0.002675 1.356905 1.468606 0.002412
1.455089 1.874943 0.002372 1.258755 1.805131 0.003116 1.417377 1.670005 0.002059
1.389378 1.969811 0.001930 1.227165 2.100594 0.003969 1.096386 1.938369 0.005049 1.258598 1.807586 0.003010
1.471366 2.162350 0.003479 1.264695 2.135717 0.003615 1.391095 1.970054 0.003158
1.464574 2.194227 0.003987 1.408097 2.394808 0.004370 1.207522 2.338329 0.005810 1.263999 2.137749 0.005428
1.144586 2.538640 0.004997 1.206417 2.339648 0.004105 1.347833 2.492689 0.005589
1.522205 2.608692 0.005946 1.336317 2.702862 0.005714 1.347710 2.494797 0.004999
1.559819 2.814973 0.005650 1.521554 2.610139 0.006039 1.718074 2.679414 0.004476
1.927426 2.694883 0.003980 1.811508 2.868041 0.004735 1.719510 2.681070 0.005179
2.079086 2.840945 0.004755 1.928703 2.696704 0.003384 2.128814 2.638600 0.002564
2.314165 2.541069 0.001584 2.308178 2.749357 0.002811 2.130784 2.640031 0.002162
2.516609 2.599163 0.001869 2.316415 2.541338 0.001556 2.466591 2.396877 0.002127
2.583752 2.222973 0.002154 2.676931 2.409360 0.002029 2.468929 2.396861 0.002504
2.786672 2.170944 0.003028 2.584769 2.222489 0.002946 2.641080 2.021865 0.002120
2.650624 1.812122 0.002124 2.825271 1.925781 0.003199 2.639511 2.020201 0.002945
2.811196 1.677997 0.004080 2.649875 1.809891 0.002828 2.616316 1.604233 0.002611
2.533486 1.411188 0.002949 2.740070 1.438469 0.002562 2.613154 1.603737 0.002645
2.597246 1.213528 0.002611 2.532323 1.411534 0.002881 2.393306 1.256303 0.003164
2.220152 1.136385 0.003325 2.408779 1.047829 0.002958 2.391152 1.255459 0.002067
2.171984 0.934185 0.003074 2.219980 1.136960 0.003212 2.020374 1.077142 0.002554
1.811878 1.064953 0.002377 1.924959 0.889930 0.003335 2.019991 1.075378 0.003646
1.671540 0.907861 0.003056 1.810800 1.062874 0.003115 1.606928 1.105968 0.002379
1.420500 1.201413 0.001671 1.429044 0.993214 0.002936 1.605077 1.104719 0.003591
1.217553 1.150223 0.002986 1.419099 1.203135 0.003957 1.272503 1.351225 0.002802
1.157223 1.526140 0.003758 1.062726 1.340419 0.003323 1.270806 1.351450 0.001855
0.954721 1.576436 0.003833 1.157437 1.528196 0.002969 1.097857 1.727875 0.003069
1.094986 1.937074 0.003072 0.917513 1.827881 0.004203 1.100815 1.728778 0.003066
0.931590 2.065995 0.004699 1.095653 1.937522 0.004371 1.124879 2.143839 0.003879
1.205905 2.336713 0.004118 0.998934 2.312563 0.005138 1.123334 2.145393 0.005147
0.948493 2.845649 0.007157 0.851183 2.661388 0.007246 1.059414 2.669248 0.006496
0.948264 2.846514 0.007744 1.152106 2.803274 0.006712 1.087630 3.001426 0.006910
1.330775 2.910085 0.006531 1.153036 2.801320 0.007013 1.336100 2.701776 0.006130
1.330950 2.912501 0.006814 1.318020 3.120474 0.007913 1.110049 3.107536 0.009345 1.122979 2.899562 0.008246
1.523572 3.163866 0.006017 1.320028 3.119263 0.007356 1.460428 2.965286 0.006958
1.523167 3.165796 0.005796 1.686875 3.036875 0.005031 1.716666 3.243114 0.004558
1.896776 3.057476 0.004037 1.689285 3.038312 0.005195 1.809624 2.868197 0.004434
1.895742 3.059473 0.004762 1.976562 3.251539 0.004714 1.784496 3.332358 0.005355 1.703677 3.140292 0.005402
2.133912 3.112052 0.003805 1.978683 3.251071 0.004120 1.935906 3.047131 0.004234
2.134280 3.114936 0.003937 2.267632 2.954834 0.003710 2.339619 3.150398 0.003229
2.465816 2.883941 0.003331 2.269804 2.954571 0.004005 2.306618 2.749492 0.002467
2.466034 2.885900 0.003417 2.635668 3.006921 0.004298 2.514645 3.176555 0.004584 2.345029 3.055510 0.003703
2.692846 2.804661 0.003154 2.637260 3.005486 0.004273 2.491133 2.856939 0.002604
2.694511 2.806818 0.003135 2.749492 2.605824 0.002126 2.896066 2.753932 0.003427
2.881096 2.441700 0.002157 2.751504 2.604876 0.003109 2.674985 2.411054 0.002689
2.883012 2.443207 0.003501 3.091171 2.433725 0.004746 3.100654 2.641887 0.004439 2.892496 2.651368 0.003193
3.093990 2.223293 0.004520 3.091835 2.431658 0.003630 2.912461 2.325609 0.003488
3.096869 2.224281 0.003689 2.999922 2.039829 0.003732 3.208136 2.048099 0.004620
3.011100 1.829187 0.003096 2.999719 2.037253 0.002742 2.825217 1.923365 0.002919
3.013501 1.829926 0.002684 3.186587 1.713897 0.002691 3.302615 1.886982 0.003307 3.129529 2.003011 0.003299
3.150859 1.507584 0.002061 3.185388 1.713080 0.003147 2.990164 1.640241 0.001315
3.151970 1.505322 0.001640 2.948309 1.461238 0.002113 3.088316 1.306902 0.001719
2.862603 1.268321 0.002630 2.946491 1.459066 0.001389 2.739362 1.436347 0.003044
2.864916 1.268159 0.002877 2.934526 1.071750 0.002486 3.130933 1.141361 0.001698 3.061324 1.337770 0.002088
2.798543 0.912304 0.002478 2.932184 1.072184 0.002735 2.726904 1.107975 0.003958
2.800147 0.909721 0.002132 2.597516 0.958333 0.002224 2.656733 0.758547 0.001629
2.423495 0.839770 0.001782 2.595343 0.957622 0.002599 2.407352 1.047520 0.002713
2.425606 0.838735 0.002560 2.418239 0.630488 0.002802 2.626482 0.623119 0.001423 2.633849 0.831367 0.001181
2.210535 0.595729 0.004753 2.416092 0.629754 0.001650 2.283885 0.790770 0.005713
2.211642 0.592301 0.003506 2.046286 0.719096 0.004803 2.019156 0.512490 0.004458
1.836238 0.702228 0.003856 2.043915 0.719312 0.003671 1.925283 0.890624 0.003643
1.837701 0.700091 0.003435 1.732296 0.520338 0.003747 1.912049 0.414934 0.004089 2.017454 0.594687 0.003777
1.541727 0.609193 0.004045 1.730227 0.520369 0.004510 1.712898 0.728025 0.004903
1.541234 0.606013 0.004465 1.434409 0.784924 0.003526 1.332881 0.602953 0.003028
1.250415 0.884290 0.002551 1.434663 0.786953 0.003109 1.426834 0.995184 0.002900
1.249186 0.885049 0.002451 1.040841 0.881224 0.002416 1.044665 0.672881 0.003301 1.253010 0.676706 0.003335
0.856626 0.977638 0.001299 1.042402 0.883269 0.003091 1.031244 1.091346 0.001910
0.854510 0.978659 0.001597 0.955429 1.160968 0.002512 0.747089 1.157214 0.001217
0.854292 1.342873 0.002892 0.957334 1.161758 0.001741 1.062666 1.341555 0.002549
0.852758 1.344327 0.001276 0.695476 1.481015 0.001601 0.558788 1.323734 0.001184 0.716070 1.187046 0.000859
0.551150 1.628681 0.002260 0.698470 1.481309 0.002333 0.752439 1.682576 0.002963
0.549618 1.630595 0.003061 0.738597 1.718387 0.002120 0.568084 1.838151 0.004141
0.733070 1.928046 0.003696 0.740306 1.719794 0.003231 0.917041 1.830185 0.003448
0.732452 1.927797 0.004371 0.634438 2.111678 0.005873 0.450550 2.013668 0.004971 0.548565 1.829787 0.003470
0.603475 2.317673 0.007105 0.636304 2.111900 0.005687 0.798095 2.243219 0.006138
0.603465 2.318686 0.006400 0.799281 2.247431 0.006116 0.763084 2.452639 0.007157
0.845319 2.452121 0.006895 0.800544 2.248611 0.005795 0.999174 2.311596 0.005131
0.842985 2.452283 0.007690 0.849300 2.660567 0.008002 0.641018 2.666881 0.008933 0.634702 2.458597 0.008621
