1.84248 2.14444 0 1.9466700000000001 2.3249 0 1.7382900000000001 2.3249 0
1.9466700000000001 2.11652 0 2.12713 2.22071 0 1.9466700000000001 2.3249 0
2.02294 2.04025 0 2.23132 2.04025 0 2.12713 2.22071 0
2.05086 1.93606 0 2.23132 1.83187 0 2.23132 2.04025 0
2.02294 1.83187 0 2.12713 1.65141 0 2.23132 1.83187 0
1.9466700000000001 1.7556 0 1.9466700000000001 1.54722 0 2.12713 1.65141 0
1.84248 1.72768 0 1.7382900000000001 1.54722 0 1.9466700000000001 1.54722 0
1.7382900000000001 1.7556 0 1.5578299999999998 1.65141 0 1.7382900000000001 1.54722 0
1.66202 1.83187 0 1.45364 1.83187 0 1.5578299999999998 1.65141 0
1.6341 1.93606 0 1.45364 2.04025 0 1.45364 1.83187 0
1.66202 2.04025 0 1.5578299999999998 2.22071 0 1.45364 2.04025 0
1.7382900000000001 2.11652 0 1.7382900000000001 2.3249 0 1.5578299999999998 2.22071 0
1.7382900000000001 2.3249 0 1.5578299999999998 2.42909 0 1.5578299999999998 2.22071 0
1.7382900000000001 2.3249 0 1.84248 2.50536 0 1.66202 2.60955 0 1.5578299999999998 2.42909 0
1.9466700000000001 2.3249 0 1.84248 2.50536 0 1.7382900000000001 2.3249 0
1.9466700000000001 2.3249 0 2.12713 2.42909 0 2.02294 2.60955 0 1.84248 2.50536 0
2.12713 2.22071 0 2.12713 2.42909 0 1.9466700000000001 2.3249 0
2.12713 2.22071 0 2.3355099999999998 2.22071 0 2.3355099999999998 2.42909 0 2.12713 2.42909 0
2.23132 2.04025 0 2.3355099999999998 2.22071 0 2.12713 2.22071 0
2.23132 2.04025 0 2.41178 1.93606 0 2.5159700000000003 2.11652 0 2.3355099999999998 2.22071 0
2.23132 1.83187 0 2.41178 1.93606 0 2.23132 2.04025 0
2.23132 1.83187 0 2.3355099999999998 1.65141 0 2.5159700000000003 1.7556 0 2.41178 1.93606 0
2.12713 1.65141 0 2.3355099999999998 1.65141 0 2.23132 1.83187 0
2.12713 1.65141 0 2.12713 1.44303 0 2.3355099999999998 1.44303 0 2.3355099999999998 1.65141 0
1.9466700000000001 1.54722 0 2.12713 1.44303 0 2.12713 1.65141 0
1.9466700000000001 1.54722 0 1.84248 1.36676 0 2.02294 1.26257 0 2.12713 1.44303 0
1.7382900000000001 1.54722 0 1.84248 1.36676 0 1.9466700000000001 1.54722 0
1.7382900000000001 1.54722 0 1.5578299999999998 1.44303 0 1.66202 1.26257 0 1.84248 1.36676 0
1.5578299999999998 1.65141 0 1.5578299999999998 1.44303 0 1.7382900000000001 1.54722 0
1.5578299999999998 1.65141 0 1.34945 1.65141 0 1.34945 1.44303 0 1.5578299999999998 1.44303 0
1.45364 1.83187 0 1.34945 1.65141 0 1.5578299999999998 1.65141 0
1.45364 1.83187 0 1.27318 1.93606 0 1.16899 1.7556 0 1.34945 1.65141 0
1.45364 2.04025 0 1.27318 1.93606 0 1.45364 1.83187 0
1.45364 2.04025 0 1.34945 2.22071 0 1.16899 2.11652 0 1.27318 1.93606 0
1.5578299999999998 2.22071 0 1.34945 2.22071 0 1.45364 2.04025 0
1.5578299999999998 2.22071 0 1.5578299999999998 2.42909 0 1.34945 2.42909 0 1.34945 2.22071 0
1.45364 2.60955 0 1.34945 2.42909 0 1.5578299999999998 2.42909 0
1.66202 2.60955 0 1.45364 2.60955 0 1.5578299999999998 2.42909 0
1.84248 2.7137400000000005 0 1.66202 2.60955 0 1.84248 2.50536 0
2.02294 2.60955 0 1.84248 2.7137400000000005 0 1.84248 2.50536 0
2.23132 2.60955 0 2.02294 2.60955 0 2.12713 2.42909 0
2.3355099999999998 2.42909 0 2.23132 2.60955 0 2.12713 2.42909 0
2.5159700000000003 2.3249 0 2.3355099999999998 2.42909 0 2.3355099999999998 2.22071 0
2.5159700000000003 2.11652 0 2.5159700000000003 2.3249 0 2.3355099999999998 2.22071 0
2.6201600000000003 1.93606 0 2.5159700000000003 2.11652 0 2.41178 1.93606 0
2.5159700000000003 1.7556 0 2.6201600000000003 1.93606 0 2.41178 1.93606 0
2.5159700000000003 1.54722 0 2.5159700000000003 1.7556 0 2.3355099999999998 1.65141 0
2.3355099999999998 1.44303 0 2.5159700000000003 1.54722 0 2.3355099999999998 1.65141 0
2.23132 1.26257 0 2.3355099999999998 1.44303 0 2.12713 1.44303 0
2.02294 1.26257 0 2.23132 1.26257 0 2.12713 1.44303 0
1.84248 1.15838 0 2.02294 1.26257 0 1.84248 1.36676 0
1.66202 1.26257 0 1.84248 1.15838 0 1.84248 1.36676 0
1.45364 1.26257 0 1.66202 1.26257 0 1.5578299999999998 1.44303 0
1.34945 1.44303 0 1.45364 1.26257 0 1.5578299999999998 1.44303 0
1.16899 1.54722 0 1.34945 1.44303 0 1.34945 1.65141 0
1.16899 1.7556 0 1.16899 1.54722 0 1.34945 1.65141 0
1.0648 1.93606 0 1.16899 1.7556 0 1.27318 1.93606 0
1.16899 2.11652 0 1.0648 1.93606 0 1.27318 1.93606 0
1.16899 2.3249 0 1.16899 2.11652 0 1.34945 2.22071 0
1.34945 2.42909 0 1.16899 2.3249 0 1.34945 2.22071 0
1.45364 2.60955 0 1.27318 2.7137400000000005 0 1.27318 2.50536 0
1.45364 2.60955 0 1.45364 2.81793 0 1.27318 2.7137400000000005 0
1.6341 2.7137400000000005 0 1.45364 2.81793 0 1.45364 2.60955 0
1.6341 2.7137400000000005 0 1.7382900000000001 2.8942 0 1.5578299999999998 2.99839 0 1.45364 2.81793 0
1.84248 2.7137400000000005 0 1.7382900000000001 2.8942 0 1.6341 2.7137400000000005 0
1.84248 2.7137400000000005 0 1.9466700000000001 2.8942 0 1.7382900000000001 2.8942 0
2.05086 2.7137400000000005 0 1.9466700000000001 2.8942 0 1.84248 2.7137400000000005 0
2.05086 2.7137400000000005 0 2.23132 2.81793 0 2.12713 2.99839 0 1.9466700000000001 2.8942 0
2.23132 2.60955 0 2.23132 2.81793 0 2.05086 2.7137400000000005 0
2.23132 2.60955 0 2.41178 2.71371 0 2.23132 2.81793 0
2.41178 2.50536 0 2.41178 2.71371 0 2.23132 2.60955 0
2.41178 2.50536 0 2.6201600000000003 2.50536 0 2.6201600000000003 2.7137400000000005 0 2.41178 2.71371 0
2.5159700000000003 2.3249 0 2.6201600000000003 2.50536 0 2.41178 2.50536 0
2.5159700000000003 2.3249 0 2.7243500000000003 2.3249 0 2.6201600000000003 2.50536 0
2.6201600000000003 2.14444 0 2.7243500000000003 2.3249 0 2.5159700000000003 2.3249 0
2.6201600000000003 2.14444 0 2.8006200000000003 2.04025 0 2.90481 2.22071 0 2.7243500000000003 2.3249 0
2.6201600000000003 1.93606 0 2.8006200000000003 2.04025 0 2.6201600000000003 2.14444 0
2.6201600000000003 1.93606 0 2.8006200000000003 1.83187 0 2.8006200000000003 2.04025 0
2.6201600000000003 1.72768 0 2.8006200000000003 1.83187 0 2.6201600000000003 1.93606 0
2.6201600000000003 1.72768 0 2.7243500000000003 1.54722 0 2.90481 1.65141 0 2.8006200000000003 1.83187 0
2.5159700000000003 1.54722 0 2.7243500000000003 1.54722 0 2.6201600000000003 1.72768 0
2.5159700000000003 1.54722 0 2.6201600000000003 1.36676 0 2.7243500000000003 1.54722 0
2.41178 1.36676 0 2.6201600000000003 1.36676 0 2.5159700000000003 1.54722 0
2.41178 1.36676 0 2.41178 1.15838 0 2.6201600000000003 1.15838 0 2.6201600000000003 1.36676 0
2.23132 1.26257 0 2.41178 1.15838 0 2.41178 1.36676 0
2.23132 1.26257 0 2.23132 1.05419 0 2.41178 1.15838 0
2.05086 1.15838 0 2.23132 1.05419 0 2.23132 1.26257 0
2.05086 1.15838 0 1.9466700000000001 0.97792 0 2.12713 0.8737300000000001 0 2.23132 1.05419 0
1.84248 1.15838 0 1.9466700000000001 0.97792 0 2.05086 1.15838 0
1.84248 1.15838 0 1.7382900000000001 0.97792 0 1.9466700000000001 0.97792 0
1.6341 1.15838 0 1.7382900000000001 0.97792 0 1.84248 1.15838 0
1.6341 1.15838 0 1.45364 1.05419 0 1.5578299999999998 0.8737300000000001 0 1.7382900000000001 0.97792 0
1.45364 1.26257 0 1.45364 1.05419 0 1.6341 1.15838 0
1.45364 1.26257 0 1.27318 1.15838 0 1.45364 1.05419 0
1.27318 1.36676 0 1.27318 1.15838 0 1.45364 1.26257 0
1.27318 1.36676 0 1.0648 1.36676 0 1.0648 1.15838 0 1.27318 1.15838 0
1.16899 1.54722 0 1.0648 1.36676 0 1.27318 1.36676 0
1.16899 1.54722 0 0.9606100000000001 1.54722 0 1.0648 1.36676 0
1.0648 1.72768 0 0.9606100000000001 1.54722 0 1.16899 1.54722 0
1.0648 1.72768 0 0.88434 1.83187 0 0.78015 1.65141 0 0.9606100000000001 1.54722 0
1.0648 1.93606 0 0.88434 1.83187 0 1.0648 1.72768 0
1.0648 1.93606 0 0.88434 2.04025 0 0.88434 1.83187 0
1.0648 2.14444 0 0.88434 2.04025 0 1.0648 1.93606 0
1.0648 2.14444 0 0.9606100000000001 2.3249 0 0.78015 2.22071 0 0.88434 2.04025 0
1.16899 2.3249 0 0.9606100000000001 2.3249 0 1.0648 2.14444 0
1.16899 2.3249 0 1.0648 2.50536 0 0.9606100000000001 2.3249 0
1.27318 2.50536 0 1.0648 2.50536 0 1.16899 2.3249 0
1.27318 2.50536 0 1.27318 2.7137400000000005 0 1.0648 2.7137400000000005 0 1.0648 2.50536 0
